12c12
< (11)(001010110100101110111101)(0001011101100011011)(000101001110101111)(0000101001101100010111)
---
> (11)(001010110100101110111101)(0001011101100011011000101001110101111)(0000101001101100010111)
15c15
< (1)(00101011)(001)(0000110011011100111111101)(0000000111011)
---
> (1)(00101011001)(0000110011011100111111101)(0000000111011)
17c17
< (0111)(011)(01)(00011)(00001011)(00001001010100010010111110110011100110011111001110001001)(0)
---
> (0111)(011)(01)(00011)(0000101100001001010100010010111110110011100110011111001110001001)(0)
23,24c23,24
< (1)(01)(0001010001111111)(0001000100100100100110010001111001)(000011110101111100111010001)(0)
< (0011011101110111010101)(001001100111)(001)(00000001111000001101001111010111)(00000001000101010001)(0)
---
> (1)(01)(00010100011111110001000100100100100110010001111001)(000011110101111100111010001)(0)
> (0011011101110111010101)(001001100111001)(00000001111000001101001111010111)(00000001000101010001)(0)
38c38
< (000100101011111111110101100110011)(000010011011000100011101011011101101111)(0000100100101110010111001)
---
> (000100101011111111110101100110011)(0000100110110001000111010110111011011110000100100101110010111001)
41,42c41,42
< (111)(0011001100110011101)(0010110111101)(001001)(000101101)(0000111)(00000100110101011000101101011011111011)(0)
< (1)(01)(00101010011010101)(00010111001)(0001)(000010100011011111101010111010000110010001)
---
> (111)(0011001100110011101)(0010110111101001001)(000101101)(0000111)(00000100110101011000101101011011111011)(0)
> (1)(01)(00101010011010101)(000101110010001)(000010100011011111101010111010000110010001)
57c57
< (000011010111010001)(0000110101101011010010011011)(0000100010111110011100101110101000100110010110110111)
---
> (0000110101110100010000110101101011010010011011)(0000100010111110011100101110101000100110010110110111)
61c61
< (11)(0000100011101111000100001010011101)(00001)(0000001000100001000110110011101011)(0)
---
> (11)(000010001110111100010000101001110100001)(0000001000100001000110110011101011)(0)
65c65
< (01)(00100101011110110101)(001001)(000011101001111)(0000101)(0000011001110101)(000001010001101001010101011001)(000)
---
> (01)(00100101011110110101001001)(000011101001111)(0000101)(0000011001110101)(000001010001101001010101011001)(000)
68c68
< (1)(010111111)(010101111)(000011100101101101010001111001011011110110101101011)(0000011010110101110100101)
---
> (1)(010111111010101111)(000011100101101101010001111001011011110110101101011)(0000011010110101110100101)
76,77c76,77
< (1)(011)(01)(00101011111)(00101)(000111)(0000111010101011)(00000101)(000000111011010010000111)(000000)
< (00101010100101111101001101111111)(0001100111101010111)(0001100100011110101111011)(000101010101)
---
> (1)(011)(01)(0010101111100101)(000111)(0000111010101011)(00000101)(000000111011010010000111)(000000)
> (00101010100101111101001101111111)(00011001111010101110001100100011110101111011)(000101010101)
90c90
< (0001010010110111101)(000101)(000011111111)(000000001010010001011001101)
---
> (0001010010110111101000101)(000011111111)(000000001010010001011001101)
94c94
< (11)(000110011001)(000000100000101000110001001010001110001)(0000001)(00)
---
> (11)(000110011001)(0000001000001010001100010010100011100010000001)(00)
96,97c96,97
< (01)(000101110100100011)(0001)(00000101111001111111001)(00000101100010100110100101110011110001101111)(0)
< (001001011111101011)(0001001011101001)(0001)(00001)(0000011101101001)
---
> (01)(0001011101001000110001)(0000010111100111111100100000101100010100110100101110011110001101111)(0)
> (001001011111101011)(00010010111010010001)(00001)(0000011101101001)
101c101
< (1111111111)(011)(00101111111100111001101)(00100111)(000001001110011111000101000100111110110011001111)(000)
---
> (1111111111)(011)(0010111111110011100110100100111)(000001001110011111000101000100111110110011001111)(000)
106c106
< (11)(010110111)(01)(0000111)(000000111111010111010000010000011011)
---
> (11)(01011011101)(0000111)(000000111111010111010000010000011011)
108,110c108,110
< (00100111110010101011011010101111111110111111011)(001)(0001001101111000110001110101100111011)(0)
< (11)(00101011010111001011011001110011011111011)(0001001011101111101)(0001001000110001110110100111)(00)
< (00111)(0001011110111)(00010110101)(000101)(00000110010101001011110000111111011)
---
> (00100111110010101011011010101111111110111111011001)(0001001101111000110001110101100111011)(0)
> (11)(00101011010111001011011001110011011111011)(00010010111011111010001001000110001110110100111)(00)
> (00111)(000101111011100010110101000101)(00000110010101001011110000111111011)
120,121c120,121
< (11)(00010111101111011101001)(00010110111)(00000010111110111010000011)(00000010010101)
< (010111)(01)(001101010101010111111)(001011)(00000100110101101101101)(000)
---
> (11)(0001011110111101110100100010110111)(0000001011111011101000001100000010010101)
> (01011101)(001101010101010111111)(001011)(00000100110101101101101)(000)
126c126
< (1111)(00010110010111111)(0001001101010101000110111)(00001)
---
> (1111)(000101100101111110001001101010101000110111)(00001)
132c132
< (11)(01)(000110111011001011111001)(0001010010100011101101101111110001011)(0001)(00001111110111)(00)
---
> (11)(01)(000110111011001011111001)(00010100101000111011011011111100010110001)(00001111110111)(00)
134c134
< (010111010111)(000101111001)(0001001110111)(00000110101011010011011101010010011110011010000100011101011)(00)
---
> (010111010111)(0001011110010001001110111)(00000110101011010011011101010010011110011010000100011101011)(00)
145c145
< (1)(0101011111111011)(0101)(0000010111100010010101100110010111011010001010001001)(0000001100101100000111101)(0)
---
> (1)(01010111111110110101)(0000010111100010010101100110010111011010001010001001)(0000001100101100000111101)(0)
147c147
< (1111)(00000111110100010110100111011101000011101000110010110110110100010001101)(0000011111)
---
> (1111)(000001111101000101101001110111010000111010001100101101101101000100011010000011111)
155c155
< (1)(0101)(001011101011)(001001010101011)(0001010110011110100111)(00001)(00)
---
> (1)(0101)(001011101011001001010101011)(0001010110011110100111)(00001)(00)
158c158
< (01)(0001100011)(00010110111)(00010101011111001100011)(00010100110011)(000011110101)(0)
---
> (01)(0001100011)(000101101110001010101111100110001100010100110011)(000011110101)(0)
160c160
< (1)(000010110010010111111)(0000100101011011)(000000101010001011100011101111111110001011100110001)(00)
---
> (1)(0000101100100101111110000100101011011)(000000101010001011100011101111111110001011100110001)(00)
162,163c162,163
< (1)(01010101111111)(01)(00011011010011)(000100101111101110001011)(00000111111011010110100001101110110110101)
< (001101010111011)(00000101011001100100101010100111111001000111011)(00000100111100010110110001000110011)
---
> (1)(0101010111111101)(00011011010011)(000100101111101110001011)(00000111111011010110100001101110110110101)
> (001101010111011)(0000010101100110010010101010011111100100011101100000100111100010110110001000110011)
171c171
< (010111)(01011)(0011)(0010111111111)(001011)(00010111)(0000001)(0)
---
> (01011101011)(0011)(0010111111111001011)(00010111)(0000001)(0)
174c174
< (001001010111)(00001011111)(00001010101010001)(00001)(000000)
---
> (001001010111)(000010111110000101010101000100001)(000000)
176,177c176,177
< (1)(01)(0011)(000101)(00010010111001110011110101)(00001001100011)(00)
< (01)(00101011001101001101)(0001011)(0001001100011)(00000000110100101101010100011)
---
> (1)(01)(0011)(00010100010010111001110011110101)(00001001100011)(00)
> (01)(00101011001101001101)(00010110001001100011)(00000000110100101101010100011)
181c181
< (11)(00011101101100111)(00010111111101111010101101101101111)(0001)(00001111)
---
> (11)(00011101101100111)(000101111111011110101011011011011110001)(00001111)
184c184
< (01011)(01)(001001011011101)(0000011100100100111)(00000000111001001010110001100001)(000)
---
> (0101101)(001001011011101)(0000011100100100111)(00000000111001001010110001100001)(000)
206c206
< (0011010100110101010101011)(0010111)(001001100110111010111)(001)(000101010111)(000011010111)(0000)
---
> (0011010100110101010101011)(0010111001001100110111010111001)(000101010111)(000011010111)(0000)
208c208
< (011)(0011110101010101)(00011100111010111011011)(000111001011011)(0001001100101111)(00)
---
> (011)(0011110101010101)(00011100111010111011011000111001011011)(0001001100101111)(00)
213c213
< (0011)(0001101010111)(00010110010001101001001011010011011)(000101001001111011000111)(00000101010001101110001)
---
> (0011)(0001101010111)(00010110010001101001001011010011011000101001001111011000111)(00000101010001101110001)
217c217
< (11)(0000001101111101101010101111011)(000000100101)(0000001000001010011010000101000110110011110111111)(0)
---
> (11)(0000001101111101101010101111011)(0000001001010000001000001010011010000101000110110011110111111)(0)
