226
10000000101011001010010000000111010000010100110000111110100110010000111000000110000011000001110010
000100001110101001000101101001011101111010111011101111101000
11000011110101010010101111101010111000111011011001000010001111
11111100011100110111011111101100001110010001111010000100111000110000101011010001000101001
1011011011001010011101000001000100011111001000011100100000001111110010100001001010110
101100101110110000100000100110000001110001101100101
1100111001100001111001010110011111010111111010100011111011111
01001100110010111101110101100111010110001100101111110001101
011010111010111111111100010101010000010111011111011011101010010011110101101
110000110000000010110011011111000111100000111101110011010110111000001100000111110010001
00000000100111110010100000110101101000110010111110000011101010000100111001001010011
1100101011010010111011110100010111011000110110001010011101011110000101001101100010111
01111011111001100101011100010001111110110101110101000100100100001111101110100100010011111
01001010001110010011110111111011011111110111100000101001100101000001011100011001001
10010101100100001100110111001111111010000000111011
011100010000000111010010110010000111001101110100011011010010011111001
0111011010001100001011000010010101000100101111101100111001100111110011100010010
1111111001000100111101001000111010111100010101100101000100111111000101110101111110010
011100100010110101001100110011000101101101111011011111001010
1001111001101001000001100110001101110000101001000100101001101111
1010001110011011010110111001100101100110110100001010001101010010111100
00000010001100001001110111110001110010100011010010010101110100111110
101000101000111111100010001001001001001100100011110010000111101011111001110100010
001101110111011101010100100110011100100000001111000001101001111010111000000010001010100010
00101110010111001011111011111111011111001011110111110110000101011110110101010100010010110101111
010110000110111111000000100011100010010111110101110100001001001111000
10110101111110000011000000011101000000100111100000110001111000001100011011100001
10000100110000000100011000001000001001001001100110010010010100110110010101100
1001000100100100101001101100101000011100111011101111010111100001110101001111111100000000011
10000100110001111010101010000010100011110010001100100010011111111
11110011010000100010011101001001111110101100001101010110110101010111
11000111100100000101000101000000110001101000001111101111
1010011000101010010101100100101010000110101011110000101010010100100110010111110110000111100100111
11110010110011000001010101000001110100111001110110001110000110001
000011011001000010100100010100110111101111001000100100
111000111110100011100001110000010111000100100000111101101000101110001000111001010000100011
11000000110111000100000010001101101101111010111011011010010111100000111010010100101110100110
0001001010111111111101011001100110000100110110001000111010110111011011110000100100101110010111001
111011011011001111101110101111000101100010111011111010
1110110010010111110001000011001110000001000011110110010
111001100110011001110100101101111010010010001011010000111000001001101010110001011010110111110110
10100101010011010101000101110010001000010100011011111101010111010000110010001
011011010010100000001010111101111000000000111010111001001000001000011011011011111011000101101011
1101001110101000110111000011101100110001101111110111011100111000000001011100011111011111
00101001111001110110000000101000110110100110000100010100101000001000010010110
10101010100010101100100110101110011001010011110111010101110000011000101011011000111011001010000
111101010100000110010111110111111100100100110010111010000101000001011101111110001110010
0011000000101000100001100101110010001011100100010101101111101
000010100110001101100100001110010110100010000010101011100
001011000111111101101110011101110100101010100110101111
00001100010000111100101010110001100110000101001101011
1110011111111111011111100101000101010000101100011000101001111101
11010001010010111001110001100100101110111011100011000011111111011110101001110
1010101000001001001101000011010010100010111100100001011010100101001011001
0011100101111100000011101000001010001111000010110101011000000111100100010111001100
11000011011010010110010101111011111010101100011001011100
00001101011101000100001101011010110100100110110000100010111110011100101110101000100110010110110111
10000110000011110100100100011111110011111100010101011011010100
1101111011011010100001110110010111111100110111010100101110110100
00010111010110010000001110000001100110001110000010111110010100
1100001000111011110001000010100111010000100000010001000010001101100111010110
111000100111011000001100110001101101000110110111110011011110111110001011001011001100
1011001010100101111111100010001000110111101001110101101101100010010
11011010010010111001010010101110000101001011110001011110111001001001100010100011111011111000100
010010010101111011010100100100001110100111100001010000011001110101000001010001101001010101011001000
10110001110000000001111011111011111010011000001011011110010101001001
010010000111000110101000110100111010011110110000110101010111111000111100000111010100111
10101111110101011110000111001011011010100011110010110111101101011010110000011010110101110100101
11101110001010100100001100111010100010101010001111
0001011110110111101011111111010000001010000010001011011
0011011100011111111000100011111101110000101111111000011010100100001111110010101001
100000000101111110100110110011000000111001001111000101010111101011
0000110001100111100000100110110010101000100101010101100
01100011100000000110000010011100000110100001001111110010111
011100110011010001000010001111000101000000010110101000011110100
1011010010101111100101000111000011101010101100000101000000111011010010000111000000
0010101010010111110100110111111100011001111010101110001100100011110101111011000101010101
0000000111111000010010010101100011011010000000000111000110101010010001100011110111
100000011001000010111000110010011100000111010000010001110011001000
01000100000000010001110001100010010010000100110000001001110001000111101011100101001100
00111100011101111100111100101001100111011101001011011100100011110000011011000111
0011010101010110101101010001111100111100111101101110010001110100
001010110110110111010100010110010011100011001100111111010100000010001100101
0100101111101000110001001110010000001010100101101101110110011111111
0001111110011001001001010000000001101011110110010110011110010011000101
111111010100010111111100011011000010110111001110001111010011111000000000011011101011101
11000001011010001001001011001011110111111110010100111101010100
01110101000111010000011111010011000001111011001001100101101001001001010011111101001011110
1001111111000111101010101001001010111101111101101010000001
0001010010110111101000101000011111111000000001010010001011001101
1100111100011101111100101110101001110100001011111010001
0011001110100000001111111111010101110111101001001001000001110000000
010100111010011001000000100101000010110111110001111100111011001000001
11000110011001000000100000101000110001001010001110001000000100
10100100011011101111110110101100010111110101011100111111100111000001101010011101101
01000101110100100011000100000101111001111111001000001011000101001101001011100111100011011110
00100101111110101100010010111010010001000010000011101101001
00110000001000001001110010000100011111010101111011011000110000001000101100100
0110001100110110000011101111000111111111110100100001
100001100010011110001010101111001001000110001010010
11111111110110010111111110011100110100100111000001001110011111000101000100111110110011001111000
0001011000011010110011110100100110010000001101000100101001000101000101010001010010111000110011111
0100111011110000110111111101100011101000000110110001010110110101000101001101010
10001001110000001001101010100010010111001111010110011001011011111
0101001110101001010111101111110101011100000001101110111111110101101010100001101100001
11010110111010000111000000111111010111010000010000011011
01010110110110111001100011110011010010011011100101000000101111101101110110011000001
0010011111001010101101101010111111111011111101100100010011011110001100011101011001110110
11001010110101110010110110011100110111110110001001011101111101000100100011000111011010011100
0011100010111101110001011010100010100000110010101001011110000111111011
0111001111101100011100001000111011101011100111101011100000110
0110101111011000101001000110111111100110110000001010101001001101000011010001
0011100110001101010010111110001000110000010001101111101000011111110101011111
101001011110110110101010000000001000001010101011101011010111100001000011101000
10111101000100110111111110100110011010001111001011001011111011010010111111001101111100
01000101110010001111011011011100110000111101110001101000111111000001000110011101101000110010110110
0000111011011110001101111100001001100101000010111111001110011010010100011111101000
1000001010010101111001100111101000000000101000010110010101110111
01111101111111101000100011111010111110000001100011101001111000101000000001110111110
1100010111101111011101001000101101110000001011111011101000001100000010010101
0101110100110101010101011111100101100000100110101101101101000
101000011110111110111010010101101101101000010101101111111100101
11011101010000110000011000100110101010001010100101110000100010101001111101100000100
111000000011011111110100110100111101100100100101011101100001010101100100001101010001
00111011010011001000000010001001010111101001000011111
111100010110010111111000100110101010100011011100001
10011110001110111001101010000111110000010110101111100101111101111011110000101010101001000111110
0001011101111111011101100110011000011100010010111011110101001100111100001000111100011001111110
0100011001011010000101100101000110001001011100111100000011101001110000001101011110111
10110001101010100101001011010011001011001101011000000111101111
10001110101101001001011000010011000001001010111000010101101101101110100001100000101000111
1101000110111011001011111001000101001010001110110110111111000101100010000111111011100
100101000101001101010101011001111110110100001000101000000111100111000100101000011001101000000
01011101011100010111100100010011101110000011010101101001101110101001001111001101000010001110101100
111100001110011011001110010110110111010101100010011000000
1010101010011101011101110101001110110000111010110010010011100011001011101
0101111101111111111000101001010000111001000110101001011110011010010011100110100110100
1000010110010011100110010100010111001111000111010111010000010001
01000101010000101000111110100000000101100011001111001101000101010101111110100111
010111110011001100011101011101111101001011111111011100001011000110111100011000101110010011110101
0110000001011110101000110101011011000110110100100010111010000101100111110
001000000101101100010101010011010100011110011001001011111001
00000011011010110111000101011111000111111111010001010111111010010110101001111100000100011
011001000111110101000000101010110110000111111111000111101010101001111011
101010111111110110101000001011110001001010110011001011101101000101000100100000011001011000001111010
0111111001010011100000111110101110101010111001001101010010111
1111000001111101000101101001110111010000111010001100101101101101000100011010000011111
0011011010001111101010111110010110111011111011100011110100101110101101110111011101011000011
1101000100100100001100110010100111000010110011001011011111000001
0101110010100011111110110011010011011110010011101110100001110111
11000010100000001011010001000001001011001111011100
00011100101100101001101110101110100110000010111000100011110000101100001110110
0001001000000010111001111101000001110001010101001000000011000
1100111011001010100000101110101010011111111000000110011010010000011100110111101111
1010100101110101100100101010101100010101100111101001110000100
01100011100110101101100101110100000110001111111011
100011001101101111010010000101010100011101100010001100111101010100001011111101
0100011000110001011011100010101011111001100011000101001100110000111101010
000101111000010111100011000110010011110000011011100100100010011100111110101001111010001110101010
1000010110010010111111000010010101101100000010101000101110001110111111111000101110011000100
00011011011011011000010101010100011001100101011110
101010101111111010001101101001100010010111110111000101100000111111011010110100001101110110110101
0011010101110110000010101100110010010101010011111100100011101100000100111100010110110001000110011
11011110000011010100010000110010111001010110001101010110010101011011
01110101000001100110001100010011111001011111101010111000
01111001101100111011010011110100100010110100101011010011001010100001
0110110110010001101010100011111101000000101110011010000101101001001011111010101101110
0001110111011001111101110011100110010001000011011001101100010001100000001111000110110111111000
1000010100101111001100001110110101100110000010110001
0011001010011101111011000101000011111101110011110101111011000100
01011101011001100101111111110010110001011100000010
110011100101111111000100011101111011000000011101000010011010010001101100001111111
10001100011100000101010001010110000011111011110100000110100000000001101101110
001001010111000010111110000101010101000100001000000
00100110100011111100110101111001100000001001111000110110110111111
1010011000101000100101110011100111101010000100110001100
01001010110011010011010001011000100110001100000000110100101101010100011
1101011001010101001110110010101111101101111110111011110100111101110011001111101010
10101010011001110010111010001011101101011110000101011011110000011111
00010000100000011001000000111111110101100110100000010010110000110
110001110110110011100010111111101111010101101101101111000100001111
110000101110011001111011101001010011100111111111111010100101000001
1011101010010010111101010011000110011001001101111011100010011111000011010001011
0101101001001011011101000001110010010011100000000111001001010110001100001000
1010110101101111011001000100101000010110001011011011101111
00011101001011101001100110010000101010010001011101110110001100000110100100010011111011011001011
101001011011011010101101011000111001110001000100011010101100101011111101111000101111110
00000111010101011010111111110111111000001100111001111111101111111000011010
000001010111101100010101101011111000001101001011000100101
0011010011101110000100110100110100011011011100010110010011000000001110001
0000111101010001001111100001011100011000111010101000
1001110000100101100010000110101110111101111101100101001000000100001000001011101111011
00111110010101010100010000001011100011100110111110010101000
1001000001111001110011000110111011111001011110001110010001000111011
11100011110011001010101101101100001001000001010001000111000010011001001001111100001110111001000111
1110111000111011001010011100110100001010011011100010011110001101100110100010100000000010110000111
011001110000110011111001011011110000101101011011111001011001100000
11110011100000111100011101011011100001111010111010101011101100001100001110011111011000101011100
111010001011011000010111100011110010011111111001111001110000001110111100001011001011101111
1111001110011000000110011001010110101010101110001010101000010011001010111010000100
11101111101101001101010010101100000111000010100011101010000111011011100
100100000100010010101101000011100110101111100111100101010
100001110110001111101111011001011100001100001101101110000101011001010011010001101111000100
10100010100110111011001110110110010101010011111100000010100111010010101100110010000111
101110000100100010001110100110101010100110000000010100111001100110111010111
001101010011010101010101100101110010011001101110101110010001010101110000110101110000
00000000111000110001101110001110010101101011011000000001000101011000100100011101110100111
011001111010101010100011100111010111011011000111001011011000100110010111100
101001011000101001011000011111010011011110111111100000011101111001010000101101110010
01000000100111000101001110001111101110111000001000011101100011101011001111000111
100010110001011010001111110001110011101111100010111001110001110111110000010101111101011011111
1010010110001111011110010110000010110100000011111011
001100011010101110001011001000110100100101101001101100010100100111101100011100000101010001101110001
101100101010000111000001101100001100000101101111110000101010010011111101010
1001100001000000100000010110101000010110011011001000110111101
1100101010000111111010010100111000100111010110101110010110001111001110110101100100111100000110
11000000110111110110101010111101100000010010100000010000010100110100001010001101100111101111110
111000110011101011000101111110011001000001110100100001101111110001110010111110001010010100
001100010000011001101110010001001010101001110010010111010001110000000101001011010100111
010001011101011100000011001010001000011010110111111011010100
11001111011100001000111010011011011000101010110001001110011010000011000010110
0
0000000000000000000000000000000000000000000000000000000000000000000000000000000000000000000000000000
0101010101010101010101010101010101010101010101010101010101010101010101010101010101010101010101010101
0000000000000000000000000000000000000000000000000111111111111111111111111111111111111111111111111111
1111111111111111111111111111111111111111111111111000000000000000000000000000000000000000000000000000
