45 990
0 1 37770
0 2 202571
0 3 7492
0 4 22678
0 5 427268
0 6 35223
0 7 23835
0 8 8058
0 9 23396
0 10 348687
0 11 23297
0 12 31282
0 13 196532
0 14 15194
0 15 31775
0 16 24735
0 17 26335
0 18 11562
0 19 274379
0 20 24015
0 21 14328
0 22 24317
0 23 428074
0 24 1166
0 25 2765
0 26 4205
0 27 337872
0 28 466326
0 29 168385
0 30 26662
0 31 452575
0 32 5141
0 33 1064
0 34 34762
0 35 82405
0 36 3059
0 37 19665
0 38 32780
0 39 18235
0 40 95326
0 41 456883
0 42 23530
0 43 94503
0 44 25269
1 2 7650
1 3 12922
1 4 288632
1 5 7447
1 6 31077
1 7 28199
1 8 372241
1 9 30007
1 10 26438
1 11 16853
1 12 21019
1 13 434046
1 14 59809
1 15 19176
1 16 31405
1 17 189233
1 18 9648
1 19 23266
1 20 381649
1 21 26682
1 22 346346
1 23 24582
1 24 137032
1 25 403954
1 26 36182
1 27 29237
1 28 18478
1 29 36286
1 30 255435
1 31 9020
1 32 1338
1 33 14492
1 34 4639
1 35 8980
1 36 3586
1 37 20881
1 38 246331
1 39 5108
1 40 10176
1 41 28885
1 42 237327
1 43 2220
1 44 35452
2 3 12092
2 4 7324
2 5 113480
2 6 3487
2 7 10913
2 8 2626
2 9 34629
2 10 225153
2 11 2861
2 12 32979
2 13 12219
2 14 2363
2 15 7364
2 16 8524
2 17 38106
2 18 15703
2 19 335547
2 20 18465
2 21 18671
2 22 31452
2 23 60476
2 24 10609
2 25 27632
2 26 171304
2 27 391530
2 28 203449
2 29 27280
2 30 904
2 31 224312
2 32 213611
2 33 16177
2 34 19513
2 35 256474
2 36 37562
2 37 30598
2 38 33220
2 39 36638
2 40 444684
2 41 336757
2 42 35250
2 43 424496
2 44 12229
3 4 5264
3 5 32117
3 6 7153
3 7 10285
3 8 30646
3 9 21172
3 10 14527
3 11 24881
3 12 56285
3 13 32704
3 14 5658
3 15 207833
3 16 22238
3 17 23392
3 18 213949
3 19 10144
3 20 22930
3 21 20149
3 22 3507
3 23 1765
3 24 17360
3 25 5321
3 26 20740
3 27 25038
3 28 3988
3 29 30601
3 30 6128
3 31 5167
3 32 4810
3 33 8385
3 34 330190
3 35 34759
3 36 18919
3 37 468945
3 38 15860
3 39 395280
3 40 28437
3 41 6998
3 42 18953
3 43 31195
3 44 31589
4 5 31074
4 6 9141
4 7 17293
4 8 189101
4 9 1444
4 10 14155
4 11 22018
4 12 35446
4 13 72242
4 14 372788
4 15 36874
4 16 2147
4 17 454230
4 18 28055
4 19 9057
4 20 421323
4 21 34948
4 22 460365
4 23 33878
4 24 182528
4 25 200603
4 26 28485
4 27 22157
4 28 23270
4 29 33730
4 30 415522
4 31 11362
4 32 14260
4 33 35020
4 34 9570
4 35 21345
4 36 4975
4 37 5005
4 38 483202
4 39 26217
4 40 33107
4 41 7900
4 42 313821
4 43 34348
4 44 23138
5 6 31935
5 7 7562
5 8 3031
5 9 12682
5 10 405349
5 11 23036
5 12 8239
5 13 6212
5 14 28759
5 15 20192
5 16 2248
5 17 15175
5 18 34279
5 19 427907
5 20 14450
5 21 1294
5 22 21375
5 23 218353
5 24 24190
5 25 12794
5 26 72334
5 27 51964
5 28 406538
5 29 460703
5 30 5416
5 31 419171
5 32 50653
5 33 23942
5 34 17332
5 35 128948
5 36 15557
5 37 11426
5 38 30223
5 39 34916
5 40 248982
5 41 359847
5 42 23335
5 43 304728
5 44 22423
6 7 25296
6 8 29783
6 9 37479
6 10 13728
6 11 473
6 12 6772
6 13 10805
6 14 18841
6 15 30408
6 16 34545
6 17 15342
6 18 6437
6 19 4943
6 20 38024
6 21 430818
6 22 26917
6 23 28436
6 24 23523
6 25 20273
6 26 11797
6 27 1339
6 28 12317
6 29 16384
6 30 16499
6 31 18155
6 32 23459
6 33 14121
6 34 11530
6 35 11303
6 36 13017
6 37 37458
6 38 28608
6 39 11309
6 40 27653
6 41 31656
6 42 4102
6 43 20327
6 44 2305
7 8 17842
7 9 31641
7 10 3790
7 11 14797
7 12 3707
7 13 36078
7 14 7723
7 15 25002
7 16 23747
7 17 30757
7 18 27100
7 19 17457
7 20 37104
7 21 195530
7 22 28273
7 23 36233
7 24 16874
7 25 13452
7 26 23551
7 27 28995
7 28 3845
7 29 2247
7 30 7580
7 31 24335
7 32 15739
7 33 131295
7 34 46791
7 35 28124
7 36 25567
7 37 24626
7 38 8499
7 39 19485
7 40 36567
7 41 8902
7 42 20137
7 43 14558
7 44 24939
8 9 36994
8 10 33968
8 11 22870
8 12 22895
8 13 360712
8 14 378360
8 15 6160
8 16 36900
8 17 305625
8 18 18485
8 19 16181
8 20 443118
8 21 27077
8 22 325090
8 23 16905
8 24 452746
8 25 482969
8 26 4125
8 27 32196
8 28 24642
8 29 36230
8 30 216053
8 31 28886
8 32 5643
8 33 31201
8 34 3181
8 35 8521
8 36 3740
8 37 24551
8 38 292053
8 39 2794
8 40 24626
8 41 5528
8 42 166248
8 43 33574
8 44 4861
9 10 13143
9 11 50539
9 12 25132
9 13 2176
9 14 32608
9 15 34440
9 16 21668
9 17 32388
9 18 12141
9 19 10916
9 20 26
9 21 8787
9 22 28925
9 23 33670
9 24 5967
9 25 9102
9 26 18858
9 27 10134
9 28 35795
9 29 16842
9 30 31921
9 31 35160
9 32 37402
9 33 6439
9 34 9295
9 35 4349
9 36 106175
9 37 15314
9 38 28775
9 39 14477
9 40 31897
9 41 6675
9 42 8571
9 43 15685
9 44 57812
10 11 35523
10 12 36873
10 13 31224
10 14 4526
10 15 3832
10 16 34526
10 17 24516
10 18 8281
10 19 178457
10 20 22284
10 21 37591
10 22 23435
10 23 284705
10 24 28071
10 25 22563
10 26 47979
10 27 491062
10 28 486468
10 29 191744
10 30 5749
10 31 226576
10 32 403540
10 33 5507
10 34 32748
10 35 4748
10 36 12220
10 37 24707
10 38 13377
10 39 23970
10 40 271095
10 41 24569
10 42 36981
10 43 103179
10 44 20554
11 12 20269
11 13 31615
11 14 5193
11 15 840
11 16 20762
11 17 27218
11 18 22741
11 19 22663
11 20 32889
11 21 6338
11 22 21137
11 23 17357
11 24 28219
11 25 24115
11 26 36145
11 27 21460
11 28 10564
11 29 14159
11 30 13814
11 31 7818
11 32 20720
11 33 38397
11 34 5432
11 35 27781
11 36 73166
11 37 33449
11 38 18720
11 39 36893
11 40 9146
11 41 33112
11 42 15301
11 43 18128
11 44 339867
12 13 5902
12 14 27277
12 15 304645
12 16 65286
12 17 4814
12 18 493670
12 19 4047
12 20 9475
12 21 5310
12 22 27912
12 23 18981
12 24 3399
12 25 5750
12 26 12521
12 27 22842
12 28 36326
12 29 15589
12 30 17350
12 31 28525
12 32 23091
12 33 1239
12 34 23000
12 35 20780
12 36 24110
12 37 46235
12 38 23118
12 39 3272
12 40 27519
12 41 24880
12 42 1974
12 43 6174
12 44 23280
13 14 24091
13 15 12256
13 16 34013
13 17 392432
13 18 21690
13 19 30065
13 20 227661
13 21 34925
13 22 64914
13 23 35033
13 24 473525
13 25 282915
13 26 37132
13 27 15121
13 28 12138
13 29 36957
13 30 253849
13 31 29982
13 32 34830
13 33 14096
13 34 473480
13 35 35265
13 36 24450
13 37 34296
13 38 360255
13 39 31794
13 40 28259
13 41 31156
13 42 234213
13 43 6735
13 44 9867
14 15 29987
14 16 13229
14 17 124418
14 18 35080
14 19 34752
14 20 96829
14 21 31368
14 22 251227
14 23 36754
14 24 157611
14 25 480570
14 26 15324
14 27 788
14 28 3635
14 29 37396
14 30 239094
14 31 33797
14 32 2772
14 33 21814
14 34 27129
14 35 35251
14 36 3245
14 37 34494
14 38 433448
14 39 21340
14 40 5146
14 41 17315
14 42 485928
14 43 32910
14 44 5678
15 16 222929
15 17 9443
15 18 208186
15 19 23240
15 20 13333
15 21 8409
15 22 8917
15 23 26182
15 24 20738
15 25 13299
15 26 22780
15 27 34819
15 28 34133
15 29 29892
15 30 31217
15 31 18032
15 32 13285
15 33 773
15 34 287870
15 35 29068
15 36 24988
15 37 197437
15 38 12205
15 39 464993
15 40 35096
15 41 37550
15 42 29792
15 43 12465
15 44 38356
16 17 9227
16 18 201941
16 19 25289
16 20 9386
16 21 6220
16 22 4466
16 23 27799
16 24 33928
16 25 2794
16 26 35420
16 27 13825
16 28 4953
16 29 17857
16 30 36597
16 31 31665
16 32 2681
16 33 16224
16 34 8974
16 35 15419
16 36 32551
16 37 343410
16 38 21174
16 39 102227
16 40 26902
16 41 32043
16 42 32050
16 43 36462
16 44 34355
17 18 22752
17 19 6900
17 20 355854
17 21 30599
17 22 301613
17 23 18648
17 24 54440
17 25 192731
17 26 21325
17 27 9160
17 28 25184
17 29 27728
17 30 262498
17 31 14516
17 32 7567
17 33 38035
17 34 56
17 35 8151
17 36 699
17 37 28758
17 38 264631
17 39 27445
17 40 34598
17 41 2611
17 42 226651
17 43 32153
17 44 23834
18 19 4444
18 20 37976
18 21 15375
18 22 17223
18 23 31977
18 24 12983
18 25 31584
18 26 34959
18 27 5560
18 28 2767
18 29 15639
18 30 17357
18 31 31656
18 32 21500
18 33 25642
18 34 285633
18 35 11415
18 36 11048
18 37 39428
18 38 32060
18 39 428942
18 40 28938
18 41 26540
18 42 7570
18 43 37162
18 44 26037
19 20 34377
19 21 38133
19 22 21160
19 23 209077
19 24 6554
19 25 14791
19 26 70644
19 27 32409
19 28 121831
19 29 139215
19 30 21247
19 31 50849
19 32 407785
19 33 18392
19 34 32918
19 35 472154
19 36 36066
19 37 25583
19 38 34330
19 39 7621
19 40 242385
19 41 472265
19 42 10095
19 43 331164
19 44 3829
20 21 38568
20 22 290694
20 23 20624
20 24 200958
20 25 76968
20 26 16378
20 27 30201
20 28 34780
20 29 30029
20 30 224571
20 31 30199
20 32 36391
20 33 1135
20 34 13814
20 35 32483
20 36 26850
20 37 28605
20 38 291292
20 39 6844
20 40 25480
20 41 22739
20 42 305551
20 43 9332
20 44 5757
21 22 3567
21 23 5612
21 24 32156
21 25 29188
21 26 2760
21 27 8837
21 28 20739
21 29 19231
21 30 5928
21 31 29883
21 32 18810
21 33 8942
21 34 15272
21 35 12703
21 36 32589
21 37 11741
21 38 25848
21 39 4741
21 40 9962
21 41 27633
21 42 29923
21 43 24108
21 44 38651
22 23 10308
22 24 226988
22 25 387238
22 26 17592
22 27 35867
22 28 6855
22 29 18910
22 30 465183
22 31 471
22 32 19715
22 33 18884
22 34 31393
22 35 15089
22 36 30536
22 37 13338
22 38 476611
22 39 30272
22 40 1976
22 41 13997
22 42 253138
22 43 36923
22 44 6735
23 24 9179
23 25 20739
23 26 381261
23 27 39696
23 28 302829
23 29 451096
23 30 30275
23 31 183894
23 32 246123
23 33 37547
23 34 1200
23 35 309483
23 36 15811
23 37 12753
23 38 1577
23 39 9522
23 40 144172
23 41 221971
23 42 9979
23 43 323610
23 44 3865
24 25 320454
24 26 37638
24 27 16737
24 28 4554
24 29 34898
24 30 338941
24 31 11853
24 32 16445
24 33 12234
24 34 3873
24 35 10065
24 36 20151
24 37 19592
24 38 467346
24 39 15894
24 40 25952
24 41 20107
24 42 208157
24 43 36952
24 44 24785
25 26 9678
25 27 3235
25 28 36582
25 29 33808
25 30 115395
25 31 14379
25 32 33438
25 33 37084
25 34 8582
25 35 31182
25 36 1187
25 37 29116
25 38 484394
25 39 15232
25 40 31118
25 41 5002
25 42 58450
25 43 26719
25 44 20632
26 27 238389
26 28 470408
26 29 230415
26 30 12200
26 31 279871
26 32 220386
26 33 11587
26 34 8893
26 35 76086
26 36 23893
26 37 30093
26 38 27936
26 39 5586
26 40 233753
26 41 409086
26 42 19408
26 43 311167
26 44 32435
27 28 472463
27 29 242105
27 30 6915
27 31 359444
27 32 84380
27 33 9649
27 34 732
27 35 224957
27 36 3504
27 37 35526
27 38 31461
27 39 16006
27 40 40756
27 41 207912
27 42 19700
27 43 248384
27 44 26515
28 29 31777
28 30 467
28 31 129224
28 32 116605
28 33 23628
28 34 8176
28 35 468346
28 36 12893
28 37 24292
28 38 30549
28 39 36004
28 40 455643
28 41 136784
28 42 7722
28 43 479950
28 44 24062
29 30 31733
29 31 247883
29 32 187140
29 33 4567
29 34 29
29 35 433395
29 36 22268
29 37 25235
29 38 28733
29 39 27821
29 40 326968
29 41 42472
29 42 3457
29 43 383783
29 44 34355
30 31 22308
30 32 12099
30 33 18291
30 34 29123
30 35 31687
30 36 21282
30 37 17126
30 38 194953
30 39 20680
30 40 37205
30 41 5457
30 42 387977
30 43 18226
30 44 10716
31 32 416291
31 33 20035
31 34 9347
31 35 231837
31 36 25989
31 37 6338
31 38 1818
31 39 1445
31 40 67168
31 41 355055
31 42 4001
31 43 6420
31 44 9056
32 33 4042
32 34 26641
32 35 167208
32 36 5173
32 37 12592
32 38 548
32 39 3370
32 40 94417
32 41 316580
32 42 1872
32 43 214983
32 44 30146
33 34 38525
33 35 1755
33 36 16654
33 37 17422
33 38 8958
33 39 1465
33 40 26053
33 41 4075
33 42 7187
33 43 30354
33 44 15033
34 35 362
34 36 13006
34 37 188918
34 38 15318
34 39 411565
34 40 30160
34 41 30496
34 42 21281
34 43 14789
34 44 22829
35 36 36593
35 37 4546
35 38 5729
35 39 16604
35 40 223212
35 41 251251
35 42 14923
35 43 495280
35 44 13719
36 37 33394
36 38 13622
36 39 38323
36 40 18871
36 41 7826
36 42 37848
36 43 25871
36 44 352922
37 38 24868
37 39 146975
37 40 7327
37 41 27809
37 42 12369
37 43 16656
37 44 23969
38 39 37895
38 40 9193
38 41 17413
38 42 492216
38 43 10207
38 44 12450
39 40 14476
39 41 32677
39 42 3442
39 43 18501
39 44 13363
40 41 185341
40 42 18163
40 43 471730
40 44 16145
41 42 33525
41 43 399708
41 44 15163
42 43 27114
42 44 35039
43 44 33441
