484 924
459 478 90469
372 441 103116
25 396 123727
416 115 167580
396 450 401087
252 223 253022
92 132 9016
443 480 207978
436 360 311012
481 210 197807
435 175 208138
411 404 39035
301 458 6846
467 201 51705
233 250 62936
415 241 128396
89 385 17987
157 177 343780
400 29 75285
371 48 283290
107 227 190960
463 22 389451
4 313 421717
157 115 4006
291 303 56075
205 71 45955
70 402 322933
193 169 440082
260 311 2007
278 346 335239
381 98 444047
465 298 488888
133 94 73595
24 317 161282
339 252 150254
357 385 305208
274 51 8952
36 224 437135
206 410 41764
396 200 12909
156 441 19959
408 343 105494
118 171 432431
247 59 317597
217 227 7262
141 124 2915
123 453 169863
260 28 182981
446 291 141522
364 290 15637
164 450 1392
37 383 21169
57 340 147450
220 342 481299
169 30 347977
275 308 79355
55 334 300613
155 16 7951
429 394 113623
120 264 7787
200 432 107119
364 153 435858
290 347 216500
400 72 32479
146 236 391398
326 366 481736
235 383 12692
326 248 165716
224 282 17200
219 378 89283
27 277 390954
22 431 5288
11 380 19860
286 472 338421
43 186 102187
5 86 286603
179 157 5499
344 45 118458
401 19 258023
318 93 5856
463 35 218422
141 142 6737
129 250 52230
190 461 179227
67 215 293911
128 13 141725
288 69 3934
296 317 228032
204 290 386614
208 16 442249
419 32 13250
59 225 102993
182 248 76408
392 301 46756
108 191 143396
134 469 302974
161 225 335371
194 357 370934
162 230 180777
12 135 42636
234 397 287710
359 144 67082
392 232 18519
239 313 23680
406 454 232864
127 3 16292
166 406 135112
361 75 211
428 391 3291
202 256 114535
413 265 2204
481 479 248793
239 334 448920
231 178 216912
19 18 333699
229 390 13427
409 373 425604
199 54 479
138 256 40635
326 250 404042
159 214 11117
477 95 4479
176 436 8327
55 313 241985
458 314 172363
263 85 68641
82 340 494806
78 80 155354
93 75 8371
78 4 13619
20 216 131075
475 193 302111
277 438 82062
177 94 63506
105 393 258184
15 223 253282
451 108 158623
403 355 17369
83 305 327235
172 323 394348
266 373 196965
40 9 15016
352 365 412632
51 43 209653
213 466 13045
315 42 364177
129 472 372379
189 200 19687
350 444 7321
368 64 134595
73 404 5719
432 420 271736
378 244 421703
8 320 189205
52 286 201087
453 56 305545
229 123 213541
86 139 255109
405 277 426700
336 344 227167
327 341 47518
33 372 119235
207 430 172766
86 67 68861
348 94 12532
8 17 219496
446 2 265408
466 141 25312
434 64 194901
440 223 9891
276 119 6544
104 335 254220
380 386 5248
107 238 329107
75 295 431469
39 55 342768
243 85 13227
416 88 175379
442 134 207285
376 321 497808
388 171 236018
449 265 115133
181 189 512
156 91 17206
135 209 301810
121 331 13487
467 120 89132
348 412 58296
432 306 166367
88 201 99112
89 328 209563
197 202 222762
277 444 211257
114 155 186660
467 122 431973
385 136 196804
293 21 363849
128 73 176576
147 187 440243
307 230 232256
285 71 14416
71 452 301173
126 106 466975
148 464 17828
39 111 4715
138 265 6231
287 14 346459
420 208 8523
474 5 154833
103 152 11215
292 13 10153
425 42 15698
273 282 7056
280 470 383401
7 321 30262
228 475 284643
214 235 300529
320 121 113626
218 116 94121
83 389 13477
232 458 264074
40 238 247300
358 258 217383
284 128 19757
303 173 177603
20 269 361767
267 440 225567
288 469 92677
121 409 477703
43 46 186628
430 317 412609
176 468 15771
265 199 350455
8 26 11963
294 334 106456
332 286 483451
209 281 242611
259 197 169761
381 130 394695
41 150 359423
374 170 74143
1 219 179794
395 367 94055
243 194 200584
332 233 124527
397 67 237457
11 432 468389
330 151 329249
118 261 385837
435 287 78510
272 228 379250
138 433 11956
254 419 16922
362 292 91749
190 142 332619
126 116 355940
443 471 108935
62 44 18496
433 413 449514
167 302 19335
50 303 327047
34 424 353686
290 70 243291
363 416 218788
427 149 1194
356 56 254904
433 407 232283
359 197 494218
310 399 461603
212 46 267982
295 318 220839
70 301 96422
95 114 13142
410 297 194386
107 427 1359
246 152 334918
126 406 75035
9 314 15946
52 137 408437
412 87 466293
352 259 384201
112 429 339862
283 382 68766
460 196 234157
116 166 71498
359 433 12226
377 270 135319
300 221 61692
107 464 92426
165 412 95944
395 461 152842
268 229 411574
438 161 38552
65 148 13110
281 140 12247
356 240 334474
351 322 151068
129 366 465018
193 451 466862
181 168 479988
371 356 105945
110 87 355618
423 461 80305
53 393 218022
353 146 17915
381 328 293932
169 412 397166
447 333 106550
229 465 372533
394 206 317871
155 450 3860
76 232 153015
46 26 12913
90 423 420543
123 201 160528
442 288 350291
424 431 30480
160 58 10817
399 305 98822
298 123 271337
314 333 176808
183 262 99479
172 222 475044
305 69 160936
375 454 326050
341 253 43042
23 379 143691
109 24 2393
105 465 437229
172 143 304210
231 214 17709
132 33 6909
319 327 305116
329 203 38705
210 216 66764
15 354 428393
349 410 16941
436 335 16654
11 195 19270
112 331 185766
345 59 422792
384 82 399738
275 395 482830
360 7 192812
325 304 991
468 195 29132
208 354 457561
377 274 15734
407 388 367026
400 196 46281
303 2 37214
161 27 429226
452 66 178993
241 346 252295
29 422 255959
306 49 9490
479 137 265019
145 149 52241
189 25 109821
348 299 432681
283 173 115200
388 261 171397
41 344 5152
415 319 412653
362 193 446864
421 297 189047
223 340 10291
6 120 11194
341 295 14286
63 395 347076
414 262 84514
473 221 15444
56 456 309424
132 75 356201
66 42 7599
276 285 14665
111 199 365036
224 344 132370
44 160 231890
343 206 231588
82 457 371610
14 249 71056
134 51 9198
278 390 353886
267 446 239111
97 182 164508
466 289 14827
464 125 14597
97 65 491553
186 270 460369
459 237 148893
183 105 395828
127 356 99423
181 156 256260
34 244 85184
105 309 263607
60 323 362531
420 155 45313
312 382 4449
153 9 406771
316 386 12645
41 473 8987
109 296 13385
455 362 17076
409 448 197514
3 240 233867
249 87 430791
389 41 69070
274 159 75472
145 153 300759
47 483 5960
150 224 117191
462 411 2989
84 474 57498
428 330 409404
154 43 2360
53 52 50363
153 458 10895
131 336 417346
297 44 10971
63 375 124271
461 289 91191
462 358 1879
285 437 71927
382 22 652
289 142 60948
96 37 450417
6 163 499375
418 456 88058
4 384 18824
405 350 18528
358 62 308277
178 45 390991
284 257 442734
239 384 272976
192 162 79727
469 84 29150
226 86 354441
278 88 396882
353 255 19311
1 78 432930
309 298 326568
463 244 163
1 449 6193
462 13 261407
100 253 349515
220 152 173364
392 124 199836
280 106 12529
195 354 7348
76 103 198070
246 342 147871
338 314 466498
258 13 80108
273 318 44872
204 49 439530
352 476 435524
212 186 342860
345 7 244459
217 65 11598
17 401 498267
280 79 17358
226 422 54673
97 296 120796
15 16 186017
413 54 211112
437 452 19073
247 7 317062
448 19 200868
263 102 43237
267 340 26820
444 130 489640
2 315 3706
350 136 315082
455 284 8665
464 217 136273
130 136 2245
401 5 102169
23 333 120527
35 50 5104
376 367 306091
331 31 106948
272 245 330176
332 129 104951
233 207 126502
367 158 117243
127 48 326213
279 318 9588
259 426 330879
252 104 349788
328 263 72550
83 178 4273
473 437 289029
307 480 48253
208 11 162275
434 184 209941
269 366 307137
125 428 375620
18 5 347653
100 268 15062
172 160 3452
52 48 293934
131 45 2373
227 482 449439
83 285 5958
77 311 16785
476 471 254991
421 101 229675
154 17 122322
426 307 245863
108 74 368130
93 33 13334
249 264 349153
189 91 14130
58 28 273304
147 131 13703
239 457 50661
54 357 21160
176 354 100803
429 32 425774
391 427 17244
49 200 4767
173 312 10353
236 428 280966
286 479 278458
353 441 248232
158 360 210707
61 256 184184
192 61 76354
163 325 298877
147 174 183526
439 4 335248
235 187 29208
228 451 59381
371 453 461522
96 159 406242
251 470 28769
446 82 231095
242 93 43343
214 399 236519
393 99 399737
38 455 449199
179 113 337804
219 374 287920
68 104 111423
79 246 419116
14 163 170937
150 355 208921
135 276 62947
180 68 9276
29 162 168030
66 205 95944
221 477 191961
408 31 308728
358 311 76646
449 256 196218
158 90 201992
308 454 88088
283 463 3311
278 115 425542
112 320 13107
38 94 6602
110 14 454665
194 413 190295
124 213 14582
209 288 4334
196 215 452506
19 8 305804
320 448 278479
100 414 454681
149 238 270652
18 266 28993
48 309 65614
370 404 17198
308 126 293394
170 192 262328
37 257 5720
30 362 84401
164 477 222650
394 419 19254
445 482 363175
149 255 325057
117 169 142977
198 347 98511
261 64 2721
215 226 334784
480 400 157909
253 337 382251
299 177 12341
431 140 110550
174 179 5661
364 301 491625
403 273 15784
361 341 456274
142 470 13579
188 137 341120
271 293 84070
373 234 119739
103 79 297423
419 370 354150
156 242 392784
211 469 202487
351 185 200205
355 300 26269
87 299 475138
244 431 185373
159 310 2640
90 436 121726
416 264 14405
387 188 358850
292 475 436410
471 307 351581
245 260 2555
92 414 285755
84 401 2342
190 280 4486
99 417 251600
367 423 41759
168 403 313024
281 12 166529
188 3 251815
390 201 196044
139 474 89899
262 417 131705
96 235 274611
81 255 282789
445 10 78673
271 365 357166
377 257 14285
139 424 76824
422 34 363484
32 26 293145
71 119 210654
191 245 55825
80 219 465556
405 294 13684
363 299 12292
258 272 497446
165 117 257144
482 238 198653
109 151 226155
445 40 374105
35 80 18374
6 304 12123
1 199 194633
144 407 18212
231 187 7512
251 392 366667
450 95 419536
403 279 449144
468 90 153568
174 177 256068
117 74 443242
117 451 68350
88 120 290714
151 148 447967
336 113 360844
456 240 165060
206 254 6170
300 168 191330
221 452 282431
18 67 216626
481 472 83968
418 304 177507
306 380 430615
330 478 131413
25 168 20290
363 249 8530
383 133 13952
408 394 289999
402 306 215625
147 113 14868
443 72 338812
36 415 240831
424 226 497186
386 195 2436
243 388 77698
228 191 235286
420 396 76435
391 255 68789
57 252 3065
309 53 426714
442 310 864
324 414 338473
246 167 4960
242 372 19948
478 132 306457
35 378 1964
16 440 16773
322 360 465376
49 91 417249
183 324 26098
251 141 203874
198 441 186826
337 268 282390
36 336 1597
262 459 6632
133 187 279429
291 439 233885
77 62 303526
58 222 385222
72 460 209874
167 218 415104
479 387 166815
73 257 65815
205 312 180509
160 77 8044
337 390 403893
418 122 23181
81 347 20047
365 184 372600
283 50 190674
130 89 212165
467 453 226801
73 270 455377
77 28 1040
119 12 2837
103 470 90964
423 316 142760
410 143 46698
125 427 186067
57 457 21332
70 124 9109
473 355 175855
23 152 9424
196 397 38746
292 284 12555
137 127 207370
347 353 198466
476 426 312126
100 361 336550
47 302 13454
64 293 55489
339 15 33626
377 96 87079
98 444 199526
17 46 3987
313 111 15517
247 185 475449
380 213 5139
6 122 1073
154 84 468816
295 282 12165
204 402 4522
20 481 473396
150 273 253258
338 447 280907
251 76 9273
425 114 2710
194 407 343369
125 151 31518
22 281 98641
269 472 244957
449 374 225314
346 337 252037
338 10 16236
207 99 190956
74 175 491877
417 24 228595
258 475 159677
134 154 294264
264 163 73833
232 333 36190
329 167 94255
210 387 298235
136 55 255276
322 335 17164
254 297 338722
279 242 155588
329 47 33386
376 63 66977
434 144 363509
468 316 129400
287 325 362045
89 102 104368
384 291 309800
204 198 473806
276 305 443205
248 430 180190
342 302 446010
268 324 387627
374 61 292507
175 165 213975
371 298 445123
138 197 360863
115 241 148810
190 275 144639
402 213 220357
379 220 16047
351 180 64310
349 60 291
312 119 178629
230 61 452782
135 69 235126
376 398 294943
389 437 9638
53 332 287966
26 112 167481
95 42 88027
180 27 60605
101 254 14018
62 421 61897
323 0 59
243 102 10149
275 106 227386
330 237 300273
51 270 211748
397 266 351881
415 113 7093
170 34 33367
211 474 160849
378 170 293877
370 212 391611
23 76 286421
379 447 433055
39 54 294493
179 241 10281
186 404 10838
63 308 239266
140 211 499268
164 25 3598
44 143 181361
37 455 107036
465 324 56746
202 230 431186
272 311 12204
68 294 5656
78 111 230457
165 110 410199
430 250 108528
180 405 50421
233 393 260166
182 317 87219
56 122 85081
345 369 486242
339 176 290321
31 429 123010
316 289 376600
364 81 414387
183 99 141670
321 369 322199
382 12 4525
398 375 397731
29 215 95222
185 225 374803
335 339 204683
148 296 17042
359 184 409278
131 231 520
102 357 4864
425 267 483375
343 349 388155
80 439 5632
236 478 101890
69 310 410154
45 389 2979
259 184 493653
60 143 8544
315 173 17871
40 145 72425
448 266 278071
438 98 26035
385 39 76391
198 91 248863
271 434 297602
116 329 15571
368 118 20248
421 462 19148
422 192 73635
237 417 6650
282 327 444403
146 372 9135
38 30 13404
327 36 394258
209 211 18965
439 50 348403
442 274 237233
66 477 46576
369 398 85454
140 139 479712
0 222 32425
32 212 10504
253 319 452414
158 321 361600
350 334 70158
128 411 317856
459 92 11858
363 157 2196
101 370 16557
68 57 11393
133 174 402599
109 237 301356
279 181 62758
294 457 109022
79 218 173056
92 361 327342
144 261 3137
426 202 381035
178 399 162017
81 145 300281
440 114 52122
101 411 2390
383 38 406213
322 247 487473
185 27 133880
234 460 138865
203 483 406563
10 9 172249
24 207 2179
391 146 5598
171 85 311
435 110 460945
33 236 3044
348 30 430492
106 218 66154
162 480 68623
205 315 2676
21 368 42224
164 300 307919
386 466 188015
319 346 244415
166 203 8952
2 425 321543
104 351 11621
