2001 2005
0 3 3
3 4 1
4 5 3
5 6 3
6 7 3
7 8 2
8 9 2
9 10 3
10 11 1
11 12 3
12 13 1
13 14 2
14 15 1
15 16 1
16 17 2
17 18 3
18 19 2
19 20 2
20 21 2
21 22 2
22 23 3
23 24 3
24 25 3
25 26 2
26 27 1
27 28 2
28 29 3
29 30 1
30 31 2
31 32 1
32 33 3
33 34 1
34 35 2
35 36 2
36 37 1
37 38 3
38 39 3
39 40 2
40 41 3
41 42 2
42 43 3
43 44 1
44 45 1
45 46 3
46 47 2
47 48 2
48 49 2
49 50 3
50 51 3
51 52 3
52 53 2
53 54 1
54 55 3
55 56 2
56 57 1
57 58 3
58 59 1
59 60 1
60 61 3
61 62 2
62 63 3
63 64 3
64 65 2
65 66 2
66 67 2
67 68 3
68 69 1
69 70 1
70 71 1
71 72 2
72 73 3
73 74 1
74 75 1
75 76 2
76 77 2
77 78 1
78 79 2
79 80 2
80 81 1
81 82 2
82 83 3
83 84 1
84 85 3
85 86 1
86 87 1
87 88 1
88 89 3
89 90 1
90 91 3
91 92 1
92 93 1
93 94 3
94 95 2
95 96 3
96 97 2
97 98 3
98 99 3
99 100 3
100 101 2
101 102 1
102 103 2
103 104 1
104 105 1
105 106 1
106 107 2
107 108 2
108 109 2
109 110 3
110 111 3
111 112 3
112 113 2
113 114 1
114 115 3
115 116 2
116 117 2
117 118 1
118 119 2
119 120 3
120 121 2
121 122 2
122 123 1
123 124 1
124 125 1
125 126 3
126 127 1
127 128 3
128 129 2
129 130 1
130 131 1
131 132 2
132 133 3
133 134 2
134 135 1
135 136 3
136 137 1
137 138 3
138 139 2
139 140 1
140 141 3
141 142 1
142 143 1
143 144 2
144 145 2
145 146 3
146 147 3
147 148 1
148 149 2
149 150 1
150 151 2
151 152 1
152 153 3
153 154 2
154 155 2
155 156 2
156 157 3
157 158 2
158 159 3
159 160 1
160 161 3
161 162 1
162 163 3
163 164 2
164 165 2
165 166 1
166 167 1
167 168 3
168 169 3
169 170 3
170 171 2
171 172 1
172 173 3
173 174 2
174 175 3
175 176 2
176 177 3
177 178 2
178 179 1
179 180 1
180 181 2
181 182 3
182 183 2
183 184 1
184 185 1
185 186 3
186 187 1
187 188 1
188 189 1
189 190 2
190 191 2
191 192 2
192 193 3
193 194 3
194 195 1
195 196 2
196 197 3
197 198 1
198 199 3
199 200 3
200 201 2
201 202 2
202 203 1
203 204 3
204 205 2
205 206 2
206 207 1
207 208 2
208 209 3
209 210 1
210 211 3
211 212 3
212 213 2
213 214 2
214 215 3
215 216 3
216 217 2
217 218 2
218 219 3
219 220 2
220 221 2
221 222 1
222 223 1
223 224 2
224 225 2
225 226 3
226 227 2
227 228 3
228 229 2
229 230 3
230 231 3
231 232 3
232 233 2
233 234 1
234 235 1
235 236 3
236 237 1
237 238 3
238 239 3
239 240 1
240 241 2
241 242 2
242 243 2
243 244 3
244 245 1
245 246 2
246 247 2
247 248 3
248 249 2
249 250 2
250 251 3
251 252 2
252 253 3
253 254 1
254 255 3
255 256 2
256 257 2
257 258 3
258 259 1
259 260 2
260 261 2
261 262 1
262 263 1
263 264 3
264 265 2
265 266 3
266 267 2
267 268 1
268 269 1
269 270 2
270 271 1
271 272 3
272 273 2
273 274 1
274 275 1
275 276 2
276 277 1
277 278 2
278 279 1
279 280 2
280 281 2
281 282 2
282 283 1
283 284 3
284 285 2
285 286 2
286 287 1
287 288 1
288 289 3
289 290 2
290 291 1
291 292 1
292 293 2
293 294 3
294 295 1
295 296 2
296 297 3
297 298 2
298 299 1
299 300 1
300 301 1
301 302 2
302 303 1
303 304 3
304 305 1
305 306 3
306 307 1
307 308 2
308 309 1
309 310 1
310 311 1
311 312 2
312 313 3
313 314 2
314 315 1
315 316 3
316 317 3
317 318 1
318 319 3
319 320 2
320 321 2
321 322 1
322 323 2
323 324 3
324 325 3
325 326 2
326 327 2
327 328 2
328 329 2
329 330 2
330 331 3
331 332 1
332 333 3
333 334 2
334 335 3
335 336 1
336 337 1
337 338 2
338 339 1
339 340 1
340 341 1
341 342 2
342 343 3
343 344 3
344 345 1
345 346 2
346 347 1
347 348 1
348 349 1
349 350 1
350 351 2
351 352 2
352 353 1
353 354 3
354 355 2
355 356 2
356 357 3
357 358 3
358 359 2
359 360 2
360 361 2
361 362 2
362 363 3
363 364 3
364 365 3
365 366 1
366 367 2
367 368 2
368 369 2
369 370 3
370 371 2
371 372 2
372 373 1
373 374 1
374 375 1
375 376 3
376 377 3
377 378 1
378 379 2
379 380 1
380 381 2
381 382 2
382 383 3
383 384 2
384 385 1
385 386 3
386 387 1
387 388 1
388 389 1
389 390 1
390 391 1
391 392 3
392 393 2
393 394 1
394 395 3
395 396 3
396 397 1
397 398 3
398 399 1
399 400 1
400 401 3
401 402 3
402 403 1
403 404 3
404 405 1
405 406 2
406 407 3
407 408 1
408 409 2
409 410 1
410 411 3
411 412 1
412 413 3
413 414 1
414 415 3
415 416 1
416 417 1
417 418 2
418 419 3
419 420 2
420 421 2
421 422 1
422 423 1
423 424 3
424 425 3
425 426 1
426 427 2
427 428 1
428 429 3
429 430 1
430 431 3
431 432 3
432 433 1
433 434 3
434 435 1
435 436 1
436 437 3
437 438 1
438 439 2
439 440 1
440 441 2
441 442 1
442 443 1
443 444 1
444 445 3
445 446 1
446 447 3
447 448 2
448 449 1
449 450 2
450 451 3
451 452 3
452 453 3
453 454 3
454 455 3
455 456 2
456 457 2
457 458 1
458 459 1
459 460 2
460 461 3
461 462 1
462 463 3
463 464 2
464 465 1
465 466 2
466 467 1
467 468 2
468 469 2
469 470 3
470 471 2
471 472 2
472 473 2
473 474 2
474 475 2
475 476 1
476 477 3
477 478 3
478 479 3
479 480 3
480 481 2
481 482 3
482 483 2
483 484 2
484 485 2
485 486 1
486 487 2
487 488 3
488 489 3
489 490 3
490 491 1
491 492 2
492 493 2
493 494 2
494 495 1
495 496 2
496 497 3
497 498 1
498 499 2
499 500 1
500 501 1
501 502 3
502 503 3
503 504 3
504 505 2
505 506 2
506 507 3
507 508 2
508 509 3
509 510 1
510 511 2
511 512 1
512 513 1
513 514 2
514 515 3
515 516 1
516 517 3
517 518 1
518 519 2
519 520 2
520 521 2
521 522 3
522 523 1
523 524 3
524 525 3
525 526 2
526 527 2
527 528 1
528 529 2
529 530 1
530 531 1
531 532 2
532 533 3
533 534 3
534 535 2
535 536 3
536 537 2
537 538 2
538 539 2
539 540 2
540 541 3
541 542 3
542 543 3
543 544 2
544 545 1
545 546 2
546 547 1
547 548 2
548 549 3
549 550 1
550 551 1
551 552 3
552 553 1
553 554 3
554 555 3
555 556 1
556 557 3
557 558 3
558 559 2
559 560 1
560 561 1
561 562 1
562 563 2
563 564 3
564 565 2
565 566 3
566 567 2
567 568 2
568 569 3
569 570 2
570 571 3
571 572 1
572 573 2
573 574 1
574 575 2
575 576 2
576 577 3
577 578 2
578 579 2
579 580 2
580 581 2
581 582 1
582 583 1
583 584 3
584 585 1
585 586 3
586 587 2
587 588 2
588 589 1
589 590 2
590 591 2
591 592 1
592 593 1
593 594 3
594 595 3
595 596 2
596 597 2
597 598 3
598 599 1
599 600 1
600 601 1
601 602 1
602 603 1
603 604 3
604 605 1
605 606 2
606 607 2
607 608 1
608 609 3
609 610 1
610 611 1
611 612 1
612 613 2
613 614 1
614 615 3
615 616 2
616 617 1
617 618 2
618 619 2
619 620 3
620 621 2
621 622 1
622 623 3
623 624 3
624 625 3
625 626 2
626 627 1
627 628 2
628 629 2
629 630 2
630 631 1
631 632 2
632 633 2
633 634 1
634 635 2
635 636 1
636 637 1
637 638 1
638 639 2
639 640 1
640 641 1
641 642 2
642 643 2
643 644 2
644 645 1
645 646 3
646 647 2
647 648 3
648 649 1
649 650 3
650 651 1
651 652 3
652 653 3
653 654 2
654 655 3
655 656 1
656 657 2
657 658 3
658 659 1
659 660 3
660 661 2
661 662 2
662 663 2
663 664 1
664 665 3
665 666 3
666 667 2
667 668 1
668 669 1
669 670 3
670 671 2
671 672 1
672 673 2
673 674 1
674 675 1
675 676 1
676 677 1
677 678 2
678 679 2
679 680 3
680 681 1
681 682 1
682 683 1
683 684 2
684 685 3
685 686 1
686 687 1
687 688 3
688 689 3
689 690 2
690 691 2
691 692 3
692 693 1
693 694 2
694 695 3
695 696 2
696 697 3
697 698 1
698 699 1
699 700 2
700 701 2
701 702 1
702 703 3
703 704 3
704 705 1
705 706 3
706 707 1
707 708 1
708 709 2
709 710 1
710 711 3
711 712 1
712 713 1
713 714 2
714 715 3
715 716 2
716 717 3
717 718 1
718 719 3
719 720 3
720 721 3
721 722 1
722 723 3
723 724 3
724 725 1
725 726 2
726 727 3
727 728 3
728 729 1
729 730 3
730 731 1
731 732 3
732 733 2
733 734 3
734 735 1
735 736 3
736 737 1
737 738 1
738 739 3
739 740 1
740 741 1
741 742 1
742 743 1
743 744 1
744 745 1
745 746 2
746 747 2
747 748 3
748 749 3
749 750 1
750 751 1
751 752 1
752 753 2
753 754 2
754 755 3
755 756 2
756 757 1
757 758 1
758 759 3
759 760 3
760 761 1
761 762 3
762 763 1
763 764 1
764 765 2
765 766 2
766 767 3
767 768 2
768 769 2
769 770 1
770 771 3
771 772 2
772 773 1
773 774 2
774 775 2
775 776 2
776 777 2
777 778 3
778 779 1
779 780 2
780 781 1
781 782 3
782 783 1
783 784 1
784 785 3
785 786 3
786 787 2
787 788 3
788 789 3
789 790 1
790 791 2
791 792 1
792 793 1
793 794 2
794 795 1
795 796 3
796 797 2
797 798 1
798 799 2
799 800 3
800 801 1
801 802 1
802 803 2
803 804 2
804 805 1
805 806 3
806 807 1
807 808 1
808 809 2
809 810 2
810 811 3
811 812 3
812 813 1
813 814 3
814 815 3
815 816 2
816 817 1
817 818 2
818 819 2
819 820 1
820 821 1
821 822 3
822 823 2
823 824 2
824 825 3
825 826 3
826 827 2
827 828 2
828 829 2
829 830 1
830 831 1
831 832 3
832 833 3
833 834 1
834 835 1
835 836 2
836 837 3
837 838 1
838 839 2
839 840 1
840 841 2
841 842 3
842 843 2
843 844 2
844 845 2
845 846 2
846 847 1
847 848 1
848 849 2
849 850 1
850 851 3
851 852 2
852 853 2
853 854 3
854 855 3
855 856 2
856 857 1
857 858 3
858 859 2
859 860 3
860 861 2
861 862 3
862 863 3
863 864 3
864 865 1
865 866 3
866 867 3
867 868 2
868 869 1
869 870 3
870 871 3
871 872 2
872 873 3
873 874 2
874 875 1
875 876 2
876 877 2
877 878 1
878 879 1
879 880 3
880 881 3
881 882 3
882 883 2
883 884 2
884 885 2
885 886 1
886 887 2
887 888 3
888 889 3
889 890 3
890 891 2
891 892 2
892 893 1
893 894 3
894 895 1
895 896 1
896 897 3
897 898 2
898 899 3
899 900 3
900 901 3
901 902 2
902 903 1
903 904 2
904 905 2
905 906 3
906 907 3
907 908 2
908 909 2
909 910 1
910 911 3
911 912 2
912 913 3
913 914 2
914 915 1
915 916 2
916 917 1
917 918 1
918 919 2
919 920 2
920 921 2
921 922 3
922 923 2
923 924 3
924 925 1
925 926 3
926 927 3
927 928 1
928 929 2
929 930 2
930 931 3
931 932 3
932 933 2
933 934 3
934 935 1
935 936 2
936 937 1
937 938 1
938 939 2
939 940 3
940 941 1
941 942 1
942 943 2
943 944 1
944 945 1
945 946 1
946 947 1
947 948 2
948 949 3
949 950 3
950 951 1
951 952 3
952 953 1
953 954 2
954 955 1
955 956 3
956 957 3
957 958 1
958 959 2
959 960 2
960 961 2
961 962 2
962 963 2
963 964 3
964 965 2
965 966 1
966 967 2
967 968 2
968 969 3
969 970 1
970 971 3
971 972 1
972 973 1
973 974 3
974 975 3
975 976 1
976 977 3
977 978 3
978 979 2
979 980 3
980 981 3
981 982 3
982 983 2
983 984 2
984 985 2
985 986 2
986 987 1
987 988 1
988 989 3
989 990 3
990 991 1
991 992 3
992 993 1
993 994 2
994 995 1
995 996 2
996 997 3
997 998 1
998 999 2
999 1000 2
1000 1001 1
1001 1002 2
1002 1003 2
1003 1004 2
1004 1005 3
1005 1006 3
1006 1007 3
1007 1008 1
1008 1009 3
1009 1010 1
1010 1011 2
1011 1012 3
1012 1013 3
1013 1014 3
1014 1015 3
1015 1016 3
1016 1017 1
1017 1018 2
1018 1019 3
1019 1020 1
1020 1021 1
1021 1022 2
1022 1023 1
1023 1024 2
1024 1025 1
1025 1026 2
1026 1027 1
1027 1028 3
1028 1029 2
1029 1030 1
1030 1031 1
1031 1032 3
1032 1033 1
1033 1034 1
1034 1035 3
1035 1036 1
1036 1037 2
1037 1038 2
1038 1039 2
1039 1040 1
1040 1041 1
1041 1042 2
1042 1043 3
1043 1044 1
1044 1045 1
1045 1046 1
1046 1047 2
1047 1048 3
1048 1049 2
1049 1050 2
1050 1051 1
1051 1052 3
1052 1053 2
1053 1054 3
1054 1055 2
1055 1056 1
1056 1057 3
1057 1058 2
1058 1059 3
1059 1060 3
1060 1061 3
1061 1062 1
1062 1063 1
1063 1064 2
1064 1065 2
1065 1066 2
1066 1067 3
1067 1068 1
1068 1069 1
1069 1070 3
1070 1071 2
1071 1072 2
1072 1073 1
1073 1074 3
1074 1075 2
1075 1076 2
1076 1077 3
1077 1078 2
1078 1079 2
1079 1080 1
1080 1081 3
1081 1082 1
1082 1083 2
1083 1084 2
1084 1085 2
1085 1086 2
1086 1087 1
1087 1088 3
1088 1089 1
1089 1090 2
1090 1091 1
1091 1092 1
1092 1093 3
1093 1094 3
1094 1095 1
1095 1096 2
1096 1097 2
1097 1098 1
1098 1099 2
1099 1100 1
1100 1101 3
1101 1102 1
1102 1103 2
1103 1104 3
1104 1105 3
1105 1106 2
1106 1107 2
1107 1108 3
1108 1109 1
1109 1110 3
1110 1111 2
1111 1112 2
1112 1113 2
1113 1114 3
1114 1115 3
1115 1116 1
1116 1117 3
1117 1118 2
1118 1119 1
1119 1120 2
1120 1121 3
1121 1122 1
1122 1123 3
1123 1124 2
1124 1125 2
1125 1126 3
1126 1127 3
1127 1128 3
1128 1129 1
1129 1130 1
1130 1131 3
1131 1132 3
1132 1133 1
1133 1134 1
1134 1135 1
1135 1136 1
1136 1137 1
1137 1138 1
1138 1139 2
1139 1140 3
1140 1141 2
1141 1142 1
1142 1143 1
1143 1144 1
1144 1145 1
1145 1146 2
1146 1147 1
1147 1148 3
1148 1149 1
1149 1150 1
1150 1151 2
1151 1152 1
1152 1153 2
1153 1154 1
1154 1155 1
1155 1156 2
1156 1157 2
1157 1158 1
1158 1159 3
1159 1160 3
1160 1161 3
1161 1162 3
1162 1163 2
1163 1164 2
1164 1165 3
1165 1166 3
1166 1167 3
1167 1168 1
1168 1169 2
1169 1170 3
1170 1171 1
1171 1172 1
1172 1173 3
1173 1174 3
1174 1175 1
1175 1176 2
1176 1177 2
1177 1178 2
1178 1179 2
1179 1180 1
1180 1181 3
1181 1182 2
1182 1183 2
1183 1184 1
1184 1185 3
1185 1186 2
1186 1187 1
1187 1188 1
1188 1189 3
1189 1190 2
1190 1191 2
1191 1192 3
1192 1193 1
1193 1194 3
1194 1195 1
1195 1196 2
1196 1197 1
1197 1198 1
1198 1199 2
1199 1200 2
1200 1201 3
1201 1202 3
1202 1203 1
1203 1204 1
1204 1205 3
1205 1206 2
1206 1207 3
1207 1208 2
1208 1209 1
1209 1210 2
1210 1211 1
1211 1212 2
1212 1213 3
1213 1214 2
1214 1215 3
1215 1216 1
1216 1217 2
1217 1218 3
1218 1219 3
1219 1220 2
1220 1221 3
1221 1222 3
1222 1223 1
1223 1224 3
1224 1225 3
1225 1226 1
1226 1227 3
1227 1228 2
1228 1229 3
1229 1230 1
1230 1231 1
1231 1232 1
1232 1233 3
1233 1234 3
1234 1235 3
1235 1236 2
1236 1237 3
1237 1238 3
1238 1239 2
1239 1240 3
1240 1241 2
1241 1242 1
1242 1243 3
1243 1244 2
1244 1245 1
1245 1246 1
1246 1247 1
1247 1248 3
1248 1249 3
1249 1250 2
1250 1251 3
1251 1252 2
1252 1253 1
1253 1254 1
1254 1255 1
1255 1256 3
1256 1257 2
1257 1258 3
1258 1259 3
1259 1260 2
1260 1261 2
1261 1262 3
1262 1263 1
1263 1264 2
1264 1265 1
1265 1266 2
1266 1267 2
1267 1268 3
1268 1269 3
1269 1270 1
1270 1271 1
1271 1272 2
1272 1273 1
1273 1274 2
1274 1275 2
1275 1276 3
1276 1277 3
1277 1278 3
1278 1279 2
1279 1280 3
1280 1281 2
1281 1282 2
1282 1283 3
1283 1284 3
1284 1285 2
1285 1286 1
1286 1287 2
1287 1288 3
1288 1289 1
1289 1290 2
1290 1291 3
1291 1292 1
1292 1293 3
1293 1294 2
1294 1295 1
1295 1296 3
1296 1297 3
1297 1298 3
1298 1299 2
1299 1300 3
1300 1301 3
1301 1302 3
1302 1303 1
1303 1304 1
1304 1305 3
1305 1306 2
1306 1307 2
1307 1308 1
1308 1309 3
1309 1310 2
1310 1311 3
1311 1312 2
1312 1313 2
1313 1314 3
1314 1315 1
1315 1316 2
1316 1317 1
1317 1318 2
1318 1319 1
1319 1320 1
1320 1321 2
1321 1322 2
1322 1323 1
1323 1324 2
1324 1325 3
1325 1326 2
1326 1327 1
1327 1328 3
1328 1329 1
1329 1330 1
1330 1331 2
1331 1332 3
1332 1333 3
1333 1334 2
1334 1335 3
1335 1336 2
1336 1337 3
1337 1338 1
1338 1339 3
1339 1340 3
1340 1341 2
1341 1342 1
1342 1343 2
1343 1344 1
1344 1345 3
1345 1346 3
1346 1347 3
1347 1348 1
1348 1349 1
1349 1350 1
1350 1351 1
1351 1352 1
1352 1353 2
1353 1354 1
1354 1355 1
1355 1356 2
1356 1357 1
1357 1358 2
1358 1359 2
1359 1360 3
1360 1361 1
1361 1362 2
1362 1363 3
1363 1364 1
1364 1365 2
1365 1366 2
1366 1367 3
1367 1368 3
1368 1369 2
1369 1370 1
1370 1371 3
1371 1372 2
1372 1373 3
1373 1374 1
1374 1375 3
1375 1376 3
1376 1377 3
1377 1378 1
1378 1379 1
1379 1380 1
1380 1381 3
1381 1382 3
1382 1383 2
1383 1384 1
1384 1385 1
1385 1386 2
1386 1387 3
1387 1388 3
1388 1389 3
1389 1390 2
1390 1391 2
1391 1392 2
1392 1393 1
1393 1394 3
1394 1395 1
1395 1396 1
1396 1397 3
1397 1398 3
1398 1399 2
1399 1400 1
1400 1401 3
1401 1402 1
1402 1403 1
1403 1404 1
1404 1405 2
1405 1406 3
1406 1407 2
1407 1408 2
1408 1409 2
1409 1410 1
1410 1411 2
1411 1412 2
1412 1413 1
1413 1414 3
1414 1415 1
1415 1416 1
1416 1417 3
1417 1418 3
1418 1419 2
1419 1420 2
1420 1421 3
1421 1422 2
1422 1423 3
1423 1424 1
1424 1425 1
1425 1426 3
1426 1427 1
1427 1428 2
1428 1429 3
1429 1430 3
1430 1431 2
1431 1432 1
1432 1433 3
1433 1434 1
1434 1435 1
1435 1436 1
1436 1437 3
1437 1438 1
1438 1439 1
1439 1440 1
1440 1441 1
1441 1442 3
1442 1443 2
1443 1444 2
1444 1445 1
1445 1446 1
1446 1447 2
1447 1448 2
1448 1449 3
1449 1450 1
1450 1451 2
1451 1452 2
1452 1453 1
1453 1454 3
1454 1455 3
1455 1456 3
1456 1457 2
1457 1458 2
1458 1459 2
1459 1460 1
1460 1461 1
1461 1462 1
1462 1463 2
1463 1464 3
1464 1465 2
1465 1466 2
1466 1467 3
1467 1468 3
1468 1469 2
1469 1470 1
1470 1471 2
1471 1472 1
1472 1473 2
1473 1474 1
1474 1475 2
1475 1476 3
1476 1477 2
1477 1478 2
1478 1479 3
1479 1480 2
1480 1481 3
1481 1482 2
1482 1483 1
1483 1484 1
1484 1485 2
1485 1486 2
1486 1487 2
1487 1488 3
1488 1489 2
1489 1490 1
1490 1491 1
1491 1492 1
1492 1493 3
1493 1494 1
1494 1495 3
1495 1496 1
1496 1497 1
1497 1498 3
1498 1499 2
1499 1500 3
1500 1501 1
1501 1502 2
1502 1503 1
1503 1504 2
1504 1505 2
1505 1506 2
1506 1507 2
1507 1508 1
1508 1509 2
1509 1510 3
1510 1511 1
1511 1512 2
1512 1513 1
1513 1514 3
1514 1515 2
1515 1516 1
1516 1517 2
1517 1518 1
1518 1519 2
1519 1520 1
1520 1521 2
1521 1522 1
1522 1523 1
1523 1524 2
1524 1525 1
1525 1526 1
1526 1527 2
1527 1528 2
1528 1529 2
1529 1530 2
1530 1531 3
1531 1532 3
1532 1533 2
1533 1534 1
1534 1535 3
1535 1536 1
1536 1537 2
1537 1538 3
1538 1539 1
1539 1540 3
1540 1541 3
1541 1542 1
1542 1543 1
1543 1544 2
1544 1545 3
1545 1546 1
1546 1547 2
1547 1548 2
1548 1549 3
1549 1550 1
1550 1551 2
1551 1552 1
1552 1553 2
1553 1554 3
1554 1555 1
1555 1556 2
1556 1557 3
1557 1558 2
1558 1559 1
1559 1560 1
1560 1561 1
1561 1562 1
1562 1563 2
1563 1564 2
1564 1565 3
1565 1566 1
1566 1567 2
1567 1568 2
1568 1569 3
1569 1570 2
1570 1571 2
1571 1572 3
1572 1573 2
1573 1574 2
1574 1575 3
1575 1576 2
1576 1577 1
1577 1578 3
1578 1579 3
1579 1580 1
1580 1581 3
1581 1582 3
1582 1583 3
1583 1584 1
1584 1585 1
1585 1586 3
1586 1587 1
1587 1588 1
1588 1589 1
1589 1590 2
1590 1591 3
1591 1592 2
1592 1593 2
1593 1594 3
1594 1595 2
1595 1596 3
1596 1597 3
1597 1598 1
1598 1599 1
1599 1600 2
1600 1601 3
1601 1602 1
1602 1603 2
1603 1604 2
1604 1605 1
1605 1606 3
1606 1607 3
1607 1608 2
1608 1609 3
1609 1610 3
1610 1611 2
1611 1612 2
1612 1613 2
1613 1614 3
1614 1615 3
1615 1616 1
1616 1617 3
1617 1618 3
1618 1619 1
1619 1620 1
1620 1621 2
1621 1622 3
1622 1623 1
1623 1624 1
1624 1625 3
1625 1626 2
1626 1627 1
1627 1628 1
1628 1629 3
1629 1630 2
1630 1631 2
1631 1632 1
1632 1633 3
1633 1634 2
1634 1635 1
1635 1636 1
1636 1637 2
1637 1638 3
1638 1639 3
1639 1640 3
1640 1641 1
1641 1642 1
1642 1643 2
1643 1644 1
1644 1645 3
1645 1646 2
1646 1647 1
1647 1648 1
1648 1649 2
1649 1650 2
1650 1651 2
1651 1652 1
1652 1653 3
1653 1654 2
1654 1655 2
1655 1656 2
1656 1657 3
1657 1658 3
1658 1659 1
1659 1660 2
1660 1661 3
1661 1662 3
1662 1663 1
1663 1664 3
1664 1665 3
1665 1666 2
1666 1667 2
1667 1668 1
1668 1669 2
1669 1670 1
1670 1671 2
1671 1672 2
1672 1673 2
1673 1674 3
1674 1675 1
1675 1676 1
1676 1677 2
1677 1678 2
1678 1679 1
1679 1680 3
1680 1681 1
1681 1682 1
1682 1683 1
1683 1684 1
1684 1685 2
1685 1686 2
1686 1687 1
1687 1688 2
1688 1689 1
1689 1690 3
1690 1691 3
1691 1692 1
1692 1693 1
1693 1694 2
1694 1695 1
1695 1696 1
1696 1697 3
1697 1698 3
1698 1699 3
1699 1700 1
1700 1701 2
1701 1702 2
1702 1703 3
1703 1704 3
1704 1705 2
1705 1706 3
1706 1707 2
1707 1708 2
1708 1709 2
1709 1710 2
1710 1711 3
1711 1712 2
1712 1713 3
1713 1714 2
1714 1715 1
1715 1716 2
1716 1717 3
1717 1718 1
1718 1719 3
1719 1720 2
1720 1721 1
1721 1722 3
1722 1723 3
1723 1724 1
1724 1725 1
1725 1726 3
1726 1727 3
1727 1728 2
1728 1729 1
1729 1730 2
1730 1731 3
1731 1732 1
1732 1733 1
1733 1734 2
1734 1735 2
1735 1736 2
1736 1737 1
1737 1738 2
1738 1739 3
1739 1740 2
1740 1741 3
1741 1742 2
1742 1743 1
1743 1744 1
1744 1745 1
1745 1746 2
1746 1747 2
1747 1748 2
1748 1749 3
1749 1750 1
1750 1751 2
1751 1752 1
1752 1753 3
1753 1754 1
1754 1755 2
1755 1756 1
1756 1757 1
1757 1758 1
1758 1759 2
1759 1760 2
1760 1761 3
1761 1762 2
1762 1763 1
1763 1764 1
1764 1765 2
1765 1766 2
1766 1767 1
1767 1768 3
1768 1769 2
1769 1770 2
1770 1771 3
1771 1772 1
1772 1773 2
1773 1774 2
1774 1775 1
1775 1776 1
1776 1777 3
1777 1778 1
1778 1779 1
1779 1780 3
1780 1781 2
1781 1782 2
1782 1783 3
1783 1784 2
1784 1785 3
1785 1786 3
1786 1787 2
1787 1788 1
1788 1789 1
1789 1790 3
1790 1791 3
1791 1792 3
1792 1793 1
1793 1794 3
1794 1795 3
1795 1796 2
1796 1797 1
1797 1798 2
1798 1799 2
1799 1800 1
1800 1801 3
1801 1802 1
1802 1803 1
1803 1804 2
1804 1805 2
1805 1806 1
1806 1807 2
1807 1808 1
1808 1809 1
1809 1810 1
1810 1811 1
1811 1812 3
1812 1813 3
1813 1814 1
1814 1815 1
1815 1816 2
1816 1817 3
1817 1818 2
1818 1819 1
1819 1820 2
1820 1821 2
1821 1822 2
1822 1823 3
1823 1824 3
1824 1825 1
1825 1826 3
1826 1827 2
1827 1828 2
1828 1829 3
1829 1830 3
1830 1831 2
1831 1832 1
1832 1833 2
1833 1834 1
1834 1835 3
1835 1836 2
1836 1837 3
1837 1838 1
1838 1839 2
1839 1840 2
1840 1841 1
1841 1842 3
1842 1843 1
1843 1844 2
1844 1845 2
1845 1846 1
1846 1847 3
1847 1848 1
1848 1849 2
1849 1850 3
1850 1851 1
1851 1852 3
1852 1853 2
1853 1854 1
1854 1855 3
1855 1856 3
1856 1857 1
1857 1858 3
1858 1859 2
1859 1860 3
1860 1861 3
1861 1862 1
1862 1863 3
1863 1864 2
1864 1865 3
1865 1866 3
1866 1867 3
1867 1868 3
1868 1869 2
1869 1870 1
1870 1871 3
1871 1872 1
1872 1873 1
1873 1874 1
1874 1875 3
1875 1876 3
1876 1877 1
1877 1878 3
1878 1879 2
1879 1880 1
1880 1881 3
1881 1882 1
1882 1883 2
1883 1884 3
1884 1885 2
1885 1886 1
1886 1887 2
1887 1888 1
1888 1889 1
1889 1890 3
1890 1891 1
1891 1892 3
1892 1893 3
1893 1894 2
1894 1895 1
1895 1896 3
1896 1897 1
1897 1898 3
1898 1899 3
1899 1900 2
1900 1901 2
1901 1902 1
1902 1903 1
1903 1904 3
1904 1905 1
1905 1906 2
1906 1907 2
1907 1908 2
1908 1909 3
1909 1910 1
1910 1911 1
1911 1912 2
1912 1913 1
1913 1914 1
1914 1915 1
1915 1916 2
1916 1917 2
1917 1918 3
1918 1919 3
1919 1920 3
1920 1921 3
1921 1922 1
1922 1923 1
1923 1924 2
1924 1925 2
1925 1926 1
1926 1927 3
1927 1928 1
1928 1929 1
1929 1930 3
1930 1931 1
1931 1932 3
1932 1933 2
1933 1934 2
1934 1935 2
1935 1936 3
1936 1937 2
1937 1938 1
1938 1939 2
1939 1940 1
1940 1941 3
1941 1942 3
1942 1943 2
1943 1944 2
1944 1945 1
1945 1946 1
1946 1947 2
1947 1948 1
1948 1949 2
1949 1950 2
1950 1951 2
1951 1952 3
1952 1953 2
1953 1954 2
1954 1955 2
1955 1956 1
1956 1957 1
1957 1958 3
1958 1959 3
1959 1960 2
1960 1961 3
1961 1962 3
1962 1963 2
1963 1964 3
1964 1965 2
1965 1966 1
1966 1967 1
1967 1968 3
1968 1969 2
1969 1970 2
1970 1971 3
1971 1972 3
1972 1973 1
1973 1974 2
1974 1975 3
1975 1976 3
1976 1977 3
1977 1978 1
1978 1979 2
1979 1980 1
1980 1981 1
1981 1982 2
1982 1983 3
1983 1984 2
1984 1985 1
1985 1986 3
1986 1987 3
1987 1988 3
1988 1989 2
1989 1990 1
1990 1991 3
1991 1992 3
1992 1993 2
1993 1994 2
1994 1995 1
1995 1996 1
1996 1997 1
1997 1998 2
1998 1999 1
1999 2000 2
2000 1 1
2 15 50
13 100 300
99 1000 2950
1000 1023 100
1023 1376 832
1350 1 21000
