50 200
19 13 90
7 38 84
37 9 71
42 18 17
33 14 46
25 26 88
34 30 66
15 1 67
20 19 98
6 21 1
11 27 77
39 30 57
11 14 16
5 30 80
1 31 21
27 20 88
12 33 55
4 28 98
13 4 33
39 34 63
35 5 92
45 27 56
9 4 81
27 12 60
6 18 14
30 26 83
39 7 39
23 36 60
28 36 22
9 49 49
31 3 54
13 24 45
10 11 49
9 17 31
7 9 50
29 15 79
36 19 43
32 36 23
17 0 22
15 4 86
33 37 51
22 48 1
18 43 21
46 12 51
7 19 80
30 28 69
31 24 58
20 14 15
43 13 54
32 34 65
4 16 33
46 28 54
28 21 2
32 8 34
14 38 87
41 43 96
44 2 48
25 29 8
26 46 78
45 34 4
24 22 45
4 17 57
22 32 83
2 12 94
8 16 69
13 45 26
40 18 82
46 4 97
17 33 43
10 39 25
29 48 30
0 19 99
19 5 37
17 12 82
35 12 20
12 37 9
12 8 50
37 47 38
3 4 50
24 26 96
8 43 15
44 39 14
28 45 97
39 9 74
19 49 10
38 6 13
10 26 61
41 22 51
37 10 60
15 38 82
0 23 60
24 3 86
14 49 66
2 31 86
15 40 86
33 36 33
42 45 49
5 39 57
9 18 46
46 6 37
27 13 32
0 40 63
33 19 15
46 19 62
27 2 26
14 48 19
10 35 44
1 17 78
13 6 96
33 38 41
16 41 17
11 37 46
48 4 86
32 13 27
18 8 100
45 37 32
19 21 54
0 45 40
40 43 53
39 27 90
3 49 52
5 33 48
12 20 78
23 35 27
34 5 63
9 34 40
49 35 16
36 24 80
20 46 96
4 5 30
23 27 26
6 48 16
41 0 69
37 14 88
40 42 19
45 25 93
41 29 34
10 29 37
22 19 69
4 7 79
17 26 19
37 4 93
38 13 30
18 44 74
20 41 85
43 28 90
10 7 36
40 37 66
26 45 36
35 13 48
39 46 78
25 36 91
44 9 100
22 5 40
14 35 60
40 17 53
6 30 25
17 21 78
21 39 60
2 38 37
22 34 42
36 38 64
22 42 83
30 11 56
28 16 33
36 27 90
36 49 12
16 45 27
21 38 56
29 22 88
25 46 22
7 43 3
17 14 98
14 1 10
29 17 73
27 24 43
3 38 39
8 22 65
34 20 66
49 7 6
16 25 99
46 7 81
15 17 28
10 40 27
19 31 18
19 8 84
32 6 28
25 21 40
35 7 19
29 47 59
1 41 97
35 3 19
1 49 44
0 9 60
13 29 77
8 21 31
46 32 50
49 29 74
39 47 18
24 39 13
