50 750
25 42 122
43 29 37
40 42 50
5 10 37
25 32 106
40 22 39
16 36 30
43 44 113
8 20 117
29 33 39
42 3 91
42 27 121
5 37 122
0 12 93
31 36 8
46 42 52
3 41 46
47 6 105
18 20 64
15 17 68
47 12 104
1 11 75
28 7 65
49 18 125
18 30 51
46 13 75
35 39 60
12 46 13
4 47 91
4 30 117
14 17 24
6 35 36
19 48 46
41 47 49
10 36 132
10 12 68
27 28 143
29 42 143
21 19 61
14 15 102
46 32 119
20 39 137
37 16 135
18 44 37
16 2 16
48 36 77
44 14 27
42 36 101
38 22 49
12 33 109
25 19 122
24 4 23
22 23 20
38 44 71
35 37 85
35 17 148
18 27 78
48 29 23
3 24 118
39 12 88
10 31 73
41 8 73
15 41 58
9 33 5
24 7 61
18 43 44
34 4 37
42 31 29
45 35 138
38 7 32
2 9 41
37 28 77
20 47 105
42 49 34
42 0 144
1 35 94
14 8 129
15 7 143
12 43 113
37 15 72
49 14 14
2 36 42
40 4 143
43 9 51
47 28 114
4 5 135
12 13 103
19 13 100
44 11 59
24 1 40
36 20 144
31 46 53
20 31 149
18 9 106
2 3 142
16 41 57
48 42 134
41 21 87
48 18 108
42 34 54
20 0 148
40 27 66
0 9 49
11 21 132
3 36 52
7 23 58
35 16 133
30 49 53
47 46 61
28 11 80
25 36 19
31 26 100
38 2 8
21 4 112
33 31 43
0 36 93
17 42 125
36 32 56
46 45 81
24 12 34
42 44 84
0 15 57
20 13 75
22 34 118
14 10 98
21 15 46
47 5 89
12 41 34
34 21 81
27 17 61
5 31 97
17 24 67
19 27 124
15 48 148
6 2 26
39 28 125
11 14 72
26 21 81
38 46 74
47 31 54
40 43 108
16 22 49
40 19 97
46 1 34
4 11 100
41 44 146
4 17 23
44 28 67
13 15 78
45 33 83
26 14 115
24 43 150
41 19 117
32 37 128
18 13 87
7 30 96
1 4 90
45 43 22
12 6 107
5 14 13
30 25 116
33 32 4
12 17 19
35 22 7
19 8 132
10 15 150
42 13 33
25 4 45
48 44 80
4 22 78
4 23 59
21 10 32
19 10 62
28 8 142
10 0 105
45 44 134
8 30 71
47 45 103
18 47 150
11 40 44
7 9 70
17 33 31
26 48 119
23 2 117
24 38 44
37 10 33
20 9 144
12 30 127
14 13 52
26 6 135
26 15 7
2 44 121
42 16 31
24 10 73
19 7 37
15 5 119
8 11 59
13 23 78
13 29 14
14 35 47
44 34 59
35 26 53
17 7 7
2 40 106
33 13 21
33 16 113
5 28 90
35 5 112
37 11 47
46 9 147
11 39 140
34 26 132
31 28 56
11 5 55
10 35 27
30 20 82
13 8 35
42 32 101
43 38 38
40 14 122
21 46 13
17 5 42
38 4 21
33 23 65
13 27 47
49 40 14
34 19 130
29 7 118
15 6 33
29 22 57
42 21 111
25 14 102
12 14 100
30 37 108
49 35 86
15 31 78
2 19 30
22 26 44
25 28 135
42 14 101
6 5 116
10 29 134
5 2 95
25 46 93
30 5 144
15 9 93
23 17 4
13 45 41
32 20 144
33 14 125
35 24 73
23 32 13
49 12 17
31 49 136
0 49 126
12 1 97
19 46 16
17 48 48
37 12 146
9 21 8
45 2 108
33 15 141
29 3 58
49 25 79
30 24 46
16 15 87
17 29 35
43 21 88
36 29 50
28 19 92
24 32 45
28 9 55
15 19 93
10 6 68
20 23 118
1 44 38
1 16 70
1 22 148
8 12 130
21 27 147
29 12 103
21 36 143
22 45 48
27 8 84
16 12 35
47 16 57
25 20 144
19 47 147
5 44 121
47 2 27
23 3 106
8 9 150
6 41 107
31 22 20
2 26 80
20 38 8
33 39 100
8 4 13
28 24 109
33 40 95
43 19 70
15 36 124
5 29 25
28 35 61
42 26 23
22 0 85
22 43 111
42 45 19
26 33 144
38 29 126
42 6 130
24 11 60
1 27 115
48 40 89
9 22 55
7 26 23
32 16 22
49 1 147
46 41 50
41 2 2
25 10 95
5 27 73
37 9 122
47 44 126
38 49 50
3 37 26
37 47 40
45 7 41
3 14 74
21 8 110
7 34 22
19 1 96
49 34 17
41 45 71
48 11 113
0 32 79
30 9 11
29 44 124
12 27 73
22 39 138
26 27 111
29 23 91
12 36 132
25 3 133
41 1 15
17 47 104
24 20 42
13 47 87
14 39 131
49 13 132
9 5 79
45 0 135
33 22 125
25 40 134
39 3 137
0 26 7
27 39 136
40 29 80
5 21 53
13 38 118
3 13 20
20 12 15
15 40 28
4 46 23
49 28 15
10 42 88
23 40 112
4 37 128
20 49 98
20 16 93
19 9 59
7 40 58
0 24 3
24 31 74
45 14 133
17 20 4
27 23 95
19 16 7
8 18 83
20 29 62
48 46 99
26 11 125
32 8 15
32 41 106
18 38 5
45 38 112
11 43 14
49 16 123
32 29 17
31 11 146
33 18 85
45 15 92
0 38 16
9 48 10
16 45 54
16 7 23
44 8 137
35 23 3
1 45 126
6 48 31
46 22 127
44 10 42
39 36 24
19 17 2
40 35 82
49 45 122
39 41 82
38 15 90
6 14 31
42 7 65
21 1 121
34 18 7
29 28 101
37 26 57
20 2 111
25 34 101
21 2 34
17 11 52
0 3 78
27 15 10
33 42 123
12 2 45
5 8 107
22 20 113
34 14 121
20 42 17
44 20 143
35 7 110
34 24 145
14 7 106
14 48 135
6 16 73
6 0 121
34 23 74
39 18 131
5 19 51
25 6 138
10 32 145
42 38 142
39 48 72
9 31 134
10 30 150
28 32 88
31 14 85
20 48 102
11 27 135
25 13 92
29 34 133
10 22 124
38 34 91
24 2 2
5 26 61
45 21 2
8 42 23
45 19 85
34 48 86
36 26 45
48 10 70
41 38 2
16 10 128
20 45 72
36 9 92
16 31 70
4 10 24
34 33 117
16 0 76
43 37 40
35 43 141
11 38 33
21 38 148
8 3 74
44 4 12
43 4 74
39 23 117
49 26 78
32 30 145
38 31 71
1 32 76
11 47 73
7 10 42
30 13 94
40 36 11
49 32 113
16 40 102
16 23 49
40 26 139
26 17 60
41 27 100
3 27 42
13 32 9
39 29 121
40 9 114
46 10 93
0 13 102
36 34 30
37 0 125
11 32 29
41 29 19
21 0 60
41 10 7
18 0 100
30 21 116
25 22 64
3 10 23
12 45 41
10 45 120
23 14 120
30 28 111
20 3 65
1 17 92
48 27 115
23 9 61
33 36 136
35 12 48
3 49 140
3 30 42
35 27 138
5 22 62
30 1 4
23 36 24
31 2 12
33 35 14
15 11 83
28 0 26
15 4 89
2 4 28
37 41 48
20 33 56
11 45 150
47 32 63
28 34 34
24 22 96
31 3 82
32 15 84
27 37 114
13 43 56
5 24 119
28 33 134
45 25 57
44 49 65
46 14 139
30 39 85
16 27 135
16 34 141
37 1 15
43 26 11
45 9 84
6 38 27
20 34 24
28 2 22
35 13 95
21 48 143
32 12 67
48 41 16
47 7 5
10 47 138
2 1 79
19 6 84
33 11 104
15 44 135
5 49 127
17 28 74
43 1 71
48 25 35
22 42 59
20 10 75
18 40 55
36 49 49
20 7 115
11 49 10
27 44 8
34 47 55
27 30 52
24 14 106
39 38 82
15 30 86
20 26 112
18 41 117
31 4 144
34 6 134
12 34 41
25 43 150
26 45 106
37 17 87
15 20 112
30 23 55
22 27 134
43 17 83
46 24 34
37 13 128
43 7 128
19 42 128
39 40 24
6 31 75
3 11 6
49 33 21
19 33 75
12 38 83
0 43 121
31 29 14
20 5 85
12 25 2
3 5 18
25 37 143
27 29 74
29 19 90
11 20 123
26 46 56
15 22 92
11 16 9
2 10 97
32 44 150
22 13 102
29 2 92
49 6 55
6 36 130
48 16 145
37 48 55
21 6 49
4 32 56
17 30 88
32 35 62
29 21 58
23 47 137
9 42 99
45 30 126
42 37 103
33 38 16
22 18 32
35 46 36
11 13 65
6 24 71
13 36 47
23 26 5
31 19 27
18 4 61
16 9 62
36 43 123
6 45 8
25 29 3
47 39 46
13 40 94
43 27 148
48 12 50
7 21 133
34 9 144
34 31 122
37 22 12
2 13 65
11 9 67
39 1 39
18 19 99
26 38 73
43 31 134
34 3 32
36 41 21
44 21 119
40 30 82
36 27 132
22 3 108
41 7 117
13 1 106
43 14 29
40 47 70
21 32 107
18 14 17
49 43 78
40 3 95
18 36 70
41 23 139
25 26 15
29 30 100
16 13 52
24 44 126
1 0 62
45 34 15
21 20 49
25 35 15
32 9 32
33 24 148
39 13 50
4 19 116
6 40 25
34 2 128
6 30 138
24 29 55
48 35 11
44 40 5
24 26 93
14 37 150
41 31 113
48 31 14
24 49 96
28 21 76
1 36 71
21 24 66
26 28 28
7 44 5
15 42 144
40 45 17
4 29 145
26 1 4
9 47 53
17 40 108
25 47 142
34 43 9
25 38 135
3 48 44
43 33 89
16 39 27
27 0 119
17 41 21
18 37 51
47 43 125
30 22 72
37 20 74
30 47 39
28 36 78
19 38 15
27 20 120
10 18 121
4 13 46
22 8 100
39 4 73
41 0 102
30 2 20
28 46 79
37 21 56
42 43 40
23 45 130
37 19 1
33 48 140
30 36 30
28 23 140
8 7 8
27 33 70
39 43 130
20 43 135
42 1 64
13 26 119
7 36 65
43 48 70
48 8 125
13 34 31
38 17 137
36 24 58
11 12 45
28 14 19
35 18 100
22 36 120
