50 500
5 38 125
38 4 15
3 19 74
28 30 70
10 49 56
18 38 82
16 13 146
32 26 52
25 30 109
1 38 102
42 43 8
44 7 56
27 19 12
25 24 36
9 15 75
32 46 8
4 34 117
24 45 58
32 3 70
26 41 70
45 32 2
24 47 52
18 13 49
13 41 98
28 39 122
10 48 150
49 45 2
33 26 25
38 34 101
37 35 98
36 44 22
21 14 133
49 2 39
25 13 69
15 35 28
49 24 65
26 46 21
39 25 91
27 30 6
44 18 64
34 6 46
27 28 27
12 26 57
21 11 71
28 21 9
38 33 39
9 47 62
35 10 86
11 36 132
15 21 124
7 43 78
25 29 51
3 30 69
24 10 71
22 44 41
44 25 60
17 13 137
13 44 130
5 20 77
2 13 95
27 26 101
42 10 103
24 4 21
38 19 64
43 2 77
16 49 8
39 3 52
18 12 103
9 43 89
2 15 84
16 22 38
25 38 145
40 38 74
13 10 47
8 30 48
41 29 142
45 17 106
45 0 36
24 5 85
42 15 69
2 23 130
29 49 9
19 48 44
31 42 124
44 2 14
23 26 51
32 34 147
20 1 97
37 42 21
22 34 27
24 14 86
0 2 123
16 39 124
17 46 139
23 43 64
41 30 17
1 49 6
37 41 28
35 25 22
16 25 67
28 8 128
40 0 121
42 5 117
27 31 95
40 22 114
41 6 138
4 36 36
17 42 79
42 49 118
35 19 4
43 35 90
32 5 132
46 44 51
6 46 43
42 22 5
24 6 119
33 41 122
1 31 126
46 33 2
16 34 75
5 15 107
49 17 49
45 44 101
45 6 55
21 24 23
11 19 47
47 31 54
26 5 4
5 3 85
48 24 11
45 13 34
48 31 85
5 13 61
26 37 136
43 37 63
48 18 17
1 43 119
42 34 130
11 44 8
43 14 108
11 35 115
33 17 140
2 17 15
4 7 139
14 46 72
29 40 25
34 8 124
7 34 147
39 7 26
40 24 124
46 11 70
28 38 21
2 31 37
8 7 50
29 42 88
12 40 116
12 6 57
28 7 65
45 20 135
43 29 73
49 21 95
4 14 77
40 31 65
37 46 133
28 25 13
10 36 88
18 34 104
45 18 82
31 19 109
12 30 147
29 10 110
26 49 5
21 12 75
33 37 1
30 36 100
2 41 42
26 18 117
46 7 77
3 23 101
39 20 87
48 49 19
31 32 137
14 15 132
34 39 62
9 17 136
45 26 109
11 38 63
14 12 145
49 22 91
7 12 89
0 46 32
5 46 88
48 14 81
37 32 87
9 38 82
34 27 130
47 1 106
7 23 43
18 25 150
40 20 27
19 39 67
12 32 12
34 43 94
42 26 60
11 43 77
47 26 131
12 43 119
48 41 59
26 15 35
11 22 11
1 13 63
32 13 125
6 40 137
19 37 122
0 25 9
45 37 113
5 17 41
0 34 87
12 33 113
34 24 74
12 23 20
15 16 71
48 16 122
38 36 97
30 0 26
38 29 123
9 8 126
12 16 125
44 35 71
36 33 73
10 2 102
16 19 5
46 20 98
10 33 87
30 17 143
36 32 33
17 48 21
40 43 144
44 37 9
36 31 144
30 5 130
14 44 97
44 41 2
33 31 59
32 25 12
0 3 18
31 18 15
34 48 48
34 37 141
10 7 94
0 33 84
6 35 114
12 19 42
11 47 85
30 16 21
3 9 47
14 22 126
6 48 45
29 39 74
36 23 38
34 35 63
4 6 37
18 49 98
17 32 42
44 31 149
22 21 74
37 16 77
12 47 99
41 10 53
39 33 71
27 17 98
23 27 138
17 0 62
41 5 70
27 20 53
47 30 100
38 46 76
48 0 27
41 24 133
46 1 52
26 6 21
16 47 68
13 30 138
25 27 131
26 13 95
1 15 93
29 31 83
41 34 21
26 25 66
26 29 75
16 21 63
43 13 139
28 43 69
23 21 7
32 16 89
45 12 122
2 22 114
34 40 27
48 42 68
0 43 53
30 35 124
10 30 44
0 12 73
17 25 77
39 2 128
31 46 132
2 46 27
2 29 109
4 0 100
9 18 24
6 42 150
23 13 26
47 0 127
40 7 102
23 42 67
11 1 141
44 3 128
1 21 24
37 4 26
41 32 45
1 4 140
10 39 101
25 48 117
31 25 60
31 21 149
47 35 54
12 28 81
21 9 10
27 6 132
27 18 86
32 48 135
9 28 136
18 37 29
47 4 94
47 49 93
5 4 115
10 31 127
30 42 24
15 41 90
37 24 48
18 7 105
27 7 9
9 29 76
15 44 125
36 39 52
18 3 65
39 22 55
36 25 100
0 14 104
25 41 75
30 19 109
7 24 61
48 26 44
2 32 82
45 19 41
14 1 77
36 22 128
32 42 28
0 39 114
0 44 146
31 20 12
16 40 101
43 24 41
17 34 112
26 1 134
4 12 24
10 18 138
2 21 102
28 36 136
36 46 47
26 31 95
36 42 85
38 6 29
18 24 86
29 23 91
46 29 95
3 20 125
16 27 20
7 19 8
33 2 138
40 32 51
40 49 86
6 11 26
29 15 9
44 43 136
41 22 7
20 19 117
30 23 63
14 7 88
14 34 88
39 44 30
41 38 115
26 39 73
38 0 125
35 17 26
44 20 28
6 32 133
5 43 37
9 39 59
0 29 116
28 35 62
28 33 99
8 20 74
5 40 91
11 7 84
8 1 51
3 49 26
15 17 49
31 30 57
3 45 7
35 13 16
12 27 59
11 27 148
6 1 57
6 31 56
16 7 135
44 40 24
1 28 150
8 29 48
18 23 80
14 8 11
25 19 63
17 4 143
5 11 29
22 20 142
36 26 49
42 14 57
3 47 37
4 11 41
36 5 98
11 37 77
5 45 141
21 26 63
19 6 86
45 41 52
49 7 100
33 13 90
36 16 105
24 31 89
6 20 4
8 33 71
10 34 125
14 30 2
39 43 54
30 40 139
35 9 109
37 12 144
29 17 100
1 39 45
48 12 31
34 29 41
2 5 97
34 46 30
33 30 13
17 16 72
47 22 52
28 46 104
14 41 77
25 43 140
39 24 142
18 20 125
42 27 4
44 23 61
20 29 46
33 1 56
19 43 133
4 2 119
47 8 16
22 24 49
29 12 139
0 1 98
5 21 50
0 37 85
28 32 147
11 40 55
15 4 56
18 46 111
2 16 142
9 41 143
2 38 124
39 32 40
42 40 144
23 40 35
4 18 18
41 17 3
3 22 138
30 43 18
46 10 68
43 38 101
8 23 38
5 22 137
15 34 5
41 31 96
15 37 57
11 25 75
9 30 92
43 6 35
25 10 142
29 16 40
41 18 25
