50 200
16 26 17
18 45 56
24 47 20
27 2 98
17 48 100
40 47 19
34 26 90
29 25 57
9 18 82
26 24 81
44 48 11
15 48 98
25 0 68
35 15 75
24 31 85
0 4 24
29 10 7
1 7 6
38 19 67
33 34 36
12 16 21
17 30 10
34 43 86
9 10 7
27 16 10
28 44 90
41 31 73
35 29 58
8 3 26
32 18 65
39 29 56
40 49 96
28 9 77
27 29 3
9 23 3
41 29 60
34 17 35
26 7 4
38 28 66
33 28 47
32 38 86
25 6 68
26 6 19
25 35 5
10 20 68
3 21 5
32 47 42
5 39 41
44 40 100
40 6 43
30 32 21
28 23 79
43 10 3
14 8 48
11 45 53
46 6 75
8 11 88
14 3 83
29 45 41
37 25 81
48 39 85
25 45 89
47 45 51
37 12 63
40 41 23
11 4 7
22 32 65
6 29 78
30 35 83
18 47 17
5 21 28
16 42 12
34 28 34
4 3 4
11 10 25
35 8 88
40 12 76
28 6 66
23 38 21
12 27 54
35 24 18
30 39 6
23 10 75
18 10 37
23 20 56
46 24 22
0 42 19
40 34 19
40 0 33
8 28 85
1 46 62
10 12 100
25 32 69
1 17 83
11 3 42
12 35 35
41 7 36
41 5 9
27 4 82
35 48 85
43 24 8
32 20 14
36 21 4
24 44 62
12 49 6
42 14 43
41 23 21
49 19 95
15 40 17
28 36 21
4 30 12
1 45 52
20 1 97
30 0 98
38 21 85
17 44 4
46 43 18
39 45 17
44 7 88
48 2 29
0 26 61
41 37 44
18 4 64
5 43 43
39 36 84
14 21 45
7 48 58
0 37 17
22 20 79
18 16 56
31 45 37
17 15 64
36 46 19
35 4 28
33 29 50
11 22 71
22 48 68
35 2 64
29 11 95
22 26 97
4 8 25
34 29 84
49 17 18
8 19 97
13 15 46
12 33 80
17 13 51
27 26 49
37 35 95
48 12 59
22 15 62
8 26 70
14 27 74
47 13 87
42 48 75
8 23 47
28 1 29
35 28 4
24 20 17
12 34 4
36 49 89
41 42 61
17 4 94
7 46 30
45 15 59
14 0 86
36 8 4
31 10 67
14 33 36
23 15 24
30 13 33
26 12 6
27 22 35
32 49 96
14 2 35
17 31 83
28 14 33
25 31 57
38 9 37
3 30 12
44 49 84
40 4 9
48 16 24
3 49 16
18 15 30
29 47 90
30 49 1
40 30 98
18 3 91
8 24 44
46 4 39
41 8 34
30 16 50
26 30 26
0 28 55
48 30 53
42 13 70
17 23 71
3 45 75
28 40 14
