50 100
30 1 15
31 7 9
13 20 2
43 41 16
21 23 1
27 34 20
0 12 6
34 10 6
19 26 6
45 35 13
44 27 2
5 12 6
6 7 3
6 42 20
8 39 8
13 46 12
49 42 17
21 11 5
24 49 4
22 23 2
14 40 17
19 33 20
19 38 15
10 37 7
37 12 14
42 0 2
4 21 12
12 24 11
15 32 1
34 8 19
2 40 9
28 20 7
28 11 15
35 40 1
19 13 11
15 2 17
45 19 4
17 37 13
41 9 12
44 20 10
39 46 2
45 11 1
29 27 7
23 12 15
47 49 11
18 7 9
0 21 15
4 25 12
15 49 4
20 8 10
35 18 14
49 26 18
2 20 4
42 38 2
0 18 13
17 21 15
23 10 17
11 41 7
18 27 5
8 36 15
26 13 2
6 40 9
2 41 19
42 31 3
22 32 9
41 30 16
30 32 15
30 9 10
33 46 3
33 9 13
35 48 4
44 35 12
26 41 17
49 41 1
25 49 18
19 9 6
48 26 7
16 46 12
6 1 11
29 32 3
33 43 1
43 20 14
21 8 1
40 23 4
3 1 13
13 16 4
0 4 14
34 40 5
19 30 13
40 4 10
35 16 2
41 39 3
44 30 13
17 49 14
36 6 11
44 28 4
47 3 11
19 12 4
39 22 5
8 4 1
