100 2
0 0 0
10 10 3
20 20 6
30 30 9
40 40 12
50 50 15
60 60 18
70 70 21
80 80 24
90 90 27
100 100 30
110 110 33
120 120 36
130 130 39
140 140 42
150 150 45
160 160 48
170 170 51
180 180 54
190 190 57
200 200 60
210 210 63
220 220 66
230 230 69
240 240 72
250 250 75
260 260 78
270 270 81
280 280 84
290 290 87
300 300 90
310 310 93
320 320 96
330 330 99
340 340 102
350 350 105
360 360 108
370 370 111
380 380 114
390 390 117
400 400 120
410 410 123
420 420 126
430 430 129
440 440 132
450 450 135
460 460 138
470 470 141
480 480 144
490 490 147
500 500 150
510 510 153
520 520 156
530 530 159
540 540 162
550 550 165
560 560 168
570 570 171
580 580 174
590 590 177
600 600 180
610 610 183
620 620 186
630 630 189
640 640 192
650 650 195
660 660 198
670 670 201
680 680 204
690 690 207
700 700 210
710 710 213
720 720 216
730 730 219
740 740 222
750 750 225
760 760 228
770 770 231
780 780 234
790 790 237
800 800 240
810 810 243
820 820 246
830 830 249
840 840 252
850 850 255
860 860 258
870 870 261
880 880 264
890 890 267
900 900 270
910 910 273
920 920 276
930 930 279
940 940 282
950 950 285
960 960 288
970 970 291
980 980 294
990 990 297
