100 75
-223890 -572648 0
764329 -756210 103
223666 12887 171
-74665 523058 329
9451 -646443 459
-344747 -527207 562
550695 -81538 739
7393 -931131 883
662262 -567464 913
-952387 585259 932
-330700 76961 954
252213 -996061 1034
-285086 934059 1036
-808004 -386098 1039
-313035 -295688 1081
94815 603209 1114
-731447 469383 1216
-975145 599733 1334
466721 -465494 1348
-476177 6201 1370
-75777 86159 1567
-945712 -466052 1751
485606 -463771 1768
955186 -223440 1949
-918003 -872218 1971
303854 773062 1973
-180620 -183148 2097
-120959 -618595 2199
15340 439 2387
186359 510052 2474
-546190 936603 2642
788074 -925269 2763
-110486 -954372 2821
128690 -245020 2863
-150572 469665 2949
-333938 -156488 3116
-916955 834404 3256
889458 81327 3416
638937 -820161 3556
-491394 -24286 3596
556886 -315280 3714
894961 566689 3750
-702928 -600512 3776
-590715 -314858 3936
932858 655352 4023
667474 -861649 4117
-946960 27303 4243
349403 -226210 4431
-496104 574183 4630
-609069 -594068 4797
110794 884247 4870
455827 -56123 4995
292343 -481149 5127
-967745 239592 5148
24730 -9238 5242
703334 -309136 5249
-569690 148465 5305
-992441 79633 5373
188206 -946445 5505
493915 -626576 5555
-2739 -360013 5690
-977246 440197 5704
-446339 702995 5806
-764898 877342 5932
-144227 419523 6009
-439385 -815045 6192
854118 43062 6296
476220 162738 6395
-968448 -473279 6470
681710 -777812 6584
407424 -85433 6616
-672111 215130 6661
-797178 865546 6843
-607447 365748 7021
-725121 341322 7116
991604 196180 7231
704363 506419 7328
160884 -497644 7370
322753 -430555 7509
119535 -766260 7621
-736902 142933 7697
932364 392603 7745
971435 -608816 7899
-194718 874074 8070
230300 16015 8256
569618 635528 8347
-182880 257760 8368
377567 -819523 8428
-219617 500079 8436
668369 506759 8583
-474140 -858351 8699
-937949 -458269 8715
-482446 -897636 8857
-9526 -269051 9022
-799434 -607934 9130
-469315 -769005 9251
314553 233390 9447
-408083 -816478 9465
557258 -353189 9548
-991937 318455 9719
