100 1
47288 722454 0
-19068 107859 1
-918269 -88437 2
761516 -843327 3
-928756 -385807 4
195292 443858 5
48011 763340 6
-448142 -781571 7
821103 560597 8
722034 -843319 9
953123 -267746 10
-203914 34841 11
459093 -844715 12
-951577 186906 13
-214679 982245 14
-425562 -994625 15
-269784 636532 16
941848 -587357 17
-661510 -81696 18
40930 -632654 19
655668 558116 20
-965596 -165606 21
314384 -18079 22
-539736 99108 23
739792 -154044 24
-614246 143090 25
46281 655475 26
145733 -681100 27
-625609 332506 28
-223306 -909293 29
-982546 718045 30
-638069 -831976 31
-493368 601077 32
-765918 -865443 33
-592004 -428013 34
-672624 -434881 35
-83223 200366 36
-562429 -298348 37
235034 -558825 38
-636113 -619266 39
102563 -816850 40
409066 -215279 41
-671407 7382 42
496095 -675366 43
12073 -965455 44
951020 398906 45
-563127 666656 46
809256 953612 47
150349 156122 48
-595127 373183 49
876983 374701 50
351145 626076 51
127752 -300471 52
-921907 63236 53
-282335 -410108 54
-455993 -113111 55
371924 -198934 56
147661 614184 57
296275 488675 58
507690 196442 59
170494 -549488 60
204697 103820 61
603840 800274 62
93391 -912480 63
493215 520950 64
-211309 60946 65
149253 154884 66
632894 -939555 67
-519730 -125162 68
496541 -135995 69
149319 -221569 70
-256781 -791837 71
-532071 -879307 72
90739 549742 73
32566 -630142 74
977687 427895 75
-197787 -47558 76
766976 -591654 77
-178923 -172083 78
592960 632503 79
-796658 63873 80
331397 -920281 81
-80398 -561168 82
851478 658830 83
-301566 298683 84
-88859 -609307 85
7442 458516 86
347890 154985 87
-213748 -621423 88
-101868 -654208 89
34589 -624217 90
-793476 622038 91
916802 -808103 92
406524 14506 93
-916395 544002 94
-653451 -238524 95
785038 191300 96
9538 -816676 97
-594278 -875736 98
811833 775056 99
