1094.776312105548
1245.968352647242
733.3897045341705
1798.500766741715
1255.484143158109
1201.130928292733
1465.128617633288
884.03833406935
731.3811940000005
694.1754584085236
1010.743955381179
432.1212469173286
1194.828764225455
1040.063743999999
439.8796613292833
1307.410846495367
1156.584328000002
1085.674602030845
1049.436901901759
719.7443924087596
760.4043570297866
756.9607830001237
879.6158919245172
853.6242823779902
1104.48331
1203.586990816724
420.7905099999989
889.2217789999986
1161.566264122711
1327.929476437382
392.0741410000001
392.2031792377629
734.9266028155409
798.7747969999996
568.6435150101258
287.0058357758721
1419.540269
1428.507318640581
1121.66768233481
656.8190149999982
217.8070366788175
1313.759819839386
1213.21795773205
1297.477492253677
1269.979003905442
657.4875664071278
882.8513098106499
825.4140718870115
500.9243909424773
1574.15446594999
762.1364406348328
1435.587395826396
695.2898343186712
348.1203142371635
1416.043211390624
1101.580866772031
966.6898535335839
673.5166028831773
1106.361344244418
666.9348502578154
1113.893742641093
615.5191830784929
562.9900910932754
1441.795936695949
918.1060189097562
466.8843156238388
855.1816474921554
879.2012214899423
519.6129109999993
1103.567265
744.5581574887743
1046.033735617546
1312.749536824048
189.5043680964415
1221.165874496528
952.2762549999998
753.2276302103022
644.1600690000005
871.7309647225281
1461.451968790622
1252.488681875115
914.2703079450129
448.0003110000004
565.6579540000002
1585.773683181513
846.841000042848
645.999720841839
296.2057530347467
1159.987434844811
712.444774170472
1207.043431294184
1184.546929926584
633.7359568707317
420.0104349401671
1014.162291615174
1081.700788145963
773.8309699758762
1205.477749716239
649.2757243051124
501.4467846295645
336.5805439222016
375.5392966329431
1230.970311690527
1427.125491934431
872.3804090078224
997.4583670749374
1188.874856789293
726.6619361887358
1612.348025942765
834.4322399574349
264.572021357017
781.7018849973763
1625.855898032726
1018.310182753116
1433.827460364203
1106.115236186733
754.4046551510012
963.0699790364133
658.9692820000005
633.2627455043247
1378.678023090712
1213.294049378448
1357.977029915163
821.0886868293146
767.6739003758879
1398.784670143019
1984.69167510329
1050.222871550266
270.5825069999992
1452.651539347708
1319.242151719984
1315.414834822153
1631.694115550648
557.2008991773882
684.8419183025475
1029.274945844014
1279.875960575864
1250.892158591175
1606.426676098039
1489.911162646256
1686.197689105562
531.2956013200601
1033.42914618693
1499.628586818323
642.0711659999997
741.0627802694412
780.6610390000001
1599.338447751416
1067.652616355972
814.6541608408688
1650.785735190621
910.5407765565138
531.3293781578799
1408.441255851086
903.5066414734817
1035.349014805582
465.1624945097159
1567.273465213874
436.8649275895476
865.4352758701459
616.5719547437142
1096.67394175629
454.3916009871907
1242.649006609073
983.8170271670726
767.2783464099597
1354.652390407877
1165.864582199376
1261.617301096026
555.1124790558529
791.041669693099
390.9218704226951
921.2563537975834
1726.356113837827
1528.657970907801
1150.548638153746
635.8888079999988
1767.646351699408
780.2148439599104
981.0399662341528
686.9175329999998
1073.302176893723
684.4318135182956
1563.656898594813
606.2783475576463
735.1025530000006
1009.315378635941
1483.055684695713
1306.829139393889
1456.453603227133
2084.333690919107
1379.223036065037
1162.541281281426
760.773802246674
812.6087363872147
1564.954439979336
730.9869039459311
940.8738796898813
514.0979054032535
267.7872028608235
622.9407645056951
952.2223987416314
621.3316081369056
1004.005097470764
1016.584936421991
1145.049626447497
729.4025825755818
1448.312284331721
1270.803452068691
866.6395440000006
893.1994643494318
1332.641467398141
703.4023792859807
142.3996324341866
1979.753056298656
1189.884526661834
1137.300034210483
918.6923399999978
769.2526144225412
1759.764186593746
1159.784341920051
1205.821798917268
689.3462170000001
1195.096427066726
462.5469847548878
1326.115888000002
1204.85983750233
818.1734804965774
690.4737843766927
526.0631463386927
1682.786549
500.7994246743402
1005.729846306624
1020.308882037729
1160.241725503653
1058.341922790655
582.4246439999997
1194.225308308826
534.0515209999999
785.0643989999999
1006.730879948601
798.8558070000026
401.1878513112779
1332.070903999998
1618.630352983242
608.2867301434869
944.0119226901701
1893.417217538034
1236.365585082537
1676.610830631838
1961.667252227791
1168.786423320787
828.5396179999989
1011.121226793923
1138.454431177342
794.4945005203389
952.7438740283267
619.1562060000015
1465.629811243744
750.9240648967697
1156.644527287925
1434.36411829385
1459.9552960649
1781.998010720262
931.7086759999993
1298.829599
1178.462867263275
1153.502097000001
426.6489418025539
1441.903205853272
502.607181190205
1002.244899776683
1287.352792214066
562.8373972841007
1302.830732133328
1086.355496210853
1047.299821713863
777.8043412194457
868.9870383571481
529.335202431599
640.7305930000002
708.075142604654
419.8455180000001
1282.142629000001
1368.721697237621
835.4447414234322
772.2948406036504
947.2495374607252
1219.652108974517
452.586889640114
1339.07812654443
873.3998580057014
968.7663639563478
750.4999361054495
736.4032178910704
1459.57987801844
595.6003471291808
715.9764057162798
1035.983390999707
782.3132949484441
498.7960766113854
941.3171300000004
469.2140175801964
1122.226726605503
514.2111343869694
1558.310727551819
1508.409956676658
103.1505822888379
1133.035183954387
675.9205929999989
606.3367823045683
1742.819891531548
1367.632811677277
1944.899673931092
771.7827290086848
537.4569512623525
462.2915280000002
177.8997774325111
1439.660257908597
1776.076080349605
953.1117609999997
295.7570849999993
1773.879638553483
1150.853169755227
880.171702301828
1446.480627516529
1011.346788
581.1680777750314
487.1780073144658
179.1788590478789
1052.492514568716
740.0907964146317
299.4132465487756
1054.173522999999
923.3187059999996
990.9806715434715
867.6735103770295
799.7894812938031
206.4284759999999
348.5370510000008
1002.650660015207
777.9957004822513
692.5284245343511
742.5550020332706
887.2719444521995
750.1965759894954
1368.098476374731
872.849563250652
549.702564342246
757.2562499999997
1309.796601777759
351.9662778861527
883.7467340000021
1345.113359444448
1343.95281646003
746.7099620955454
619.3780730000008
1296.675640418005
706.0694603973975
766.546801
1378.598949456023
1042.73630495983
605.2715827196755
738.3212878483882
170.4378202015419
998.5727096970156
346.1782560000001
1098.931352636276
1056.427357857014
1085.190366249668
1507.775645851458
1341.207626090895
1215.709099428678
730.5095878543231
918.7743900921014
1659.014017381083
1388.415995889858
427.1403441579445
863.2710666023945
1312.120356242164
1056.087965291926
613.3006830000004
1355.737443169836
845.9924020000003
972.3370986836595
1011.678132295115
438.0342166551759
1101.464822126138
563.4015292549537
883.084897234179
406.2913347800028
1543.414302620437
181.0659789813866
510.7855783631496
674.0229243711386
1229.559963118595
845.2918531885275
1514.974321625381
950.6903600276814
770.7450905242788
1055.177705312051
2417.505749381469
1011.624058737454
589.3272551506909
666.5796068013539
1047.611284137063
1111.616803265772
1473.775619395934
913.4335433691472
1309.543828033553
652.4209112354711
1069.752658563496
673.0739810000014
665.3796243714961
839.2597861388392
632.8494097582594
1125.224716128414
2158.900478784234
1225.143220705857
910.323339529805
1062.136210174491
1471.42514097794
1178.693939656979
484.3396928349013
1040.92639635528
717.7784415036141
1190.537428487085
544.2866401263286
960.7060783100785
886.042393986642
1293.598398295301
998.9096694652309
783.12045034626
567.5878445537569
438.9236453489104
1113.668933847747
794.5935424905921
969.6295528039324
616.0122999329662
983.5755016094076
983.8481573016302
713.8443592871479
836.5102009999991
2113.777051384529
1122.347697316389
583.0710837101376
2304.585539809799
1055.598841802366
1078.410854387919
1104.257066862926
1803.145002517414
926.7883646489236
515.5596886890669
776.9134789369655
595.0347630182169
797.744259000001
1514.686361610024
952.8603610081498
1142.060085117418
705.0047541187985
529.0608397202077
253.8232356891592
683.5694335484337
843.6195808471393
1670.964364455592
739.3479035756937
433.8319285780702
1030.607808436086
746.5856014729345
447.8049907037869
1215.045195181819
998.7477261933434
788.3256885652263
709.1074383564098
956.6271672197815
1450.561383066894
936.6340551754973
1157.401626743558
1119.604713000001
1689.85554082707
1920.242460242615
2175.93754789168
1179.952589
998.3475522219269
871.153491
1213.353396560264
1854.673178487414
1333.234411463409
998.0614298505053
807.2036140000014
540.3921506850123
685.5159566182281
689.7781149999996
563.6887210000007
878.3058709999987
786.3616870534739
460.5211391411501
648.3356340000003
1652.396720857825
1060.279581440449
