-281.581703 4702.078114 -8810.103627 4451.302659
-84.692919 -2864.694543 7001.868595 -4442.524340
-456.171002 5806.587246 -15968.504327 10567.627044
-98.693718 1458.681683 -540.750174 -1317.399420
397.504061 -2429.708652 2228.947501 -683.126019
359.096855 2345.386222 -10088.048601 6891.077888
-239.697002 6880.949835 -19504.514104 12714.889931
322.887317 -4915.748723 12592.022628 -7937.498747
361.215791 -4260.978417 12110.066079 -8112.386575
-311.045309 4583.589005 -10772.764092 6185.534512
74.365861 -2289.978562 6723.358054 -4646.216649
-287.070002 5228.888372 -14734.572786 9592.083566
325.002955 3103.060697 -13403.086435 10185.803309
-411.716666 3972.771169 -6362.006783 2609.627200
399.373091 -1036.714567 2547.327044 -2003.015927
438.749455 -31.387262 -5655.174578 5248.915610
-458.090745 2681.164981 -6778.835279 4914.333605
-470.963441 -569.544283 2247.439565 -1592.613169
-146.092741 -1711.352011 3752.479621 -2182.110912
112.947553 1724.343688 -4181.634847 2059.835250
268.056363 963.212319 -4921.727569 4045.635006
445.017496 841.467009 -3825.092821 2068.802942
-18.933045 -3434.142163 11805.140099 -8184.223380
-87.721964 -3830.953384 12311.322588 -7928.243075
240.789915 -2562.581793 6728.742478 -4500.123650
40.538602 4536.948908 -15104.962481 10744.603289
275.650756 -3172.484921 7355.276968 -4578.466050
-230.714737 4155.991095 -8632.564064 5120.962710
-364.205914 1962.122498 -6308.411764 4982.276023
-179.367084 4211.551589 -9681.653950 6098.644989
293.361181 -4345.506211 6491.762434 -1948.211249
63.259626 -423.544322 4060.102946 -3595.483976
-453.854821 5377.725343 -15356.125579 10541.389868
228.788505 885.053648 -3269.436503 1790.788159
-297.652162 7305.819662 -21462.702335 14728.507342
-344.059277 5660.974918 -12785.137733 7116.903793
393.344750 -3470.264688 8209.373598 -5403.764881
72.299614 2384.233090 -9018.762281 6064.349491
129.405179 -2160.862575 5994.588653 -3993.252129
-241.491373 2692.159734 -3855.597352 1308.907110
160.235872 773.538197 -4567.686449 3818.257046
280.800314 3826.291154 -14436.474487 10424.937866
-9.677268 1710.609527 -1462.958453 -654.830831
-116.028374 -489.212377 2546.259557 -2046.627301
38.036249 2227.138776 -5786.013785 3326.162974
84.075670 1564.498956 -7281.750235 5989.278989
29.502249 -1845.632783 5110.736737 -3388.365184
192.813822 -6110.538394 17404.284236 -11264.177324
-420.004041 2826.856034 -6050.774920 4022.282195
84.231200 -4524.620929 13222.752825 -9004.251897
-285.085451 -3296.983508 11948.231809 -8605.150808
329.383124 -2208.883443 3766.808732 -2354.546536
128.850284 -5094.231100 13734.563911 -9258.180589
419.104951 -4900.473149 13031.032602 -8327.616721
-44.596489 6707.793206 -21127.637771 14835.190633
188.185721 -929.089192 -1338.549761 1793.763242
408.339139 -2918.561648 5744.369641 -3476.081912
-197.838142 -1508.019519 8618.582574 -7077.307605
-141.303276 2180.106779 -5368.824546 3196.501608
-61.130590 -5385.569672 17772.136472 -12759.927560
-496.132066 -1570.900481 6613.487035 -4424.178151
98.398913 -4228.324553 13338.937524 -8884.278709
-209.523477 -1186.621716 1054.766016 351.683057
177.300981 -482.437798 -2342.978181 2810.364579
-71.295499 -2539.995060 7873.737784 -5140.606223
-218.285875 3402.680664 -7237.863916 4377.470235
486.633583 -3096.645250 3669.626549 -1380.357989
270.598072 -1022.860251 -783.001606 1797.259964
369.792357 -1724.341419 3297.406036 -1818.960376
330.125529 1788.971058 -6239.380765 4240.642883
-131.223633 -1801.645124 2314.187274 -450.506791
152.666979 -2015.757787 4325.186985 -2343.898102
-444.943061 1330.386037 -1602.628984 1186.533614
325.220745 -1315.144615 516.007164 293.887849
254.983931 -8325.499672 24621.435047 -16975.240871
427.452404 -1379.292093 2504.913435 -1724.462098
475.965637 -6651.934744 14398.693546 -8214.910890
322.332111 1236.090260 -3356.760379 1656.768633
-356.476010 -1692.779046 8205.414239 -6165.976373
2.491462 -2645.789198 9558.444465 -7222.815462
11.614727 2068.441049 -5730.172568 3418.028449
291.217257 2388.517457 -7031.846225 4204.708201
-407.421476 5861.631272 -11569.243702 5830.442804
-122.634670 -849.023620 3466.801686 -2057.859152
436.300016 -1612.776556 -1435.981146 2634.517830
-235.175370 5947.108933 -15461.436561 9263.942639
187.031291 5078.780547 -18185.248376 13367.386396
-306.714923 2442.828274 -4966.796435 2339.798648
-294.720729 -74.868768 -1088.111082 1622.771226
342.375616 2932.512692 -13147.337743 9930.258417
-404.431658 1408.875939 -4416.539712 3569.504605
-424.009082 -369.187020 2909.985162 -1769.351945
375.589274 -5586.650475 10791.611549 -5255.792053
212.662186 1419.030908 -6232.528693 5033.855957
-226.844057 3596.400694 -5156.569388 1627.549077
-105.979049 -502.549629 1006.915607 -879.771094
376.344811 -197.956773 -1549.713654 1842.555997
-30.991754 3172.758493 -11518.589857 8793.740712
134.004224 3014.885360 -11700.342814 8279.721007
-3.466049 -2662.146353 7504.671485 -4710.660236
-0.568501 2577.066786 -4148.214853 1703.128067
-366.933413 3000.605541 -8212.049509 5776.283467
207.573105 -2293.656572 1695.139742 338.395424
-179.298232 -3976.011593 12398.645384 -7746.825580
-156.782750 2080.647246 -7549.203634 6086.654151
321.431058 21.708478 -571.539326 566.409637
-68.497225 -3205.522835 11298.151358 -8131.100437
169.674849 -4476.478202 12376.897230 -7980.195100
-71.254905 3989.728024 -9442.463182 5295.398739
65.614684 -2741.670847 7262.165580 -4100.645194
197.191296 -1257.846601 5547.858787 -4630.839333
-87.750532 3680.367114 -11715.153933 7956.030172
-486.153457 3907.717338 -5851.248593 2196.351519
369.023447 -1403.235931 3300.033363 -2517.644486
-399.359241 1865.245698 -2429.682937 1025.924886
192.124344 -610.173045 108.374029 556.591514
-68.635441 5571.351086 -16094.106948 10735.109522
472.117858 -2052.375784 -437.975281 2513.325664
18.943108 2530.356256 -5369.890227 3039.367308
-24.277038 1747.679759 -7675.068369 6168.462495
-295.393674 2717.152967 -2137.530530 -327.659080
66.678159 -5598.999692 17771.774016 -12097.185854
75.227410 1535.187334 -2354.719664 859.956631
-241.690250 2320.619445 -7703.543796 5585.168375
27.293477 -2031.385921 3882.342464 -1696.776702
22.061325 -2908.786177 8634.524184 -5253.507164
-431.525538 5269.702751 -10599.652422 5735.676828
406.601271 -5932.513625 15333.205588 -9602.688732
-212.132128 -2985.914004 11248.532634 -7745.700154
-455.838668 467.076779 725.691944 -1114.230977
-296.592195 4789.046140 -13585.079733 9537.297963
-394.767207 3945.796109 -8842.191130 5717.948315
-6.236571 1250.326867 -2505.383766 1428.889315
-216.616983 5725.828166 -16448.846520 11023.141703
491.486276 -92.574137 -546.618422 -173.227252
70.082627 333.882490 -4401.714139 3874.796427
-464.274975 3476.889775 -9079.388809 6253.354477
-142.077295 2973.042350 -8987.347956 6145.548138
-99.862824 -2620.552434 6493.381167 -3439.216665
323.542432 -4272.289518 10135.451324 -6533.117003
-159.337837 1208.575861 -2534.823408 1254.778994
-162.983831 -53.768668 -1609.178907 2025.460054
477.993291 -5563.430022 10771.690977 -5376.924787
-99.776622 1758.259618 -5097.843332 3163.538358
260.013705 -1088.725886 1324.604881 -84.085688
240.454676 -639.686395 4369.567270 -4447.063250
-362.435728 -390.376908 92.165142 517.670679
-11.317084 -1527.579592 3493.254355 -1890.007426
-465.293899 692.501619 962.881511 -876.715481
-127.391765 1774.122666 -6746.637673 4776.396151
-243.001447 1476.671944 -4799.839636 3950.619194
452.076727 -2273.636737 3665.836058 -1717.024074
-276.078566 -392.603039 5161.637182 -4560.907418
-66.585183 45.655622 -728.467869 788.181550
-155.287046 2075.973774 -5159.519909 3239.433319
86.519046 674.739567 -2094.298521 931.286069
-276.780901 3284.105629 -7758.538097 4933.639580
37.340747 -3458.287892 7918.937887 -4689.790585
420.037444 -4800.301574 7281.560594 -2443.078717
265.682065 -369.952832 2609.073121 -2631.458639
287.820566 1472.020988 -4467.895061 2701.566045
-34.765573 -2876.157831 7974.659045 -4633.030869
-144.881773 -189.571953 2596.598686 -2218.271865
375.118968 -5495.759630 12129.862034 -7169.747005
45.672800 -2506.036243 4360.291975 -2353.169400
380.736862 -1518.300480 1263.138541 204.248582
343.641619 -5428.708155 11794.559926 -7105.731649
423.581130 -1670.199241 2621.212759 -1125.235442
-19.829563 -4156.918943 14062.038336 -10153.241563
-464.758508 2786.836464 -8222.457914 6388.104871
192.586166 -3669.314091 9748.216095 -6423.863114
34.300168 2417.683869 -3268.124031 646.167396
270.530881 -3455.088071 7726.087847 -4327.079321
283.606991 -6875.961021 18787.794370 -12186.261946
261.263883 -2086.370896 5896.004448 -3848.801818
-238.965690 -1784.179893 6761.714800 -4840.539700
182.070455 -1633.497811 5322.051398 -4180.089041
-178.236852 5277.261987 -14379.864809 9721.412825
-287.040028 340.810708 -1564.644143 1624.792306
-366.005133 -1622.147116 5364.092752 -2903.214252
110.108148 -6471.663707 19867.568194 -13668.609693
231.243105 -4591.345890 8333.787193 -3741.266951
240.194439 -1845.653494 3261.887457 -1189.886084
176.738325 1621.578549 -2663.934624 650.691006
-273.797811 4323.890239 -10229.833979 6574.078287
-382.489563 5640.162542 -10657.822754 5464.932351
-199.237894 3710.662730 -6646.096542 3441.074109
-294.807645 3266.349499 -7120.783656 4580.924747
295.252105 2131.482046 -9078.048764 6831.507162
496.164870 -3053.621999 6039.440057 -2987.337236
-489.855566 2179.501490 -1804.178631 -152.211239
-165.496734 5975.862850 -15371.637775 9354.816553
109.029346 4566.776425 -14207.001927 9473.827287
-198.585005 3858.948595 -7420.376411 3353.689248
-80.292130 -1991.063961 2352.250516 -145.289484
112.237518 3411.477206 -10457.730095 6721.487895
50.701071 2779.643059 -10842.503300 8301.066835
-328.886714 7946.746963 -23061.928911 15608.531679
129.934203 -4058.394131 12681.545388 -9244.820220
413.882900 -2286.430292 5628.527999 -3874.859697
-0.871537 2096.139879 -3648.220511 1942.470739
-361.384445 4477.840484 -10572.695085 6711.518927
488.965010 -2969.781525 6042.452960 -3960.140357
344.749337 -159.272007 -1249.989864 653.554397
26.601686 1029.111230 -3523.403229 2826.457467
-200.425471 3961.835716 -6747.381667 2527.969187
356.447719 -3759.729163 7685.080536 -3828.937183
250.093397 3170.597592 -12554.650807 9198.925823
-116.352779 5724.138896 -15801.371410 10373.453662
47.681383 1547.512928 -1408.557071 -154.332696
-57.524795 2023.264637 -5216.920937 3734.494932
55.651992 1632.141235 -2357.729620 367.738740
-35.973699 2003.477146 -1746.052637 -662.413819
-265.298059 4169.379092 -11833.027522 7962.129619
-291.130422 2944.847886 -8793.937534 6301.290343
108.072165 4345.644282 -14655.179776 10224.952259
-221.557877 5739.239019 -17003.542516 11365.481206
-229.485900 293.267918 2610.253012 -2330.776976
138.127931 -4666.757178 10543.618209 -6329.122781
352.894457 -13.223152 -3915.014551 3724.823399
312.942283 -6520.582421 17479.682395 -11444.224023
141.053333 -5281.087522 15794.924562 -10922.453801
61.470811 3119.678237 -12368.760084 9471.393877
-461.782287 2729.531373 -7266.884135 4520.268107
-316.690016 5708.206096 -13723.602201 8528.204432
160.451022 -5769.126817 17755.157837 -12123.912960
318.553169 -1597.903451 692.389170 800.634770
213.186835 -2670.956737 8855.167194 -6582.387523
-130.809073 3366.243942 -4707.539880 1352.659409
477.763281 -4255.908764 7327.365805 -3443.946522
336.760845 -935.003624 -2285.981948 3296.580533
464.034334 -2730.488106 5222.106038 -3327.004750
-321.197314 -1186.795882 4519.188622 -3434.860288
464.667915 -6426.509446 15592.852709 -9867.353166
-199.801477 299.452422 882.856549 -1219.083229
-128.372749 5559.229296 -15131.985396 9692.432027
-167.467586 4309.860378 -10173.775113 6016.217977
132.880234 1776.959421 -4543.259566 2259.634105
-218.046406 3662.829607 -7896.724342 4590.907656
-389.774123 4768.759648 -13424.364738 8653.747486
-154.428811 -4690.407246 14958.772770 -9991.080986
-163.789837 2719.012068 -6344.649804 3826.453993
303.049103 1580.956671 -5835.825200 3487.657091
-176.368526 -288.810121 342.172527 237.290184
-227.736764 6169.117652 -16214.366540 9796.080257
-348.986064 -1289.478696 4700.067231 -3553.571406
478.119195 -4044.229837 6328.845102 -3153.205874
346.942444 -3191.746499 9662.862325 -7311.682024
-334.433590 5355.193318 -15076.734596 9608.987356
480.885293 -288.404091 -2518.665972 2645.955504
386.737653 -3349.630023 7109.103885 -4515.784174
-407.663528 4173.292736 -5368.598835 1405.085581
162.841126 -565.851089 -1901.472437 1809.124507
-480.122287 -2213.876433 10206.185296 -7020.511894
-423.625409 3417.542544 -6237.280142 3239.521598
437.435094 -3140.668665 6470.687889 -3925.013805
-102.303783 -5087.348957 17099.301986 -12226.420590
24.010265 -6732.232329 21706.380182 -15459.197921
304.015785 -4060.912748 6635.259528 -3319.204598
-232.054284 -1944.864363 10025.084649 -8262.609951
440.545836 1614.997099 -9833.392675 7919.174101
238.530082 -2266.975099 5623.860440 -3314.961471
-410.429961 3225.212083 -9085.772275 6082.637301
353.601064 -4614.988795 14300.223666 -10483.323983
489.376223 -5286.694832 14708.827241 -10406.931131
434.047242 -672.506498 -3441.223341 4052.054220
449.856027 -5535.183652 12625.223825 -7234.555919
-145.910678 -1988.312041 5771.651162 -3622.448638
-234.423413 1505.178389 -2210.093512 1017.743870
-241.536612 4505.468689 -7883.862704 3466.857498
299.919509 -4001.702621 8781.433134 -5279.770594
-426.443443 -664.961935 5794.598558 -4834.466472
-310.223670 3780.611150 -10375.844279 6690.755198
-489.810885 -191.746644 4375.495218 -3630.017022
314.661321 -6874.860633 17316.432462 -11031.762477
178.612862 211.753711 -4513.360429 4089.960140
-197.685085 -4874.600297 16245.621659 -10935.777328
-346.741621 4225.425719 -7920.761302 3909.372078
-375.072576 5090.887401 -13845.299178 9225.838989
432.370205 -5623.102312 15108.059793 -9597.151834
195.545861 -4213.979899 7735.466033 -3268.883494
31.842023 -876.618717 6174.033934 -5764.166035
487.880079 -4119.315130 7183.516597 -3633.818645
244.584587 -4493.186855 11605.168076 -7701.592821
130.982262 2203.388546 -4753.366082 2025.476974
137.951820 -3954.045825 8056.019730 -4464.492418
-292.398463 -2500.647363 9912.440734 -7055.588607
392.481552 1286.378335 -4639.332257 2836.592249
-53.197279 -1769.078594 7216.437787 -5638.252641
-432.847775 3393.071546 -6003.008312 3061.114484
71.357143 3018.953651 -9391.830189 6212.230572
322.749901 4148.043042 -15885.824928 11857.325350
-375.414555 6368.462892 -15468.883193 9801.596071
68.736284 2415.246539 -7543.333383 5048.601575
341.801352 -4869.538339 10162.733225 -5195.045903
245.277178 2257.043361 -7471.500878 4576.803020
314.395702 -2461.894456 6420.018565 -3891.093050
-360.437857 5009.272533 -14286.141188 9790.648658
221.436623 -5625.049916 15938.811010 -10484.663914
321.634353 -4203.852478 8747.921902 -5156.577922
278.246727 5031.563577 -18368.691702 13267.057634
-182.017232 -598.782251 2819.280669 -2063.110584
53.715174 -3622.439344 11733.055140 -8593.449272
-191.280791 2476.202023 -5339.799265 2694.407970
-420.332988 4883.447503 -7303.883373 2819.081656
-496.810712 2126.425361 67.086593 -1658.885503
-430.863684 8611.559901 -23326.787440 15588.045730
-70.593028 -3260.986811 8072.890947 -4988.699399
144.976585 -4105.091384 9436.326877 -5231.643687
460.941702 -2207.648020 3273.191658 -1705.741506
241.599325 -7383.210020 21471.314493 -14785.469375
-52.052850 856.323321 -513.081599 -404.424231
-146.677033 501.640310 -3050.066778 2585.160662
190.715549 1082.319825 -2026.804039 860.708252
333.648105 -3713.771531 4943.260681 -1507.708159
-403.165746 815.272386 2537.785400 -2833.962612
425.878113 -5067.435952 11016.408717 -6062.119277
80.013721 -1351.117621 1162.578230 418.492085
-394.461778 4959.371356 -11035.850301 6695.370499
-8.757584 -2401.156434 7599.309894 -5316.891099
187.771098 -353.989806 -3553.710084 3966.566990
248.174764 -1218.386833 2469.829516 -1173.740372
15.991740 -1138.571743 935.337803 539.866691
-440.159839 4751.203227 -9968.519826 5391.036628
-53.875832 -3912.541331 9975.199934 -5971.874979
309.265882 -2876.512063 4803.412904 -1738.736821
304.366250 2281.794372 -6900.175446 4283.947251
-345.716453 -1464.492923 4370.599598 -2396.912673
-432.838881 4012.444071 -6445.624800 3190.398155
-169.773251 -1261.338577 1893.385833 -46.437748
-40.022631 1968.854648 -2500.358686 519.998013
-42.124430 -551.502396 3107.035898 -2123.880143
-187.271208 -3094.107557 8950.898000 -5824.754453
-38.304281 4068.166399 -13676.580978 9951.571118
-348.110015 6321.206884 -17035.313432 11107.287823
-487.343352 3317.745650 -3181.676250 -49.757765
-140.077904 -2774.475549 9772.990790 -7277.181496
166.921481 3181.742998 -9179.043888 5703.939528
-75.093459 1232.274187 -5614.414381 4257.353920
-378.660915 1602.293913 -3453.596709 2029.620963
-160.568571 4009.961271 -9864.257295 6273.997854
252.694999 298.162415 -4556.984396 4178.848452
-70.260056 279.142013 2255.009606 -2858.828331
297.758843 553.606127 28.308779 -1241.147341
-286.667456 2008.227964 -4647.842637 3058.041319
476.695632 -5250.084656 12394.705284 -7174.558344
-339.707962 -1368.500620 3518.542601 -1412.250138
-404.212673 8543.580440 -24641.962431 16908.056531
-402.419837 -3390.261132 13495.042401 -9824.390979
49.396788 1536.374763 -3928.179845 2038.641512
-408.294533 150.699401 2518.454971 -2585.111998
293.975090 -2026.165870 1874.446306 -573.885647
-407.467908 -1951.140870 9864.597295 -7708.466330
-44.589021 -5225.341077 17064.646934 -12270.204570
477.651642 -5494.876102 14593.484431 -9313.350497
-280.467010 5365.675234 -15780.396001 10443.073858
-278.646544 -43.839864 989.541062 -360.472866
-279.902373 -2706.756251 10784.253826 -7327.492179
21.516970 -5564.753144 17929.965385 -12224.845781
-225.193127 1496.523876 -226.916262 -897.255289
304.635224 -1147.881297 353.048429 450.731042
-315.164962 2883.199329 -7281.344558 4740.960936
-273.946119 1054.731145 -3887.522030 3517.613166
-404.355731 1225.554239 881.741832 -1830.931299
-144.048568 822.122523 -1771.667612 1206.838392
304.268804 -4038.595878 10144.028749 -5920.702426
-389.623018 -1703.396594 7352.652899 -5746.634014
-21.220179 4933.924021 -15420.707862 10420.642883
-278.624935 2576.923451 -4439.897466 2068.762521
-161.880334 1637.112256 -31.755999 -1820.912850
417.567961 -1312.698684 284.104367 570.317780
-189.030941 1820.018520 -5687.953127 4144.760623
-428.192864 5516.050722 -11426.869410 6086.233882
-434.290676 680.547600 1766.457713 -1934.975479
-437.971780 1225.852098 1526.580114 -2180.863775
359.008710 -2116.703637 1301.240466 676.923206
418.181076 2458.049899 -11131.412241 7984.362069
341.766596 -2645.480878 7499.441283 -5625.814659
-483.269325 -769.392885 5791.366233 -4247.146360
209.658085 -2927.489686 5249.161076 -2977.962402
440.383735 -8130.674331 21011.952374 -13437.836086
458.406473 2280.136073 -9874.331659 6808.981873
350.710442 -652.363945 3748.478908 -3776.369098
359.153232 2176.584192 -10458.334468 8055.256916
-385.525294 8953.773873 -25476.357059 17357.332995
116.429130 -739.268754 -1335.443447 1849.463088
62.549314 1947.162608 -5001.269451 2582.705977
431.961392 -2383.182168 3238.860072 -1236.319586
-469.622242 2118.142485 -1026.075177 -536.718972
-201.526294 1288.669951 -3220.286300 1937.866028
-14.069448 -5658.911796 17383.721789 -11777.654298
380.551974 -1693.398262 559.588791 523.535397
60.662205 -6294.611653 19268.365557 -13213.254632
260.936865 -5316.997720 12098.021401 -6991.456224
-173.860912 1573.291687 -5455.078693 4166.271567
251.678925 -2524.069266 6707.547030 -4831.070104
-116.767154 5008.354550 -12139.186293 7453.037505
-193.312546 2866.837095 -9380.956190 6429.373097
-329.936105 1571.924194 -5374.203362 3922.845674
125.138114 2070.420978 -7837.639213 5755.475206
-168.815700 -2082.918957 7198.618200 -5172.489905
233.854724 724.081615 -424.753736 -611.318622
-232.074900 -2099.197008 5052.690059 -2805.896962
164.605057 -6988.408166 19953.765457 -12841.976267
182.055454 -1176.273201 -840.701273 1944.394186
-50.886898 -1904.459613 5037.446811 -3230.883114
407.241343 -5514.746677 9663.927726 -4345.431962
116.152326 250.804686 -213.755997 -0.509358
288.679662 -5204.785155 15661.805764 -11026.902048
-158.280793 322.113771 -2424.778808 2021.837011
298.080288 -1501.550294 -592.126366 1521.218045
-476.551095 -29.337102 1276.682735 -881.596337
-245.844318 2479.978672 -5354.864822 2901.073402
223.681431 3202.311269 -10679.138800 7057.516312
50.146010 -191.200467 -3091.154649 3311.140124
-406.387487 -1078.003156 8629.395968 -7457.400731
-429.602080 -2095.072840 10692.252199 -8383.148789
-110.376521 851.022145 -3719.020192 3392.446929
314.175849 276.894250 -306.090427 -599.926176
-305.873007 2801.348765 -4332.319128 1768.487554
143.796867 -2217.226742 4188.748940 -2284.132627
-249.526463 2242.022907 -2468.571326 289.985530
396.267204 -1902.128958 3209.161364 -1909.729933
-474.459108 -903.279589 7590.930397 -6369.189736
141.022833 1519.193982 -6091.568982 4526.395610
395.130089 -3435.425154 8031.876303 -5036.071212
256.992272 870.847948 -3429.132205 2203.353612
-50.227722 -23.754155 -1750.073350 1390.001392
-142.812044 -2474.599639 9059.676373 -6377.988752
285.680178 4525.877691 -17431.003141 13040.965094
483.655152 -3004.552438 2122.700908 696.791309
484.998276 771.178579 -4888.037289 3318.659419
30.559962 -3600.314555 9026.366785 -5242.614964
-348.582221 4771.898837 -9475.898906 5498.260387
-488.220853 7690.100083 -18211.389595 10827.227882
378.322910 1786.532049 -5973.989521 3574.703502
-82.839516 -2346.034395 6989.295206 -4671.724618
325.054246 -1188.225950 3252.857725 -2763.876358
-16.985562 -5314.965645 15870.450649 -10859.437729
-9.793298 4610.084173 -13366.823995 8660.334113
113.299996 3147.997433 -11560.807738 7992.790419
-41.195263 -2175.278598 4283.314739 -2241.168966
67.814753 -3752.223180 11351.801222 -7453.816730
-427.071460 5452.036391 -13894.730767 9331.476958
-21.193153 -1170.990484 2446.856657 -1520.344602
-142.268362 -234.384562 1426.773979 -747.521629
-211.442730 3649.860476 -8209.225645 5086.944329
304.970041 -6954.996965 19679.195783 -13263.502720
-449.210155 5659.469717 -15503.131961 10058.205987
-38.411762 4035.411395 -10232.736763 6009.357585
238.990337 -4840.029711 12887.594414 -8750.486096
-289.237879 -470.650832 2854.999362 -1761.154035
-191.164025 249.490815 3582.859391 -3700.299873
476.197212 435.409945 -1963.412873 608.768144
-132.461830 -3766.546039 13684.843486 -9451.583063
-217.318528 -2151.542057 5133.784929 -2657.597517
-158.013656 3106.231568 -6983.474398 4412.541936
36.561077 3197.895806 -6730.298589 3400.536376
203.304187 -1323.489014 1413.680251 -0.499462
383.152649 -5491.280990 12172.295987 -6840.725450
392.992400 -2621.118382 5817.570487 -3961.874431
-429.772242 1936.084932 -4851.204519 3832.483810
-41.583988 2552.316906 -9022.274441 6881.956787
-430.662172 2477.363443 -6444.729929 4753.925811
-436.554079 1638.559195 -2959.522934 1738.484031
99.148332 4148.699044 -13417.799500 9254.039709
260.039505 3924.421208 -13326.957201 9111.574394
292.363763 -2754.867000 3584.497357 -1138.805071
458.337645 -954.489788 1340.316933 -438.040356
-266.639031 -3674.459365 13634.125558 -9640.248902
44.217643 2955.084948 -10886.385989 7961.171573
199.935714 -2.790463 1851.213841 -1709.948872
-339.447547 2003.626064 -4778.101321 2721.180391
178.263933 248.124035 -2332.049121 1448.205576
-455.887832 1242.410627 42.222082 -1015.963150
422.479327 -6091.331987 13477.877709 -7334.932799
68.425836 -536.973061 1675.477766 -929.485834
13.200495 -1719.662497 5170.756618 -3776.126771
36.970690 3706.449725 -10841.900271 7157.579520
288.049066 1346.856273 -6261.644228 4151.852530
-415.030736 -2974.398618 12511.168987 -8897.858411
-228.314489 -1629.323588 6325.198673 -4954.263227
-11.107287 1617.555209 -1959.915888 817.258680
-69.457636 -3833.669084 11909.769685 -8400.058407
-133.312780 3422.377074 -6302.127660 3181.536716
-468.395439 644.869243 -577.553937 176.736609
458.381178 -4281.562846 11808.474978 -8304.412829
-441.755903 5813.299234 -11932.007811 6673.278784
70.003511 -6067.752183 18254.120996 -12723.565856
-121.688769 725.777497 -4938.929971 4641.126871
-257.473222 -3532.014580 13693.433122 -9917.745610
58.522831 -4599.532513 12483.956857 -7740.991995
260.694788 3070.627909 -9582.099715 6585.300996
344.507760 -1950.394652 5538.995329 -4295.536202
-323.438088 15.081780 4393.547848 -3720.602600
-353.701285 7029.404725 -19475.742997 12600.268823
453.280817 2053.611115 -11462.132710 9367.227748
264.994208 -3478.102885 7063.786753 -3690.673299
200.298392 1712.274625 -3719.644276 1328.251791
481.200504 -8125.237788 20375.509335 -12613.054277
247.537956 3354.591973 -12309.245233 8308.704395
-92.168194 -1811.087486 8064.247403 -5967.602108
299.257645 -4146.112726 7269.954061 -3203.078884
-122.251782 2601.888037 -4560.736812 2460.927735
-244.626720 -4280.189083 15245.953281 -10545.662672
205.081304 -4891.573029 14965.415100 -10482.280163
182.465935 -5121.816327 14711.901225 -9815.955423
499.053755 -5611.769035 10321.428785 -5481.258633
334.025483 -4038.902075 11946.863939 -8566.187528
167.546600 258.232804 -4254.382188 3466.047825
-461.195199 -1752.302086 9832.691800 -7620.840203
340.934056 -2926.671512 8553.985982 -5707.702408
-1.380642 -1010.482720 1211.027719 -330.375005
-257.365692 5687.604417 -13285.756411 7467.113351
88.336461 -3680.740501 9491.454386 -6201.363535
22.249303 -2275.189501 8519.753196 -6016.057139
453.729320 -2713.049262 2053.183824 151.011200
-484.493326 3759.428135 -7031.242729 4079.553528
-211.055736 -2806.708241 12158.716733 -9443.331634
-81.793129 1410.570978 21.515184 -1497.697218
-422.150703 762.343472 2036.591622 -2840.923772
209.424521 -1773.827345 1324.275943 54.013979
0.464231 -617.437402 -675.124020 1772.545103
-111.956754 3053.489441 -5897.309278 2574.452374
83.890458 -1177.885426 3115.717490 -2370.863672
-15.318852 -5811.276320 17871.260044 -11617.032386
219.191334 422.964900 -6241.544341 6088.971709
431.586023 -7232.396525 19548.708840 -13146.800043
-340.965734 4704.004264 -9125.162060 5182.719128
-49.793846 1719.566499 -4765.514539 2875.800696
448.406574 1650.829881 -8006.779345 5416.619745
54.704500 3210.912537 -8293.076850 5441.664193
-467.001508 4134.655215 -8919.645795 5001.346674
402.536767 3378.609573 -14010.845036 10381.763349
-249.370018 402.046940 -670.285693 1006.774707
411.888469 -6042.065939 13623.895483 -7996.795687
273.549406 -4476.107679 7960.670201 -3789.152315
304.215527 -1156.361048 -549.519015 1574.540807
-468.516644 -2396.586263 11900.121075 -8990.649228
-291.206517 458.755423 -2238.092313 1743.492500
255.414026 -2347.249997 2038.196649 328.214177
-220.400196 417.588514 -2745.605445 2819.546031
-136.511012 -1680.667747 4000.733216 -2219.925567
-289.265741 5759.897907 -15646.433809 10376.515363
395.492599 -3809.170391 11046.916926 -7512.874786
-36.407170 2847.051949 -10317.539205 7984.054404
-372.251772 -1942.597530 7440.621092 -5561.528854
231.013649 -5293.828599 13674.302033 -8412.791874
470.388896 -6360.430709 17478.734014 -11450.878804
229.772027 -1323.420485 -1488.733061 2951.767491
270.032960 4395.909571 -16201.123010 11601.925755
-212.155851 4047.135330 -9654.094202 6055.156523
154.540360 3468.071905 -11655.295154 7920.364303
261.542231 -3841.735899 8679.390458 -5551.364414
418.741419 -3496.055541 5400.395522 -2552.754292
-112.286224 -1217.553203 4061.718509 -3058.026595
438.750396 -3321.506442 8819.477748 -5857.262321
473.825872 -7654.904428 19181.407848 -11564.587362
-485.370650 7666.002991 -19622.526437 12113.911374
-405.604791 4044.188053 -11152.818133 7273.123254
-362.961717 564.272986 -1390.802681 788.013231
356.218388 -2351.207966 4229.399347 -2557.438438
-142.826659 -3297.490244 8586.736016 -4755.180266
-448.710239 186.743513 -1355.258965 1543.465622
314.516240 -2202.278116 5830.590496 -3856.935709
-397.839076 -1743.267898 6146.551987 -4212.061900
389.992138 -7936.612032 22108.395534 -14847.977354
-192.206741 -2273.724661 5998.002499 -3118.329061
-237.607886 -3820.417085 12459.320906 -7901.674844
131.691160 1753.110705 -4488.241842 2949.743998
331.684955 -6978.004394 19244.818017 -12639.749613
-306.132845 -893.098575 5859.959806 -4743.263709
-171.166286 3744.597327 -10270.138257 6679.090587
-82.674268 7019.678533 -21323.534645 14424.703764
-419.930343 5736.166537 -14817.976645 9756.416917
347.360065 -128.766091 -3653.449071 3729.151481
239.329713 869.192543 -762.438379 -628.777903
-238.491542 -3613.150260 14299.447858 -10809.373859
129.948473 -2039.835198 7621.028409 -5922.172457
205.825826 -382.607224 3640.627030 -3853.416214
487.241609 -1974.164370 2053.148300 -372.040214
-327.246050 -440.236454 6729.099854 -6321.069895
-318.910040 2736.161748 -5574.190691 2914.468106
-208.039669 6959.499825 -19526.165924 13141.944622
183.419115 -4925.052510 14267.338521 -9810.895815
-199.906860 3006.036146 -7413.570436 4841.610101
-322.428081 3248.859872 -10051.769733 7543.634853
316.187379 1662.611606 -9698.050002 8115.934099
52.550279 1156.675361 -2377.631063 998.915961
390.600300 -3858.414234 7770.895168 -4193.205758
-322.862474 -2536.149759 10220.589396 -6879.300533
-376.677675 3533.760345 -6550.169891 3125.445386
-256.309766 3685.263970 -8872.894815 5594.460578
-210.916036 1476.692128 -1147.272161 198.196990
-207.615567 -2576.505329 7921.793086 -4712.033566
-291.631339 -1723.186649 4992.863011 -3284.929136
198.710395 -5802.576264 17926.667624 -12804.554759
177.265553 558.504021 -237.330224 -789.102367
-173.332235 354.820640 -1939.856130 1725.807129
-245.945217 6720.223377 -19201.438106 13213.105626
289.046653 -3151.256336 9167.736446 -5987.464058
-320.110867 580.960573 786.351905 -1047.914863
12.361945 -4354.592830 15077.761069 -10954.622133
-278.393363 971.818387 581.915558 -843.870709
-285.875330 4566.969528 -10599.904203 6040.838076
125.807709 3980.356785 -12049.402508 7951.656836
495.132964 -6953.971665 17572.714895 -10768.820019
359.151939 -1231.703072 4101.368813 -3412.137543
-56.941645 2065.247677 -8276.424567 6074.443823
-90.889613 4679.173073 -12193.066014 7510.693382
-356.715919 -790.221759 3728.647746 -2453.522140
454.524501 1297.347111 -9704.884407 8259.070359
-90.515831 -2607.239864 7727.694329 -4532.349753
-23.672153 3640.477639 -13333.222429 10134.638695
52.972249 2154.742691 -5308.780927 3073.205965
-243.404232 2790.769039 -6525.301134 3648.820734
-445.783759 521.982478 181.553343 -547.410214
-284.551740 -4098.184465 14739.184443 -10133.876869
-243.014662 -1217.747687 3489.330610 -1967.556779
419.982871 -6610.325580 16615.840367 -10377.409236
222.121428 1419.830262 -6287.518079 4172.157463
416.191901 -2135.652567 1894.813333 -324.309474
482.926295 -9167.067727 24978.930020 -16246.941223
170.660506 1702.344907 -5404.378697 3561.471810
-134.064782 -2216.169450 7940.838250 -5279.812615
471.109668 -2317.596252 1897.459425 -237.621150
1.869210 5579.362341 -17687.440695 12296.624243
306.578720 -5858.418940 15294.624731 -9519.404867
341.684044 -6775.218610 19227.337637 -13179.804142
479.993418 -1819.485406 4314.340844 -2705.809080
-248.483614 -2381.715347 10099.869699 -7781.098991
-174.640100 -1774.123502 7478.091034 -5270.700798
-262.167791 -828.493449 3550.745228 -2330.041405
-374.314611 1075.867843 -764.005911 542.639970
-492.195622 -1378.992756 8443.838936 -6883.859296
-485.242673 -2624.000540 11483.483661 -8691.524309
410.151730 1018.162081 -4091.050243 2693.499041
27.175203 -3618.601894 10829.623806 -6763.718757
-442.246176 2424.847976 -804.513203 -1639.957979
361.307644 3778.395031 -13847.270751 9222.103890
-196.573013 2245.833506 -3724.644227 2052.380006
176.362288 -432.587412 1157.918727 -1104.873791
150.569518 -4625.299131 11601.195576 -6859.239376
277.238896 -6064.288113 14877.220980 -8992.032883
420.160583 -6749.201245 16932.260345 -10384.811324
-210.732362 5436.979874 -16905.031647 11936.350376
-84.180209 -3.411863 4430.718095 -4827.246221
391.831333 -8412.135517 22731.269954 -14992.413093
-285.156609 5535.262440 -13539.874685 8001.496273
2.723901 -1076.768421 1293.693962 -574.691302
-188.534364 5417.772393 -15567.358802 9896.662053
403.289247 -3492.132630 10318.786078 -7480.346167
468.859965 -2732.759933 6815.664043 -4926.606350
25.870510 -1040.518315 941.726704 266.436159
407.579781 -808.321233 447.360714 -443.510703
445.532970 -237.628637 -4573.993758 4075.399609
376.252388 -4705.951993 9321.901112 -4798.504430
466.774476 -3056.064833 7220.588975 -4488.673426
101.594351 2376.197654 -4154.551796 2063.193614
-206.744980 2331.413413 -3241.652548 1340.444230
-305.841084 1269.602498 -5057.046966 4036.582172
-13.709385 -4505.129710 13219.524737 -8819.923852
-36.590989 -746.999060 4030.512928 -3215.094068
-53.178422 2268.715221 -5247.274207 2780.774291
62.894597 62.994442 -199.945570 211.164696
376.931443 -1995.709738 4113.353312 -2283.733810
-391.846835 6124.995962 -17017.149073 11708.666074
363.614745 1583.863417 -8199.477973 6377.953996
-88.013165 -3446.633259 12448.453204 -8726.426636
298.091850 -3665.042003 11899.622840 -8882.506234
347.574432 -6428.387888 17481.341170 -11440.553524
286.210805 -385.623719 2832.549797 -2979.711953
-187.216494 4662.688949 -10219.965592 5947.799870
-23.753672 -739.215471 -8.050843 677.143597
219.527861 -6174.220636 16924.360768 -10580.997909
378.125517 -2614.513055 7881.352252 -5464.263604
43.538397 -1355.809008 1330.624828 -248.381628
-70.696800 -483.821977 55.088491 361.596154
421.727576 -2980.344901 5839.640499 -2882.133566
137.652314 -3728.959174 6552.633448 -3195.049293
-177.499647 -1346.295270 4960.700128 -3764.578826
-210.437398 4454.436334 -13256.277314 9104.687942
127.534193 3695.737169 -10583.543688 6794.445485
348.301949 -1990.989455 1909.153316 -443.466653
146.818768 -4607.689875 11093.929276 -6664.382861
-474.111613 -770.900153 4409.080794 -3160.037564
-243.180744 1055.065162 -2857.001246 1667.519551
-277.418814 3998.113548 -6411.847234 2853.466480
11.067890 -182.174022 879.375239 -649.133488
-107.653484 -3557.248092 11686.828692 -7744.177269
141.671569 789.372706 -4606.677365 4080.897865
285.069374 -1488.277181 4511.627672 -3098.786012
316.162087 -5792.700388 15943.720277 -10262.363274
387.935121 -1346.359585 378.845358 275.849186
211.233031 584.191697 -2705.172028 1871.288070
-384.278601 7806.782849 -20999.060430 13397.048638
16.721713 689.183664 -2700.028493 2272.241832
341.243888 -461.297446 1242.148485 -1059.978444
-8.254188 1987.775528 -4354.159808 2802.227675
491.785096 -41.655472 -629.116602 349.359219
446.239224 -2561.610248 3350.203241 -1357.113814
-186.813407 1470.006658 -11.000644 -967.466121
-461.957568 1516.029102 -1290.766544 91.684670
-188.797717 263.300985 -177.218284 93.710184
-344.219532 -508.828567 2858.256150 -2150.133160
243.693954 -5616.084985 17020.088305 -12088.455631
174.312967 -2660.540910 3649.238173 -983.348062
-417.960147 4759.932408 -8892.075046 4965.589516
85.473297 -4493.399789 10864.630378 -6131.854812
-261.594953 3303.745868 -4267.411404 1042.849191
213.322208 2670.847554 -9936.377171 6890.432497
49.042393 1816.669362 -4668.869670 3024.092026
239.604070 -2822.273545 8938.249740 -6361.359388
-129.715280 -765.307087 3235.613266 -2096.311299
-392.761201 1604.371326 -3237.146507 2418.014853
385.671707 -590.203860 -3636.594915 3817.307115
-341.949759 2398.776917 -7435.496813 5255.719797
-418.271577 3004.694225 -4877.183303 2422.816569
463.744214 -2226.215729 4697.201390 -2578.758886
-195.589316 -1712.391776 5962.613107 -3591.447755
-262.153120 628.413959 1107.777027 -1242.714207
-143.258231 4605.679612 -13493.242124 8698.686487
-180.425968 -1329.307284 1761.331637 53.646274
246.975700 -3983.995586 12169.886783 -8387.877045
144.442948 -2845.023010 4616.165792 -1991.330437
-41.289537 1568.501731 -5319.595173 3564.971184
-110.043281 -3199.388758 7674.814948 -4381.404082
-267.866169 -36.298173 3835.205519 -3448.419957
-385.134682 4318.296515 -12267.209604 8706.899790
-476.109259 5246.470002 -15058.786789 10709.114494
-489.270600 320.007754 3281.886649 -2706.810381
-493.824101 5659.449678 -12325.517199 7541.459002
2.953479 -2365.952456 4306.033785 -1540.154684
206.255875 -4422.581312 8605.639904 -4129.310203
-108.323919 4370.762486 -10930.722301 6694.613926
-468.464953 -967.526425 3637.028249 -2187.877670
166.687645 -6165.807601 16572.983961 -10713.292023
-366.690006 1555.637061 -392.756808 -873.503629
-406.018793 1329.824803 1271.442834 -2415.321823
233.450157 -6700.073849 19020.395383 -12535.830756
-466.689993 5845.506236 -12513.942959 6688.080758
498.589861 -5906.374663 14851.856195 -9761.008502
238.002815 -2013.066760 6999.864704 -5583.852276
421.143513 294.497722 -5399.348463 5017.548561
-128.714783 78.281374 -3391.989920 3746.099746
-110.467206 2347.027293 -2493.444584 312.485986
494.234417 -6948.275338 16100.682030 -9665.372302
184.840472 -6691.611673 20089.673155 -13763.338533
402.418493 1791.393599 -7063.563695 5314.821294
286.322481 -264.318907 446.232475 -935.231663
204.721651 -5700.040325 17876.277154 -12843.701959
-329.624878 3702.239452 -11097.179614 7865.916423
-307.290058 3230.298877 -3140.132922 -117.966164
137.891542 -3965.152649 7934.354867 -4418.197310
282.624574 -227.912163 -2386.902710 2658.606099
70.341816 2481.562172 -8139.732828 5654.025966
-424.895988 437.574855 910.302229 -561.881797
-4.074238 -2600.383967 3610.456561 -609.996031
-388.920684 6964.146051 -17765.370830 11430.345396
40.253363 -3964.933298 9250.026222 -5370.301925
430.591707 -1706.606248 55.543565 1156.008626
-418.708841 1144.989656 -2353.675468 1761.013632
-265.834280 4001.257872 -11111.404166 6990.523068
-384.293572 5345.765542 -14452.164378 9600.076293
414.980374 -8382.038471 23257.658321 -15496.892805
-159.403428 760.404624 -2517.599262 2386.923251
-244.616173 -150.872809 397.046460 -365.534953
-369.430630 3003.860294 -7791.106265 5513.877071
468.303002 -5166.217704 11361.088837 -6384.523580
279.881094 -1123.028635 90.562171 386.074000
43.404524 5670.903784 -17327.654736 11653.635845
144.226395 -524.324351 269.176428 69.327277
-74.589614 2671.273767 -4514.329878 1920.775696
-394.569875 5144.881265 -8845.375836 4122.421155
-215.781766 5479.088473 -14814.538419 9674.706922
247.856154 -3099.095835 5298.971247 -2839.353554
9.228397 2045.685336 -7374.440079 5275.290725
-468.088311 2138.992953 -4487.659474 2593.875686
70.191553 -4472.033512 13660.338526 -9206.902590
139.984030 -2799.841419 5532.072381 -3197.188096
177.033675 1474.251137 -2806.398187 1416.236731
-299.774176 -740.045361 3059.687706 -2154.295849
-326.033380 6307.619860 -16506.563855 10233.926592
309.493555 -5430.632447 13400.123463 -8449.400463
-179.883078 -458.125753 -28.397624 925.321549
-414.021610 -109.400532 -416.591371 856.727791
216.874444 848.626990 -6910.842184 5899.633441
497.253144 1884.547949 -10513.819907 8044.900409
-199.043868 -481.916725 -231.912732 1266.453444
-378.939629 4274.122116 -10241.474686 6670.034769
141.370760 1570.982890 -8895.375549 7639.833837
-361.751064 1835.953657 -1637.236724 303.307284
-429.099377 4998.205017 -13018.867792 8448.555645
-277.758825 154.779794 -1168.628793 1627.025301
361.541609 1295.717412 -4198.435748 2126.980247
-400.239791 2357.604743 -1481.623790 -142.907931
-71.888545 -3113.191393 10753.362643 -7138.155122
154.302225 1143.378407 -1822.160909 895.233730
253.277635 -2479.825255 4118.363347 -1584.358509
433.452696 -3323.046639 8384.998959 -5619.489602
-489.630799 439.428722 2165.492573 -2293.906699
-2.519659 -1239.029408 -278.582290 1903.119892
-111.703220 -3690.285807 11219.491654 -6925.104537
-265.282501 7152.788755 -20409.114649 13084.211383
-331.572727 3100.223221 -4217.827668 1417.919789
-342.872548 6806.054495 -18873.925380 12622.143377
-1.150714 -1694.755692 1926.977460 -144.762749
-416.326378 2110.011942 -5694.702970 3644.582833
404.125664 858.171110 -7730.845252 6453.029148
166.619809 2652.060038 -7957.083651 4926.849059
399.391650 -5475.504850 11009.842950 -6376.644026
-60.242736 -4987.678868 14627.813251 -9615.609193
-304.799958 4063.695299 -9225.837660 5300.813238
-131.454673 -432.671116 -1928.792890 2820.702050
55.112632 4161.165729 -14360.192045 9887.598477
110.323855 -112.138229 2000.804975 -1619.397897
-185.446259 4088.575354 -11438.938815 7151.706981
385.259917 -1350.272812 750.550256 581.356429
383.938619 -4277.185244 10448.701106 -6844.102820
-312.639551 6185.902057 -14674.369126 9060.511243
-186.488315 -852.683264 1866.959230 -1290.687791
37.341886 -2063.204407 2087.155524 -42.474757
278.260129 -5523.306245 15362.064866 -10587.669742
-231.220475 1529.404425 -4966.702826 3587.944132
-219.733355 1817.726106 -5309.232237 3471.911344
-388.092675 5860.118607 -14332.629072 9125.989659
351.231198 -1132.599033 1885.908988 -1423.799629
222.785072 2831.761440 -10084.796747 6815.847393
-468.545417 5616.060634 -14687.002504 9730.997797
-282.858067 1323.834102 -1205.467711 -49.395123
204.558733 -1161.893575 2307.786993 -1669.245393
41.969725 1503.608369 -997.288664 -671.589927
-311.457192 4307.165775 -8349.511668 4064.371828
-471.122013 1262.574958 -682.050524 224.549175
-275.516633 7072.890387 -20005.288421 12817.679105
310.912384 -7224.000649 18741.932889 -12075.800602
410.876063 -6737.294649 16376.826351 -9985.813359
-361.818927 3154.640613 -9521.164019 6726.985394
193.924759 2887.865516 -10830.791199 7700.650399
372.728371 637.435164 -1298.175705 -51.833337
216.558286 -2810.365269 3842.215151 -893.987862
-257.915491 5606.102177 -17015.807058 11920.590837
-325.373312 7991.597440 -22415.780518 14668.637234
-8.256934 395.861610 2051.560577 -2571.766352
373.307011 -364.341439 -1345.415933 1037.676169
-497.860866 7270.134661 -16625.777164 9835.968736
295.424137 1829.148025 -9412.946030 7276.376861
366.302141 3966.643768 -16061.767629 12198.303227
-424.314601 -3076.701193 12566.839483 -8859.068091
-58.665437 362.816008 -698.606225 840.604857
429.654316 607.162395 -6299.621237 5749.787943
-269.725098 10.815531 -63.334999 90.951449
-343.425862 2632.589025 -5563.361072 3551.184760
317.993358 -6046.595734 13550.525378 -7748.117701
445.690311 -3873.056004 5221.902416 -1358.515383
210.677870 -1588.254157 1431.101085 -1.499625
387.092395 -2255.907094 1486.555363 658.345498
180.136020 -5147.065023 12109.024898 -6657.258512
-338.119155 2468.457316 -1868.343367 -107.716758
-49.048175 -5159.894085 17659.412205 -12778.295073
243.057704 862.800589 -6285.024059 4984.900736
-12.338791 -2670.887799 5580.413546 -2470.264824
280.252861 1151.083853 -5866.010715 4155.611547
-202.672543 -1360.341189 4085.626972 -2754.344361
295.044254 -3875.323348 9110.545900 -5319.267943
257.880047 -1695.818505 6445.943847 -5160.074730
170.581959 -2591.527128 8014.878451 -5313.977291
220.332502 -2006.374957 7383.793746 -5725.778331
249.533037 -929.067553 -1415.989877 2161.947172
367.645160 -2078.506011 3378.748049 -1332.609774
7.667138 -158.332098 -1652.812639 1858.303558
459.901650 -8030.335550 20984.423622 -13791.131241
382.499224 -3742.458971 5102.378262 -2019.186833
354.874778 665.859617 -2191.734434 852.205622
22.223795 -5139.857688 14363.745856 -9543.695302
-483.197183 71.414149 5672.384793 -5325.713674
-335.953939 344.935527 -2237.871929 2075.335210
198.915126 1958.861706 -8992.911622 7011.311444
1.016357 1855.032971 -6801.100331 5055.129765
93.762506 -2605.411740 7904.741093 -5819.773651
-240.883680 7968.610584 -23450.942059 15884.316336
-372.452576 4194.798741 -9384.517324 5488.166507
203.825356 -5046.214853 14045.550037 -9677.958574
69.451506 526.647728 1123.324391 -2114.469559
462.976139 -1968.491170 5387.639680 -4345.925847
-106.737416 1317.675684 -2957.057689 1549.114869
-55.503080 3456.735029 -11393.817792 7542.741636
468.410839 -9009.970254 25327.592885 -17182.474311
18.781794 -3480.194352 9406.573552 -5766.494030
-144.327828 3716.728541 -9426.458316 5921.950043
68.253520 120.829179 788.200807 -1426.895782
366.482750 2106.754169 -7247.424521 4790.303741
-136.047564 6794.763796 -20071.955688 13062.572308
337.230808 -5344.860397 15272.494904 -10003.953360
147.226360 4365.920524 -14225.501620 9508.336711
69.060718 -1139.459088 -862.296054 1995.209196
-314.235338 564.424652 -3297.024406 3270.660535
-165.780478 -2954.365388 11026.944307 -7882.253258
-469.106229 -922.057064 6975.726343 -5573.152974
-230.837962 4222.449213 -10021.448424 6385.126317
344.633843 2377.822260 -11522.459995 8890.218977
244.931637 -5766.044333 14223.940064 -8490.907578
-264.097302 4909.846470 -12259.340334 7819.823664
149.598308 272.466640 1363.558765 -2047.870453
419.041830 -5188.488399 13338.289422 -8403.824030
471.371155 -1204.957832 3076.408508 -1916.844742
396.949504 -7011.357308 16957.598395 -10718.986410
-0.311044 -888.895402 250.645003 618.534743
411.255083 -2406.369724 3310.050531 -854.394058
326.558846 2058.412267 -6642.828411 4751.421978
341.572559 -2539.425950 2870.323192 -1039.868230
134.609361 3366.043575 -10736.473505 7459.203201
391.921508 -574.105403 -3038.585878 2909.965518
312.890367 -5738.438968 16082.625872 -10755.419917
155.145451 -5431.629891 13750.424334 -8651.675843
-208.083405 -2966.572926 11803.914787 -8225.090804
-154.271399 1907.598261 -3416.042832 1853.081184
468.155434 929.836394 -6661.725542 5215.780663
53.074553 1885.708409 -8693.384638 6949.211935
-185.371046 7616.108706 -22797.913620 15599.108841
95.918061 140.726652 -571.299625 300.915050
-65.857527 2378.491230 -7007.158641 4277.930683
300.360493 -602.696544 352.482750 279.088682
459.038987 -2225.852012 3446.426372 -1230.019207
328.703646 -8160.488825 22728.042964 -14959.061947
450.452072 -6259.680657 16336.531067 -10920.763204
105.651073 -4839.696190 14209.991275 -9446.301044
245.438602 -1209.900214 2839.110189 -1904.060377
-324.122374 7881.924979 -21448.048344 13523.106332
487.988130 -4799.239279 7144.468006 -2767.202465
-496.104160 2984.138296 -5539.732157 2845.328184
-457.845047 640.413798 4414.127026 -4935.157484
474.093724 -953.418798 -1670.799101 2056.429944
281.062641 -1375.207287 -1269.480957 2428.201767
331.590884 -3609.301141 11349.992614 -8233.907264
-429.833625 1589.816745 -3688.373612 2633.621368
-384.673873 440.348385 621.020979 -633.500389
-19.910320 1812.916715 -1667.225178 -246.734623
136.112667 -2795.605473 4483.099197 -2048.448477
79.063277 -2210.901428 5446.933443 -3315.258917
249.974283 2602.628928 -10200.201760 7593.568354
14.501731 -2367.307569 5605.737996 -2897.712988
168.565334 674.605507 -4181.788400 3073.508507
312.165710 -4497.190799 7736.349787 -3340.408710
-135.002369 220.177623 1582.714041 -2159.887448
-12.961997 2611.284974 -8637.675732 5729.053540
-198.903457 -425.979228 5481.077886 -5074.208291
-146.010619 1026.502050 -2086.715276 940.138186
-101.687219 -1522.066035 7164.831506 -5319.338719
-223.665041 1254.187684 -4382.386722 3832.413844
-400.102832 6911.923891 -16157.797407 9349.357615
-271.037616 -1511.679946 5489.043959 -3654.811657
-191.766616 -1017.371500 7092.616489 -6032.199836
438.381145 -4298.191560 9700.371721 -5557.389698
265.215854 1250.742637 -1824.510751 245.420752
-51.258553 6675.524335 -20180.680504 13421.065641
188.000203 -5065.941970 14672.006428 -9973.301186
-428.268767 2390.772009 -2506.341618 867.937594
135.555670 3297.077463 -11767.072502 8092.690949
-65.686033 -1601.879754 8229.541686 -6650.512167
-29.054739 -4682.347816 15646.069512 -11014.172106
-243.032749 5358.096441 -13757.990557 8237.618970
-9.791167 5777.405861 -17811.628416 11832.163758
437.653546 -7344.977955 19437.783053 -12608.059352
-235.115591 5845.790755 -15305.651518 10042.652782
397.716964 -347.449220 2258.338571 -2508.049921
-48.686952 -2974.680527 9348.753135 -6737.072332
-217.956506 420.785656 -1681.886338 1781.526676
-395.304982 4403.363888 -11261.158551 7295.074287
467.809787 1490.629809 -6094.395805 4169.892129
361.001602 3499.692517 -15268.704494 11748.298491
222.374390 2280.604529 -6129.584795 3387.978282
386.006808 -6690.534443 16965.668975 -10716.187337
-158.064611 6578.855140 -19703.201701 13547.315431
245.875353 4047.835635 -14579.627175 10333.481585
431.660871 -4198.620868 10505.928873 -7160.802241
246.639113 1400.312021 -5772.328916 4309.405231
-50.663300 -2888.737702 5235.652747 -1926.265526
358.387289 2834.266687 -11106.299508 7632.092904
-55.019580 5013.694933 -16385.872063 11539.440827
486.888276 -1274.261523 -128.392275 1414.786343
42.953339 -1126.258180 2801.249836 -1497.199534
68.954050 538.277888 -4736.648028 3947.591611
75.995353 951.942307 -1206.442036 33.227415
330.120647 1333.569422 -5668.506407 4358.977151
380.793281 -2352.153233 4317.435677 -2631.020393
-65.024668 3301.882463 -11440.758019 8686.317897
-6.187822 1790.655055 -7633.943640 5827.042205
-51.606181 -3242.189075 9330.205551 -5946.121667
480.965787 -8317.758868 22248.269010 -14666.921204
-268.758323 1998.889019 -4704.496115 2643.062364
-210.435104 5080.371898 -15404.674276 10738.964178
438.084048 -2243.131756 1123.276224 457.724117
435.897242 -1631.551097 2340.819166 -1190.932440
-208.132426 -317.637864 3157.006690 -2310.546865
-170.959244 -1671.401410 5054.908905 -3503.021168
21.681272 4585.389124 -13867.325971 9181.601011
52.754215 -3963.811759 10571.255879 -6478.832483
215.876174 500.211868 -1965.530433 1548.989001
479.890007 -7821.616469 18632.491018 -11073.651242
