70 75 63
238 177 376 337 136 283 154 311 0 286 315 242 237 138 116 232 118 287 38 222 186 49 155 202 144 154 181 157 218 248 202 265 463 116 171 220 309 286 46 277 343 183 104 285 197 286 591 65 266 223 229 177 157 167 236 233 89 415 461 221 162 304 314 217 328 325 318 272 128 148 230 205 154 6 429
106 123 332 290 200 185 56 267 202 215 261 40 222 162 226 178 182 351 240 209 88 153 123 0 185 56 21 185 120 318 0 167 331 226 73 244 335 215 156 186 319 168 238 83 150 188 515 235 375 210 27 123 133 135 104 179 185 345 446 123 242 172 216 173 369 323 359 202 169 350 183 134 56 208 414
522 446 538 590 436 503 390 473 461 421 531 486 332 469 480 391 449 575 423 392 388 501 506 446 503 390 425 439 326 536 446 475 667 480 373 413 597 421 498 337 338 278 492 529 450 388 130 396 478 391 473 446 433 518 520 502 519 621 0 323 319 588 416 379 624 482 677 572 507 557 483 340 390 467 32
230 204 366 199 251 282 153 91 222 278 204 249 285 213 106 219 233 309 260 0 121 207 114 209 112 153 188 147 183 270 209 264 455 106 136 131 317 278 210 55 352 231 118 292 59 225 522 286 430 1 236 204 166 126 228 260 180 374 392 186 275 296 229 207 296 364 286 387 128 165 92 197 153 216 360
259 202 387 288 185 240 111 298 49 270 340 193 277 187 159 195 167 244 87 207 143 0 112 153 95 111 132 200 175 205 153 222 434 159 128 269 266 270 3 241 374 223 153 236 148 243 570 114 223 208 180 202 188 124 257 258 46 460 501 178 211 325 271 228 279 340 269 321 79 197 181 189 111 55 469
196 243 212 264 206 193 64 147 218 95 288 160 102 239 154 298 219 305 193 183 62 175 243 120 177 64 99 113 0 335 120 175 421 154 47 171 283 95 172 160 205 48 166 203 124 68 395 166 383 184 147 243 107 255 194 299 193 295 326 3 216 262 96 53 361 379 351 322 193 271 157 14 64 213 294
182 257 198 278 220 207 78 161 205 81 302 174 116 253 140 312 233 291 207 197 76 189 257 134 191 78 113 99 14 330 134 189 407 140 61 185 269 81 186 174 191 62 152 217 138 82 409 180 397 198 161 257 121 269 180 313 207 281 340 17 230 248 110 39 375 393 365 336 207 257 171 0 78 199 308
275 228 411 157 227 419 301 362 287 372 366 389 407 189 233 283 209 0 289 309 269 244 318 351 244 301 336 192 305 39 351 412 268 233 284 271 22 372 241 347 410 353 245 434 250 351 678 262 461 310 378 228 224 306 273 284 284 506 575 308 256 341 379 252 428 419 418 363 260 390 283 291 301 293 543
239 256 319 247 293 206 77 254 157 202 271 173 209 295 261 292 275 224 195 166 45 188 256 133 160 77 112 220 107 263 133 188 464 261 60 219 202 202 185 143 186 155 249 216 107 175 502 222 396 167 160 256 0 268 237 312 206 402 433 110 199 305 203 160 344 362 334 335 176 305 140 121 77 151 401
70 295 368 462 310 214 228 387 304 329 433 212 364 312 190 350 292 341 266 296 260 325 275 172 357 228 193 149 262 380 172 339 159 190 245 394 319 329 328 351 439 310 202 255 322 308 635 239 403 297 199 295 305 263 68 351 303 434 588 265 414 0 336 209 541 495 525 374 341 394 355 248 228 300 556
0 229 302 396 244 144 162 321 238 263 367 146 298 246 124 284 226 275 200 230 194 259 229 106 291 162 127 83 196 314 106 273 229 124 179 328 253 263 262 285 373 244 136 189 256 242 569 173 334 231 133 229 239 241 2 285 237 364 522 199 348 70 270 143 475 429 465 308 275 328 289 182 162 234 490
273 290 387 345 367 240 111 322 265 270 369 207 277 329 329 345 349 412 303 264 143 222 290 167 258 111 146 288 175 416 167 0 498 329 128 317 390 270 219 241 374 223 341 250 205 243 570 330 430 265 194 290 188 302 271 346 240 460 475 178 297 339 271 228 442 460 432 369 274 413 238 189 111 271 469
263 318 279 359 301 184 159 242 286 0 383 255 197 279 221 373 299 372 288 278 157 270 304 215 272 159 194 180 95 355 215 270 476 221 142 197 350 0 267 255 272 143 233 298 219 163 490 261 374 279 242 318 202 316 261 374 238 200 421 98 277 329 191 120 456 440 446 343 288 338 252 81 159 280 389
291 187 389 193 264 276 147 203 144 272 316 145 279 226 218 132 246 244 182 112 115 95 207 185 0 147 182 259 177 264 185 258 493 218 130 243 266 272 98 167 346 225 230 268 53 245 522 209 318 113 212 187 160 219 289 243 141 368 503 180 269 357 223 230 184 277 174 387 16 277 86 191 147 150 471
465 361 563 367 438 450 321 377 318 446 490 319 453 400 392 306 420 418 356 286 289 269 381 359 174 321 356 433 351 438 359 432 366 392 304 417 440 446 272 341 520 399 404 442 227 419 696 383 492 287 386 361 334 393 463 417 315 542 677 354 443 525 397 404 358 451 0 561 190 451 260 365 321 324 645
289 273 369 173 343 256 127 183 230 252 296 223 259 305 198 218 325 283 268 92 95 181 206 183 86 127 162 239 157 244 183 238 473 198 110 223 305 252 184 147 326 205 210 266 33 165 436 295 404 93 210 273 140 218 287 329 227 348 483 160 249 355 137 210 270 363 260 385 102 257 0 171 127 236 451
231 205 367 200 250 283 154 90 223 279 205 250 286 212 107 218 232 310 261 1 122 208 115 210 113 154 189 148 184 271 210 265 456 107 137 130 318 279 211 54 353 232 119 293 60 224 521 285 431 0 237 205 167 127 229 261 181 375 391 187 276 297 230 208 297 363 287 386 129 166 93 198 154 217 359
144 308 405 363 383 0 129 340 283 184 387 225 171 347 268 363 367 419 321 282 161 240 308 185 276 129 164 227 193 434 185 240 373 268 146 335 397 184 237 259 392 225 280 268 223 261 538 317 190 283 212 308 206 320 146 364 258 220 503 196 315 214 289 246 460 478 450 363 292 431 256 207 129 289 471
229 0 455 313 77 308 179 212 177 318 138 163 284 39 269 55 59 228 139 204 211 202 90 123 187 179 144 308 243 195 123 290 424 269 196 121 250 318 199 197 442 230 281 206 240 311 576 112 419 205 150 0 256 78 227 56 156 356 446 246 339 295 339 296 342 200 361 213 171 240 273 257 179 183 414
194 211 274 202 268 161 32 209 186 157 226 128 164 250 216 247 270 269 224 121 0 143 211 88 115 32 67 175 62 273 88 143 419 216 15 174 247 157 140 98 231 110 228 171 62 130 457 228 351 122 115 211 45 223 192 267 161 357 388 65 154 260 158 115 299 317 289 290 131 286 95 76 32 192 356
173 112 378 347 71 317 219 246 65 261 250 275 172 73 181 167 53 262 27 286 228 114 202 235 209 219 246 222 166 229 235 330 398 181 213 155 284 261 111 231 371 118 169 318 262 228 526 0 331 285 262 112 222 190 171 168 154 350 396 163 227 239 256 219 354 312 383 207 193 213 295 180 219 71 364
133 150 359 317 227 212 83 294 229 242 288 67 249 189 253 205 209 378 267 236 115 180 150 27 212 83 48 212 147 345 27 194 358 253 100 271 362 242 183 213 346 195 265 110 177 215 542 262 402 237 0 150 160 162 131 206 212 372 473 150 269 199 243 200 396 350 386 229 196 377 210 161 83 235 441
334 419 595 511 402 190 319 521 266 374 557 415 361 404 376 418 384 461 304 430 351 223 329 375 318 319 354 417 383 422 375 430 562 376 336 486 483 374 220 449 582 415 370 458 371 451 348 331 0 431 402 419 396 341 336 475 263 410 478 386 428 403 479 436 502 563 492 538 302 414 404 397 319 272 510
136 281 272 317 240 280 230 209 104 233 322 278 268 242 12 336 222 245 142 118 228 153 191 238 230 230 259 53 166 284 238 341 361 12 213 249 223 233 150 173 343 214 0 321 177 212 539 169 370 119 265 281 249 203 134 337 125 433 492 169 266 202 240 113 414 429 404 376 232 252 210 152 230 98 460
162 179 276 234 256 129 0 211 154 159 258 96 166 218 218 234 238 301 192 153 32 111 179 56 147 0 35 177 64 305 56 111 387 218 17 206 279 159 108 130 263 112 230 139 94 132 459 219 319 154 83 179 77 191 160 235 129 349 390 67 186 228 160 117 331 349 321 258 163 302 127 78 0 160 358
127 144 311 269 221 164 35 246 181 194 282 61 201 183 247 199 203 336 219 188 67 132 144 21 182 35 0 206 99 337 21 146 352 247 52 241 314 194 135 165 298 147 259 104 129 167 494 246 354 189 48 144 112 156 125 200 164 366 425 102 221 193 195 152 366 344 356 223 190 329 162 113 35 187 393
200 139 405 374 98 321 192 273 38 288 277 280 199 100 154 194 80 289 0 260 224 87 193 240 182 192 219 195 193 256 240 303 425 154 209 182 311 288 84 258 381 145 142 323 235 255 553 27 304 261 267 139 195 205 198 195 127 377 423 190 200 266 283 246 366 339 356 234 166 186 268 207 192 44 391
179 196 259 217 253 146 17 194 171 142 241 113 149 235 201 251 255 284 209 136 15 128 196 73 130 17 52 160 47 288 73 128 404 201 0 189 262 142 125 113 246 95 213 156 77 115 442 213 336 137 100 196 60 208 177 252 146 342 373 50 169 245 143 100 314 332 304 275 146 301 110 61 17 177 341
124 269 260 305 252 268 218 197 116 221 310 266 256 254 0 324 234 233 154 106 216 159 179 226 218 218 247 41 154 272 226 329 349 0 201 237 211 221 156 161 331 202 12 309 165 200 527 181 376 107 253 269 261 191 122 325 113 421 480 157 278 190 228 101 402 441 392 388 234 264 198 140 218 110 448
253 250 389 179 249 397 279 384 309 350 388 375 385 211 211 305 231 22 311 317 247 266 340 335 266 279 314 170 283 61 335 390 290 211 262 293 0 350 263 345 388 331 223 418 272 329 656 284 483 318 362 250 202 328 251 306 306 528 597 286 278 319 357 230 450 441 440 385 282 412 305 269 279 315 565
348 339 428 335 298 315 186 363 162 277 380 282 318 300 278 308 280 256 200 275 154 211 317 242 269 186 221 319 216 217 242 297 391 278 169 328 278 277 208 252 385 264 266 325 216 284 449 227 428 276 269 339 199 329 346 395 251 477 319 219 0 414 312 269 305 163 443 434 285 310 249 230 186 168 287
314 195 450 118 194 434 305 329 248 355 333 358 401 156 272 250 176 39 256 270 273 205 285 318 264 305 337 231 335 0 318 416 229 272 288 238 61 355 202 314 449 347 284 401 211 390 666 229 422 271 345 195 263 273 312 251 245 473 536 338 217 380 381 291 448 380 438 330 280 357 244 330 305 254 504
275 171 380 209 248 292 163 219 128 288 309 129 295 210 234 116 230 260 166 128 131 79 191 169 16 163 190 275 193 280 169 274 500 234 146 259 282 288 82 183 362 241 232 252 69 261 538 193 302 129 196 171 176 203 273 227 125 384 507 196 285 341 239 246 200 261 190 371 0 276 102 207 163 134 475
490 414 506 558 404 471 358 441 429 389 499 454 300 437 448 359 417 543 391 360 356 469 474 414 471 358 393 407 294 504 414 469 635 448 341 381 565 389 466 305 306 246 460 497 418 356 162 364 510 359 441 414 401 486 488 470 487 589 32 291 287 556 384 347 592 450 645 540 475 525 451 308 358 435 0
143 296 159 317 259 246 117 200 217 120 341 213 155 292 101 351 272 252 246 207 115 228 280 173 230 117 152 60 53 291 173 228 368 101 100 224 230 120 225 213 230 101 113 256 177 99 426 219 436 208 200 296 160 292 141 352 214 320 379 56 269 209 127 0 414 432 404 375 246 296 210 39 117 211 347
237 156 373 334 225 258 129 271 89 238 294 225 295 195 113 211 207 284 127 180 161 46 66 185 141 129 164 154 193 245 185 240 462 113 146 277 306 238 43 235 392 241 125 268 194 261 588 154 263 181 212 156 206 78 235 212 0 438 519 196 251 303 289 214 325 356 315 361 125 237 227 207 129 95 487
302 455 0 476 418 405 276 359 376 279 500 372 314 451 260 496 431 411 405 366 274 387 439 332 389 276 311 219 212 450 332 387 527 260 259 383 389 279 384 372 389 260 272 415 336 258 585 378 595 367 359 455 319 451 300 511 373 479 538 215 428 368 286 159 573 591 563 534 380 455 369 198 276 370 506
241 78 451 325 155 320 191 217 167 316 216 175 357 117 191 133 137 306 205 126 223 124 12 135 219 191 156 232 255 273 135 302 422 191 208 199 328 316 121 181 454 303 203 218 185 323 648 190 341 127 162 78 268 0 239 134 78 434 518 258 329 263 351 292 403 278 393 291 203 291 218 269 191 173 486
262 199 384 291 182 237 108 301 46 267 337 196 274 184 156 198 164 241 84 210 140 3 109 156 98 108 135 197 172 202 156 219 431 156 125 266 263 267 0 238 371 220 150 239 151 240 567 111 220 211 183 199 185 121 260 255 43 457 498 175 208 328 268 225 282 343 272 318 82 194 184 186 108 52 466
328 240 455 364 239 431 302 256 148 338 369 390 373 201 264 295 221 390 186 165 286 197 279 350 277 302 329 245 271 357 350 413 553 264 301 283 412 338 194 220 448 319 252 433 224 339 666 213 414 166 377 240 305 291 326 296 237 518 557 274 310 394 367 296 461 440 451 375 276 0 257 257 302 154 525
328 121 383 330 120 335 206 220 220 197 259 284 273 82 237 176 102 271 182 131 174 269 211 244 243 206 241 278 171 238 244 317 467 237 189 0 293 197 266 76 376 219 249 327 190 239 543 155 486 130 271 121 219 199 326 177 277 397 413 174 328 394 267 224 403 321 417 256 259 283 223 185 206 226 381
226 59 431 294 18 367 238 193 118 299 197 222 225 20 234 114 0 209 80 233 270 167 149 182 246 238 203 275 219 176 182 349 405 234 255 102 231 299 164 178 424 171 222 265 292 281 579 53 384 232 209 59 275 137 224 115 207 297 449 216 280 292 309 272 301 259 420 154 230 221 325 233 238 124 417
189 206 415 373 255 268 139 350 285 298 344 123 305 245 309 261 265 434 323 292 171 236 206 83 268 139 104 268 203 401 83 250 414 309 156 327 418 298 239 269 402 251 321 0 233 271 598 318 458 293 110 206 216 218 187 262 268 262 529 206 325 255 299 256 288 406 442 119 252 433 266 217 139 291 497
569 576 585 609 566 538 459 542 591 490 661 555 462 599 527 521 579 678 553 522 457 570 636 515 522 459 494 486 395 666 515 570 794 527 442 543 656 490 567 467 468 408 539 598 469 327 0 526 348 521 542 576 502 648 567 632 588 690 130 392 449 635 299 426 706 612 696 702 538 666 436 409 459 597 162
270 339 286 310 296 289 160 243 314 191 384 256 192 329 228 355 309 379 283 229 158 271 339 216 223 160 195 187 96 381 216 271 495 228 143 267 357 191 268 198 301 138 240 299 170 28 299 256 479 230 243 339 203 351 268 395 289 391 416 93 312 336 0 127 407 475 397 418 239 367 137 110 160 309 384
229 90 439 313 167 308 179 205 155 304 228 163 345 129 179 145 149 318 193 114 211 112 0 123 207 179 144 220 243 285 123 290 434 179 196 211 340 304 109 169 442 291 191 206 173 311 636 202 329 115 150 90 256 12 227 146 66 446 506 246 317 275 339 280 391 290 381 303 191 279 206 257 179 161 474
367 138 500 403 215 387 258 295 315 383 0 301 390 177 310 193 197 366 277 204 226 340 228 261 316 258 282 351 288 333 261 369 562 310 241 259 388 383 337 259 457 336 322 344 263 356 661 250 557 205 288 138 271 216 365 82 294 494 531 291 380 433 384 341 480 338 490 351 309 369 296 302 258 321 499
284 55 496 325 132 363 234 267 232 373 193 218 339 94 324 0 114 283 194 219 247 195 145 178 132 234 199 363 298 250 178 345 479 324 251 176 305 373 198 252 478 285 336 261 185 366 521 167 418 218 205 55 292 133 282 111 211 411 391 301 308 350 355 351 287 145 306 268 116 295 218 312 234 238 359
285 56 511 369 133 364 235 268 233 374 82 219 340 95 325 111 115 284 195 260 267 258 146 179 243 235 200 364 299 251 179 346 480 325 252 177 306 374 255 253 498 286 337 262 296 367 632 168 475 261 206 56 312 134 283 0 212 412 502 302 395 351 395 352 398 256 417 269 227 296 329 313 235 239 470
242 311 258 332 268 261 132 215 286 163 356 228 164 301 200 366 281 351 255 225 130 243 311 188 245 132 167 159 68 390 188 243 467 200 115 239 329 163 240 170 273 110 212 271 192 0 327 228 451 224 215 311 175 323 240 367 261 363 388 65 284 308 28 99 429 447 419 390 261 339 165 82 132 281 356
256 240 336 140 310 223 94 150 197 219 263 190 226 272 165 185 292 250 235 59 62 148 173 150 53 94 129 206 124 211 150 205 440 165 77 190 272 219 151 114 293 172 177 233 0 192 469 262 371 60 177 240 107 185 254 296 194 315 450 127 216 322 170 177 237 330 227 352 69 224 33 138 94 203 418
364 356 479 455 279 220 349 442 415 200 494 385 391 317 421 411 297 506 377 374 357 460 446 345 368 349 366 380 295 473 345 460 593 421 342 397 528 200 457 429 472 343 433 262 315 363 690 350 410 375 372 356 402 434 366 412 438 0 621 298 477 434 391 320 550 556 542 143 384 518 348 281 349 421 589
199 246 215 267 203 196 67 150 221 98 291 163 99 236 157 301 216 308 190 186 65 178 246 123 180 67 102 116 3 338 123 178 424 157 50 174 286 98 175 163 208 45 169 206 127 65 392 163 386 187 150 246 110 258 197 302 196 298 323 0 219 265 93 56 364 382 354 325 196 274 160 17 67 216 291
429 200 591 470 277 478 349 412 325 440 338 363 481 239 441 145 259 419 339 364 317 340 290 323 277 349 344 482 379 380 323 460 554 441 332 321 441 440 343 397 548 427 429 406 330 447 612 312 563 363 350 200 362 278 427 256 356 556 482 382 163 495 475 432 142 0 451 413 261 440 363 393 349 331 450
319 305 335 387 233 300 187 270 258 218 411 283 129 266 277 360 246 428 220 306 185 298 366 243 300 187 222 236 123 422 243 298 464 277 170 294 406 218 295 283 328 75 289 326 247 185 333 193 490 307 270 305 230 378 317 361 316 418 203 120 339 385 213 176 484 502 474 369 316 394 280 137 187 264 171
234 183 370 343 142 289 160 307 6 280 321 248 243 144 110 238 124 293 44 216 192 55 161 208 150 160 187 151 213 254 208 271 459 110 177 226 315 280 52 271 337 189 98 291 203 281 597 71 272 217 235 183 151 173 232 239 95 421 467 216 168 300 309 211 334 331 324 278 134 154 236 199 160 0 435
244 230 260 312 158 225 112 195 183 143 336 208 54 191 202 285 171 353 145 231 110 223 291 168 225 112 147 161 48 347 168 223 389 202 95 219 331 143 220 208 253 0 214 251 172 110 408 118 415 232 195 230 155 303 242 286 241 343 278 45 264 310 138 101 409 427 399 294 241 319 205 62 112 189 246
146 163 372 330 240 225 96 307 242 255 301 0 262 202 266 218 222 389 280 249 128 193 163 40 145 96 61 225 160 358 40 207 371 266 113 284 375 255 196 226 359 208 278 123 190 228 555 275 415 250 67 163 173 175 144 219 225 385 486 163 282 212 256 213 329 363 319 242 129 390 223 174 96 248 454
229 424 527 347 423 373 387 546 463 476 562 371 443 385 349 479 405 268 425 455 419 434 434 331 493 387 352 308 421 229 331 498 0 349 404 467 290 476 431 510 598 389 361 414 440 467 794 398 562 456 358 424 464 422 227 480 462 593 667 424 391 159 495 368 677 554 366 533 500 553 473 407 387 459 635
396 313 476 0 312 363 234 290 337 359 403 330 366 274 305 325 294 157 374 199 202 288 313 290 193 234 269 346 264 118 290 345 347 305 217 330 179 359 291 254 433 312 317 373 140 332 609 347 511 200 317 313 247 325 394 369 334 455 590 267 335 462 310 317 377 470 367 448 209 364 173 278 234 343 558
373 442 389 433 411 392 263 352 343 272 457 359 307 444 331 478 424 410 381 352 231 374 442 319 346 263 298 290 205 449 319 374 598 331 246 376 388 272 371 329 0 253 343 402 293 273 468 371 582 353 346 442 186 454 371 498 392 472 338 208 385 439 301 230 530 548 520 521 362 448 326 191 263 337 306
83 308 219 346 293 227 177 238 157 180 351 225 215 295 41 363 275 192 195 147 175 200 220 185 259 177 206 0 113 231 185 288 308 41 160 278 170 180 197 202 290 161 53 268 206 159 486 222 417 148 212 308 220 232 81 364 154 380 439 116 319 149 187 60 443 482 433 387 275 245 239 99 177 151 407
308 213 534 448 136 363 258 347 272 343 351 242 348 174 388 268 154 363 234 387 290 321 303 202 387 258 223 387 322 330 202 369 533 388 275 256 385 343 318 332 521 294 376 119 352 390 702 207 538 386 229 213 335 291 306 269 361 143 572 325 434 374 418 375 407 413 561 0 371 375 385 336 258 278 540
475 342 573 377 283 460 331 387 328 456 480 329 463 321 402 287 301 428 366 296 299 279 391 369 184 331 366 443 361 448 369 442 677 402 314 403 450 456 282 351 530 409 414 288 237 429 706 354 502 297 396 342 344 403 473 398 325 550 624 364 305 541 407 414 0 142 358 407 200 461 270 375 331 334 592
2 227 300 394 242 146 160 319 236 261 365 144 296 244 122 282 224 273 198 228 192 257 227 104 289 160 125 81 194 312 104 271 227 122 177 326 251 261 260 283 371 242 134 187 254 240 567 171 336 229 131 227 237 239 0 283 235 366 520 197 346 68 268 141 473 427 463 306 273 326 287 180 160 232 488
321 212 359 290 211 340 211 0 311 242 295 307 249 173 197 267 193 362 273 91 209 298 205 267 203 211 246 238 147 329 267 322 546 197 194 220 384 242 301 144 352 195 209 350 150 215 542 246 521 90 294 212 254 217 319 268 271 442 473 150 363 387 243 200 387 412 377 347 219 256 183 161 211 307 441
285 197 372 254 196 259 130 144 277 255 259 226 262 158 161 252 178 347 258 55 98 241 169 186 167 130 165 202 160 314 186 241 510 161 113 76 345 255 238 0 329 208 173 269 114 170 467 231 449 54 213 197 143 181 283 253 235 429 337 163 252 351 198 213 351 397 341 332 183 220 147 174 130 271 305
244 77 418 312 0 383 256 211 136 301 215 240 212 38 252 132 18 227 98 251 268 185 167 200 264 256 221 293 206 194 200 367 423 252 253 120 249 301 182 196 411 158 240 255 310 268 566 71 402 250 227 77 293 155 242 133 225 279 436 203 298 310 296 259 283 277 438 136 248 239 343 220 256 142 404
246 39 451 274 38 347 218 173 138 279 177 202 245 0 254 94 20 189 100 213 250 187 129 162 226 218 183 295 239 156 162 329 385 254 235 82 211 279 184 158 444 191 242 245 272 301 599 73 404 212 189 39 295 117 244 95 195 317 469 236 300 312 329 292 321 239 400 174 210 201 305 253 218 144 437
298 284 314 366 212 171 166 249 237 197 390 262 0 245 256 339 225 407 199 285 164 277 345 222 279 166 201 215 102 401 222 277 443 256 149 273 385 197 274 262 307 54 268 305 226 164 462 172 361 286 249 284 209 357 296 340 295 391 332 99 318 364 192 155 463 481 453 348 295 373 259 116 166 243 300
