90 54 53
261 102 261 0 149 447 64 112 225 219 231 225 182 190 160 206 205 257 183 160 234 182 219 268 398 272 379 219 289 160 255 194 159 70 183 190 243 218 102 255 176 160 229 218 139 243 292 447 355 218 309 194 102 361
255 190 255 292 143 496 312 310 219 270 374 267 305 230 283 311 348 362 271 283 228 222 266 397 392 355 502 270 283 283 280 234 282 306 271 230 373 223 190 280 216 358 269 223 283 373 0 496 349 223 360 282 190 450
360 269 360 205 279 242 141 189 218 195 26 188 138 146 160 227 0 257 188 160 296 138 182 274 445 274 379 195 347 160 260 150 161 147 188 146 289 220 269 260 132 237 185 220 199 289 348 242 376 220 285 361 269 367
112 47 112 149 0 353 169 213 76 127 305 124 162 133 140 180 279 219 128 140 85 153 130 254 249 212 359 127 140 140 137 137 139 163 128 133 237 80 47 137 147 261 172 80 186 237 143 353 206 80 217 139 47 307
200 139 200 160 140 402 224 186 110 59 186 66 22 108 0 189 160 97 58 0 136 88 72 114 315 114 219 59 191 0 117 112 1 221 58 108 179 60 139 117 94 234 147 60 159 179 283 402 246 60 149 231 139 237
112 47 112 149 0 353 169 213 76 127 305 124 162 133 140 180 279 219 128 140 85 153 130 254 249 212 359 127 140 140 137 137 139 163 128 133 237 80 47 137 147 261 172 80 186 237 143 353 206 80 217 139 47 307
251 92 251 194 139 492 258 219 215 266 387 263 253 243 231 319 361 304 173 231 224 235 269 345 388 345 450 266 279 231 245 247 232 264 173 243 376 219 92 245 229 267 282 219 246 376 282 492 345 219 356 0 92 352
251 92 251 194 139 492 258 219 215 266 387 263 253 243 231 319 361 304 173 231 224 235 269 345 388 345 450 266 279 231 245 247 232 264 173 243 376 219 92 245 229 267 282 219 246 376 282 492 345 219 356 0 92 352
159 0 159 102 47 400 166 214 123 174 295 171 161 151 139 227 269 236 81 139 132 143 177 253 296 253 358 174 187 139 153 155 140 172 81 151 284 127 0 153 137 262 190 127 193 284 190 400 253 127 264 92 0 260
292 227 292 206 180 469 209 161 153 130 253 123 211 81 189 0 227 254 151 189 265 101 117 303 408 265 408 130 320 189 216 85 188 215 151 81 224 159 227 216 95 209 42 159 134 224 311 469 339 159 220 319 227 155
249 155 249 194 137 392 132 84 68 53 176 46 134 4 112 85 150 177 74 112 183 24 40 226 331 188 331 53 238 112 139 0 111 138 74 4 147 82 155 139 18 132 43 82 57 147 234 392 262 82 143 247 155 240
236 171 236 225 124 430 161 120 48 7 214 0 88 42 66 123 188 131 112 66 202 62 6 180 360 142 285 7 253 66 177 46 67 155 112 42 113 120 171 177 56 168 81 120 93 113 267 430 291 120 97 263 171 278
297 236 297 257 219 499 260 212 179 138 283 131 119 173 97 254 257 0 155 97 233 185 137 211 412 211 316 138 288 97 214 177 98 266 155 173 244 157 236 214 187 260 212 157 185 244 362 499 343 157 228 304 236 334
275 172 275 70 163 389 6 54 203 162 173 155 243 134 221 215 147 266 196 221 248 154 149 210 412 297 412 162 303 221 268 138 222 0 196 134 256 212 172 268 148 102 173 212 81 256 306 389 369 212 252 264 172 337
298 193 298 139 186 441 75 27 125 100 225 93 181 53 159 134 199 185 115 159 240 73 87 183 352 235 378 100 295 159 187 57 160 81 115 53 194 131 193 187 67 75 92 131 0 194 283 441 303 131 190 246 193 256
240 81 240 183 128 430 190 142 142 117 214 112 80 70 58 151 188 155 0 58 194 62 106 172 257 172 277 117 249 58 72 74 59 196 0 70 213 118 81 72 56 190 109 118 115 213 271 430 188 118 207 173 81 179
325 214 325 112 213 431 48 0 152 127 215 120 208 80 186 161 189 212 142 186 267 100 114 156 379 262 405 127 322 186 214 84 187 54 142 80 221 158 214 214 94 48 119 158 27 221 310 431 330 158 217 219 214 283
112 47 112 149 0 353 169 213 76 127 305 124 162 133 140 180 279 219 128 140 85 153 130 254 249 212 359 127 140 140 137 137 139 163 128 133 237 80 47 137 147 261 172 80 186 237 143 353 206 80 217 139 47 307
112 47 112 149 0 353 169 213 76 127 305 124 162 133 140 180 279 219 128 140 85 153 130 254 249 212 359 127 140 140 137 137 139 163 128 133 237 80 47 137 147 261 172 80 186 237 143 353 206 80 217 139 47 307
200 139 200 160 140 402 224 186 110 59 186 66 22 108 0 189 160 97 58 0 136 88 72 114 315 114 219 59 191 0 117 112 1 221 58 108 179 60 139 117 94 234 147 60 159 179 283 402 246 60 149 231 139 237
281 166 281 64 169 383 0 48 200 168 167 161 246 128 224 209 141 260 190 224 254 148 155 204 418 297 418 168 309 224 262 132 223 6 190 128 262 206 166 262 142 96 167 206 75 262 312 383 375 206 258 258 166 331
249 153 249 255 137 440 262 214 207 176 286 177 139 135 117 216 260 214 72 117 172 134 171 231 329 229 336 176 227 117 0 139 116 268 72 135 278 57 153 0 128 262 174 57 187 278 280 440 260 57 266 245 153 251
281 166 281 64 169 383 0 48 200 168 167 161 246 128 224 209 141 260 190 224 254 148 155 204 418 297 418 168 309 224 262 132 223 6 190 128 262 206 166 262 142 96 167 206 75 262 312 383 375 206 258 258 166 331
265 143 265 182 153 380 148 100 92 69 164 62 110 20 88 101 138 185 62 88 207 0 56 202 319 200 307 69 262 88 134 24 87 154 62 20 163 98 143 134 6 148 59 98 73 163 222 380 250 98 159 235 143 241
386 295 386 231 305 268 167 215 244 221 0 214 164 172 186 253 26 283 214 186 322 164 208 300 471 300 405 221 321 186 286 176 187 173 214 172 315 246 295 286 158 263 211 246 225 315 374 268 402 246 311 387 295 393
159 0 159 102 47 400 166 214 123 174 295 171 161 151 139 227 269 236 81 139 132 143 177 253 296 253 358 174 187 139 153 155 140 172 81 151 284 127 0 153 137 262 190 127 193 284 190 400 253 127 264 92 0 260
197 132 197 234 85 268 254 267 161 195 322 202 158 187 136 265 296 233 194 136 0 207 208 250 190 166 292 195 55 136 172 183 137 248 194 187 315 165 132 172 201 315 226 165 240 315 228 268 121 165 285 224 132 373
200 139 200 160 140 402 224 186 110 59 186 66 22 108 0 189 160 97 58 0 136 88 72 114 315 114 219 59 191 0 117 112 1 221 58 108 179 60 139 117 94 234 147 60 159 179 283 402 246 60 149 231 139 237
297 236 297 257 219 499 260 212 179 138 283 131 119 173 97 254 257 0 155 97 233 185 137 211 412 211 316 138 288 97 214 177 98 266 155 173 244 157 236 214 187 260 212 157 185 244 362 499 343 157 228 304 236 334
275 172 275 70 163 389 6 54 203 162 173 155 243 134 221 215 147 266 196 221 248 154 149 210 412 297 412 162 303 221 268 138 222 0 196 134 256 212 172 268 148 102 173 212 81 256 306 389 369 212 252 264 172 337
112 47 112 149 0 353 169 213 76 127 305 124 162 133 140 180 279 219 128 140 85 153 130 254 249 212 359 127 140 140 137 137 139 163 128 133 237 80 47 137 147 261 172 80 186 237 143 353 206 80 217 139 47 307
329 264 329 309 217 527 258 217 141 90 311 97 171 139 149 220 285 228 207 149 285 159 103 263 443 225 368 90 336 149 266 143 150 252 207 139 210 209 264 266 153 265 178 209 190 210 360 527 374 209 0 356 264 375
281 166 281 64 169 383 0 48 200 168 167 161 246 128 224 209 141 260 190 224 254 148 155 204 418 297 418 168 309 224 262 132 223 6 190 128 262 206 166 262 142 96 167 206 75 262 312 383 375 206 258 258 166 331
200 139 200 160 140 402 224 186 110 59 186 66 22 108 0 189 160 97 58 0 136 88 72 114 315 114 219 59 191 0 117 112 1 221 58 108 179 60 139 117 94 234 147 60 159 179 283 402 246 60 149 231 139 237
240 81 240 183 128 430 190 142 142 117 214 112 80 70 58 151 188 155 0 58 194 62 106 172 257 172 277 117 249 58 72 74 59 196 0 70 213 118 81 72 56 190 109 118 115 213 271 430 188 118 207 173 81 179
275 172 275 70 163 389 6 54 203 162 173 155 243 134 221 215 147 266 196 221 248 154 149 210 412 297 412 162 303 221 268 138 222 0 196 134 256 212 172 268 148 102 173 212 81 256 306 389 369 212 252 264 172 337
197 132 197 234 85 268 254 267 161 195 322 202 158 187 136 265 296 233 194 136 0 207 208 250 190 166 292 195 55 136 172 183 137 248 194 187 315 165 132 172 201 315 226 165 240 315 228 268 121 165 285 224 132 373
236 171 236 225 124 430 161 120 48 7 214 0 88 42 66 123 188 131 112 66 202 62 6 180 360 142 285 7 253 66 177 46 67 155 112 42 113 120 171 177 56 168 81 120 93 113 267 430 291 120 97 263 171 278
298 193 298 139 186 441 75 27 125 100 225 93 181 53 159 134 199 185 115 159 240 73 87 183 352 235 378 100 295 159 187 57 160 81 115 53 194 131 193 187 67 75 92 131 0 194 283 441 303 131 190 246 193 256
112 47 112 149 0 353 169 213 76 127 305 124 162 133 140 180 279 219 128 140 85 153 130 254 249 212 359 127 140 140 137 137 139 163 128 133 237 80 47 137 147 261 172 80 186 237 143 353 206 80 217 139 47 307
261 102 261 0 149 447 64 112 225 219 231 225 182 190 160 206 205 257 183 160 234 182 219 268 398 272 379 219 289 160 255 194 159 70 183 190 243 218 102 255 176 160 229 218 139 243 292 447 355 218 309 194 102 361
360 269 360 205 279 242 141 189 218 195 26 188 138 146 160 227 0 257 188 160 296 138 182 274 445 274 379 195 347 160 260 150 161 147 188 146 289 220 269 260 132 237 185 220 199 289 348 242 376 220 285 361 269 367
465 400 465 447 353 0 383 431 429 437 268 430 380 388 402 469 242 499 430 402 268 380 424 516 226 434 560 437 323 402 440 392 403 389 430 388 531 433 400 440 374 479 427 433 441 531 496 0 295 433 527 492 400 592
259 137 259 176 147 374 142 94 86 63 158 56 116 14 94 95 132 187 56 94 201 6 50 208 313 198 313 63 256 94 128 18 93 148 56 14 157 92 137 128 0 142 53 92 67 157 216 374 244 92 153 229 137 235
245 151 245 190 133 388 128 80 72 49 172 42 130 0 108 81 146 173 70 108 187 20 36 222 327 184 327 49 242 108 135 4 107 134 70 0 143 78 151 135 14 128 39 78 53 143 230 388 258 78 139 243 151 236
249 153 249 255 137 440 262 214 207 176 286 177 139 135 117 216 260 214 72 117 172 134 171 231 329 229 336 176 227 117 0 139 116 268 72 135 278 57 153 0 128 262 174 57 187 278 280 440 260 57 266 245 153 251
360 269 360 205 279 242 141 189 218 195 26 188 138 146 160 227 0 257 188 160 296 138 182 274 445 274 379 195 347 160 260 150 161 147 188 146 289 220 269 260 132 237 185 220 199 289 348 242 376 220 285 361 269 367
261 102 261 0 149 447 64 112 225 219 231 225 182 190 160 206 205 257 183 160 234 182 219 268 398 272 379 219 289 160 255 194 159 70 183 190 243 218 102 255 176 160 229 218 139 243 292 447 355 218 309 194 102 361
251 92 251 194 139 492 258 219 215 266 387 263 253 243 231 319 361 304 173 231 224 235 269 345 388 345 450 266 279 231 245 247 232 264 173 243 376 219 92 245 229 267 282 219 246 376 282 492 345 219 356 0 92 352
314 253 314 272 212 434 297 262 186 135 300 142 136 184 114 265 274 211 172 114 166 200 148 228 356 0 333 135 111 114 229 188 113 297 172 184 255 172 253 229 198 310 223 172 235 255 355 434 287 172 225 345 253 351
252 187 252 289 140 323 309 322 216 246 321 253 213 242 191 320 347 288 249 191 55 262 259 305 245 111 237 246 0 191 227 238 192 303 249 242 366 220 187 227 256 370 281 220 295 366 283 323 176 220 336 279 187 428
159 0 159 102 47 400 166 214 123 174 295 171 161 151 139 227 269 236 81 139 132 143 177 253 296 253 358 174 187 139 153 155 140 172 81 151 284 127 0 153 137 262 190 127 193 284 190 400 253 127 264 92 0 260
245 151 245 190 133 388 128 80 72 49 172 42 130 0 108 81 146 173 70 108 187 20 36 222 327 184 327 49 242 108 135 4 107 134 70 0 143 78 151 135 14 128 39 78 53 143 230 388 258 78 139 243 151 236
261 102 261 0 149 447 64 112 225 219 231 225 182 190 160 206 205 257 183 160 234 182 219 268 398 272 379 219 289 160 255 194 159 70 183 190 243 218 102 255 176 160 229 218 139 243 292 447 355 218 309 194 102 361
310 245 310 290 198 508 239 198 122 71 280 78 152 120 130 201 266 209 188 130 266 140 84 193 424 206 349 71 317 130 247 124 131 233 188 120 191 190 245 247 134 246 159 190 171 191 341 508 355 190 161 337 245 356
259 137 259 176 147 374 142 94 86 63 158 56 116 14 94 95 132 187 56 94 201 6 50 208 313 198 313 63 256 94 128 18 93 148 56 14 157 92 137 128 0 142 53 92 67 157 216 374 244 92 153 229 137 235
112 47 112 149 0 353 169 213 76 127 305 124 162 133 140 180 279 219 128 140 85 153 130 254 249 212 359 127 140 140 137 137 139 163 128 133 237 80 47 137 147 261 172 80 186 237 143 353 206 80 217 139 47 307
349 284 349 243 237 531 262 221 161 120 315 113 201 143 179 224 289 244 213 179 315 163 107 293 470 255 398 120 366 179 278 147 180 256 213 143 0 221 284 278 157 269 182 221 194 0 373 531 401 221 210 376 284 293
298 193 298 139 186 441 75 27 125 100 225 93 181 53 159 134 199 185 115 159 240 73 87 183 352 235 378 100 295 159 187 57 160 81 115 53 194 131 193 187 67 75 92 131 0 194 283 441 303 131 190 246 193 256
249 155 249 194 137 392 132 84 68 53 176 46 134 4 112 85 150 177 74 112 183 24 40 226 331 188 331 53 238 112 139 0 111 138 74 4 147 82 155 139 18 132 43 82 57 147 234 392 262 82 143 247 155 240
419 260 419 361 307 592 331 283 308 285 393 278 259 236 237 155 367 334 179 237 373 241 272 351 366 351 456 285 428 237 251 240 238 337 179 236 293 297 260 251 235 331 197 297 256 293 450 592 367 297 375 352 260 0
386 295 386 231 305 268 167 215 244 221 0 214 164 172 186 253 26 283 214 186 322 164 208 300 471 300 405 221 321 186 286 176 187 173 214 172 315 246 295 286 158 263 211 246 225 315 374 268 402 246 311 387 295 393
192 127 192 218 80 433 206 158 150 119 246 120 82 78 60 159 220 157 118 60 165 98 114 174 308 172 279 119 220 60 57 82 59 212 118 78 221 0 127 57 92 206 117 0 131 221 223 433 239 0 209 219 127 297
259 137 259 176 147 374 142 94 86 63 158 56 116 14 94 95 132 187 56 94 201 6 50 208 313 198 313 63 256 94 128 18 93 148 56 14 157 92 137 128 0 142 53 92 67 157 216 374 244 92 153 229 137 235
419 358 419 379 359 560 418 405 329 278 405 285 241 327 219 408 379 316 277 219 292 307 291 333 482 333 0 278 237 219 336 331 220 412 277 327 398 279 358 336 313 453 366 279 378 398 502 560 413 279 368 450 358 456
272 253 272 355 206 295 375 330 282 284 402 291 268 258 246 339 376 343 188 246 121 250 294 360 69 287 413 284 176 246 260 262 247 369 188 258 401 239 253 260 244 378 297 239 303 401 349 295 0 239 374 345 253 367
341 296 341 398 249 226 418 379 325 353 471 360 337 327 315 408 445 412 257 315 190 319 363 429 0 356 482 353 245 315 329 331 316 412 257 327 470 308 296 329 313 427 366 308 352 470 392 226 69 308 443 388 296 366
467 308 467 410 355 708 474 517 431 404 603 397 469 439 447 520 577 528 389 447 440 451 403 561 604 539 666 404 495 447 461 443 448 480 389 439 510 435 308 461 445 565 478 435 490 510 498 708 561 435 494 400 308 568
298 193 298 139 186 441 75 27 125 100 225 93 181 53 159 134 199 185 115 159 240 73 87 183 352 235 378 100 295 159 187 57 160 81 115 53 194 131 193 187 67 75 92 131 0 194 283 441 303 131 190 246 193 256
200 139 200 160 140 402 224 186 110 59 186 66 22 108 0 189 160 97 58 0 136 88 72 114 315 114 219 59 191 0 117 112 1 221 58 108 179 60 139 117 94 234 147 60 159 179 283 402 246 60 149 231 139 237
242 177 242 219 130 424 155 114 54 13 208 6 94 36 72 117 182 137 106 72 208 56 0 186 363 148 291 13 259 72 171 40 73 149 106 36 107 114 177 171 50 162 75 114 87 107 266 424 294 114 103 269 177 272
325 214 325 112 213 431 48 0 152 127 215 120 208 80 186 161 189 212 142 186 267 100 114 156 379 262 405 127 322 186 214 84 187 54 142 80 221 158 214 214 94 48 119 158 27 221 310 431 330 158 217 219 214 283
275 172 275 70 163 389 6 54 203 162 173 155 243 134 221 215 147 266 196 221 248 154 149 210 412 297 412 162 303 221 268 138 222 0 196 134 256 212 172 268 148 102 173 212 81 256 306 389 369 212 252 264 172 337
292 227 292 206 180 469 209 161 153 130 253 123 211 81 189 0 227 254 151 189 265 101 117 303 408 265 408 130 320 189 216 85 188 215 151 81 224 159 227 216 95 209 42 159 134 224 311 469 339 159 220 319 227 155
0 159 0 261 112 465 281 325 188 239 386 236 222 245 200 292 360 297 240 200 197 265 242 314 341 314 419 239 252 200 249 249 201 275 240 245 349 192 159 249 259 373 284 192 298 349 255 465 272 192 329 251 159 419
245 151 245 190 133 388 128 80 72 49 172 42 130 0 108 81 146 173 70 108 187 20 36 222 327 184 327 49 242 108 135 4 107 134 70 0 143 78 151 135 14 128 39 78 53 143 230 388 258 78 139 243 151 236
314 253 314 268 254 516 204 156 224 173 300 180 136 222 114 303 274 211 172 114 250 202 186 0 429 228 333 173 305 114 231 226 115 210 172 222 293 174 253 231 208 204 261 174 183 293 397 516 360 174 263 345 253 351
360 201 360 303 248 560 367 350 324 319 292 312 362 270 340 273 318 437 282 340 333 290 306 454 497 454 559 319 388 340 354 274 341 373 282 270 413 328 201 354 284 398 231 328 323 413 391 560 454 328 409 293 201 428
275 172 275 70 163 389 6 54 203 162 173 155 243 134 221 215 147 266 196 221 248 154 149 210 412 297 412 162 303 221 268 138 222 0 196 134 256 212 172 268 148 102 173 212 81 256 306 389 369 212 252 264 172 337
222 161 222 182 162 380 246 208 132 81 164 88 0 130 22 211 138 119 80 22 158 110 94 136 337 136 241 81 213 22 139 134 23 243 80 130 201 82 161 139 116 256 169 82 181 201 305 380 268 82 171 253 161 259
201 140 201 159 139 403 223 187 111 60 187 67 23 107 1 188 161 98 59 1 137 87 73 115 316 113 220 60 192 1 116 111 0 222 59 107 180 59 140 116 93 235 146 59 160 180 282 403 247 59 150 232 140 238
239 174 239 219 127 437 168 127 51 0 221 7 81 49 59 130 195 138 117 59 195 69 13 173 353 135 278 0 246 59 176 53 60 162 117 49 120 119 174 176 63 175 88 119 100 120 270 437 284 119 90 266 174 285
373 262 373 160 261 479 96 48 200 175 263 168 256 128 234 209 237 260 190 234 315 148 162 204 427 310 453 175 370 234 262 132 235 102 190 128 269 206 262 262 142 0 167 206 75 269 358 479 378 206 265 267 262 331
297 236 297 257 219 499 260 212 179 138 283 131 119 173 97 254 257 0 155 97 233 185 137 211 412 211 316 138 288 97 214 177 98 266 155 173 244 157 236 214 187 260 212 157 185 244 362 499 343 157 228 304 236 334
245 151 245 190 133 388 128 80 72 49 172 42 130 0 108 81 146 173 70 108 187 20 36 222 327 184 327 49 242 108 135 4 107 134 70 0 143 78 151 135 14 128 39 78 53 143 230 388 258 78 139 243 151 236
284 190 284 229 172 427 167 119 111 88 211 81 169 39 147 42 185 212 109 147 226 59 75 261 366 223 366 88 281 147 174 43 146 173 109 39 182 117 190 174 53 167 0 117 92 182 269 427 297 117 178 282 190 197
188 123 188 225 76 429 200 152 0 51 244 48 132 72 110 153 218 179 142 110 161 92 54 224 325 186 329 51 216 110 207 68 111 203 142 72 161 150 123 207 86 200 111 150 125 161 219 429 282 150 141 215 123 308
298 193 298 139 186 441 75 27 125 100 225 93 181 53 159 134 199 185 115 159 240 73 87 183 352 235 378 100 295 159 187 57 160 81 115 53 194 131 193 187 67 75 92 131 0 194 283 441 303 131 190 246 193 256
360 269 360 205 279 242 141 189 218 195 26 188 138 146 160 227 0 257 188 160 296 138 182 274 445 274 379 195 347 160 260 150 161 147 188 146 289 220 269 260 132 237 185 220 199 289 348 242 376 220 285 361 269 367
245 151 245 190 133 388 128 80 72 49 172 42 130 0 108 81 146 173 70 108 187 20 36 222 327 184 327 49 242 108 135 4 107 134 70 0 143 78 151 135 14 128 39 78 53 143 230 388 258 78 139 243 151 236
