77 69 55
175 250 459 9 184 203 223 367 92 123 166 171 205 459 211 106 123 314 123 327 9 109 313 360 172 74 195 228 242 269 201 308 153 239 189 317 15 123 123 123 490 20 233 360 246 0 343 362 195 476 164 9 249 296 288 223 250 182 314 275 223 249 153 14 186 328 189 143 119
252 324 667 237 214 225 340 548 320 314 394 300 396 667 439 334 314 435 368 454 237 337 520 501 360 302 258 263 382 319 414 385 344 289 205 399 243 314 368 314 544 248 393 333 0 246 534 397 258 526 374 237 430 346 516 451 324 212 435 466 451 430 344 242 208 458 205 334 347
83 162 434 83 133 144 131 397 0 31 74 79 113 434 285 180 31 295 192 235 83 17 237 268 80 18 103 182 286 227 181 216 61 208 130 230 89 31 192 31 409 94 297 268 320 92 251 316 103 434 238 83 279 254 196 297 162 131 295 183 297 279 61 88 127 377 130 51 27
362 272 398 485 312 335 442 484 434 461 508 416 508 398 554 500 461 383 470 498 485 451 479 434 437 452 333 365 498 207 302 429 456 237 321 434 488 461 470 461 478 488 509 481 526 476 501 499 333 0 382 485 366 180 630 392 272 314 383 425 392 366 456 482 318 406 321 466 461
110 189 407 110 156 167 158 390 27 58 47 52 140 407 312 207 58 288 219 262 110 10 264 241 107 45 130 205 259 254 208 209 88 231 147 223 116 58 219 58 382 121 324 261 347 119 278 339 130 461 264 110 272 281 189 298 189 154 288 210 298 272 88 115 150 400 147 78 0
44 116 459 177 6 17 132 340 127 158 197 98 223 459 300 182 158 227 160 354 177 144 349 293 152 145 50 55 180 111 206 285 171 81 3 290 183 158 160 158 336 178 191 337 208 186 361 189 50 318 286 177 222 138 323 248 116 4 227 310 248 222 171 172 0 250 3 178 150
279 358 596 279 329 340 327 436 196 227 236 241 309 596 304 376 227 334 388 324 279 179 433 430 276 214 299 378 448 423 377 255 257 404 326 269 285 227 388 227 571 290 493 307 516 288 447 458 299 630 434 279 318 450 0 344 358 327 334 379 344 318 257 284 323 453 326 247 189
334 374 247 334 361 344 289 375 251 220 325 330 138 247 417 431 220 320 277 350 334 268 426 413 209 269 313 382 537 348 432 320 190 378 364 325 340 220 277 220 660 345 387 372 534 343 0 516 313 501 489 334 257 321 447 231 374 359 320 372 231 257 190 339 361 518 364 200 278
250 160 488 192 200 223 312 426 181 212 255 260 294 488 394 277 212 204 324 352 192 198 409 322 261 199 248 253 386 95 0 283 242 125 209 297 186 212 324 212 534 203 397 335 414 201 432 387 248 302 82 192 308 122 377 334 160 202 204 355 334 308 242 197 206 294 209 232 208
44 116 459 177 6 17 132 340 127 158 197 98 223 459 300 182 158 227 160 354 177 144 349 293 152 145 50 55 180 111 206 285 171 81 3 290 183 158 160 158 336 178 191 337 208 186 361 189 50 318 286 177 222 138 323 248 116 4 227 310 248 222 171 172 0 250 3 178 150
294 264 547 319 244 267 374 379 377 408 369 348 443 547 521 404 408 277 402 267 319 394 453 381 372 384 292 297 430 199 294 198 391 169 253 212 313 408 402 408 578 330 441 146 458 328 518 401 292 406 374 319 261 226 453 287 264 246 277 399 287 261 391 324 250 0 253 401 400
47 119 462 180 9 20 135 343 130 161 194 95 226 462 303 185 161 230 163 357 180 147 352 296 155 148 53 58 177 114 209 288 174 84 0 293 186 161 163 161 339 181 188 340 205 189 364 192 53 321 289 180 225 141 326 251 119 7 230 313 251 225 174 175 3 253 0 181 147
94 158 501 186 48 67 174 390 103 128 177 148 175 501 324 232 128 269 184 332 186 120 334 335 177 121 0 97 230 153 248 319 158 123 53 333 192 128 184 128 378 197 194 371 258 195 313 231 0 333 328 186 272 153 299 298 158 46 269 280 298 272 158 191 50 292 53 148 130
44 116 459 177 6 17 132 340 127 158 197 98 223 459 300 182 158 227 160 354 177 144 349 293 152 145 50 55 180 111 206 285 171 81 3 290 183 158 160 158 336 178 191 337 208 186 361 189 50 318 286 177 222 138 323 248 116 4 227 310 248 222 171 172 0 250 3 178 150
266 278 341 240 228 239 348 118 279 286 234 320 308 341 442 337 286 142 333 132 240 262 334 428 237 297 272 277 402 213 308 63 256 243 225 68 246 286 333 286 558 251 413 115 430 249 257 266 272 366 239 240 0 186 318 26 278 226 142 329 26 0 256 245 222 261 225 266 272
0 160 491 166 50 61 176 384 83 114 157 142 196 491 344 138 114 271 204 318 166 100 320 337 163 101 94 99 224 155 250 299 144 125 47 313 172 114 204 114 380 177 235 351 252 175 334 233 94 362 321 166 266 182 279 292 160 48 271 266 292 266 144 171 44 294 47 134 110
337 292 166 351 287 310 308 546 268 299 194 293 381 166 553 266 299 358 445 434 351 251 496 0 348 286 335 340 406 227 322 365 329 212 296 379 357 299 445 299 529 362 484 417 501 360 413 474 335 434 402 351 428 254 430 454 292 289 358 442 454 428 329 356 293 381 296 319 241
101 180 452 65 151 162 149 415 18 49 92 97 131 452 267 162 49 313 197 253 65 35 255 286 98 0 121 200 298 245 199 234 79 226 148 248 71 49 197 49 416 76 307 286 302 74 269 334 121 452 220 65 297 272 214 279 180 149 313 201 279 297 79 70 145 384 148 69 45
138 298 353 97 188 199 311 455 180 211 254 259 293 353 299 0 211 409 229 415 97 197 236 266 260 162 232 237 330 293 277 396 241 263 185 405 91 211 229 211 518 108 339 448 334 106 431 371 232 500 240 97 337 320 376 311 298 186 409 290 311 337 241 102 182 404 185 231 207
94 158 501 186 48 67 174 390 103 128 177 148 175 501 324 232 128 269 184 332 186 120 334 335 177 121 0 97 230 153 248 319 158 123 53 333 192 128 184 128 378 197 194 371 258 195 313 231 0 333 328 186 272 153 299 298 158 46 269 280 298 272 158 191 50 292 53 148 130
176 240 474 214 130 149 0 466 131 129 114 210 151 474 390 311 129 351 250 293 214 148 335 308 118 149 174 179 312 235 312 285 99 205 135 299 220 129 250 129 449 225 323 337 340 223 289 313 174 442 331 214 348 262 327 374 240 128 351 281 374 348 99 219 132 374 135 109 158
196 236 385 196 223 206 151 426 113 82 187 192 0 385 343 293 82 324 203 246 196 130 288 381 71 131 175 272 399 301 294 245 52 298 226 259 202 82 203 82 522 207 313 297 396 205 138 406 175 508 351 196 308 328 309 334 236 221 324 234 334 308 52 201 223 443 226 62 140
99 163 506 224 53 72 179 395 182 213 252 153 272 506 245 237 213 274 105 406 224 199 404 340 207 200 97 0 235 158 253 337 226 128 58 345 230 213 105 213 383 225 215 389 263 228 382 134 97 365 333 224 277 185 378 303 163 51 274 358 303 277 226 219 55 297 58 233 205
134 194 447 134 184 164 109 384 51 20 125 130 62 447 281 231 20 282 141 184 134 68 226 319 29 69 148 233 337 259 232 203 10 259 181 217 140 20 141 20 460 145 251 255 334 143 200 367 148 466 289 134 266 286 247 292 194 182 282 172 292 266 10 139 178 401 181 0 78
100 179 417 100 150 161 148 380 17 48 57 62 130 417 302 197 48 278 209 252 100 0 254 251 97 35 120 199 269 244 198 199 78 225 147 213 106 48 209 48 392 111 314 251 337 109 268 333 120 451 255 100 262 271 179 288 179 148 278 200 288 262 78 105 144 394 147 68 10
299 320 404 299 291 302 285 181 216 223 171 261 245 404 387 396 223 79 270 69 299 199 271 365 174 234 319 337 383 255 283 0 193 225 288 14 305 223 270 223 506 310 380 52 385 308 320 203 319 429 302 299 63 249 255 89 320 289 79 325 89 63 193 304 285 198 288 203 209
166 241 450 0 175 194 214 358 83 114 157 162 196 450 202 97 114 323 132 318 0 100 304 351 163 65 186 224 233 278 192 299 144 248 180 308 6 114 132 114 481 11 242 351 237 9 334 358 186 485 155 0 240 305 279 214 241 173 323 266 214 240 144 5 177 319 180 134 110
166 241 450 0 175 194 214 358 83 114 157 162 196 450 202 97 114 323 132 318 0 100 304 351 163 65 186 224 233 278 192 299 144 248 180 308 6 114 132 114 481 11 242 351 237 9 334 358 186 485 155 0 240 305 279 214 241 173 323 266 214 240 144 5 177 319 180 134 110
110 189 407 110 156 167 158 390 27 58 47 52 140 407 312 207 58 288 219 262 110 10 264 241 107 45 130 205 259 254 208 209 88 231 147 223 116 58 219 58 382 121 324 261 347 119 278 339 130 461 264 110 272 281 189 298 189 154 288 210 298 272 88 115 150 400 147 78 0
50 114 453 175 0 23 130 346 133 164 203 104 223 453 298 188 164 221 158 360 175 150 355 287 158 151 48 53 186 105 200 291 177 75 9 296 181 164 158 164 334 176 197 343 214 184 361 187 48 312 280 175 228 132 329 254 114 2 221 305 254 228 177 170 6 244 9 184 156
160 0 458 241 114 133 240 396 162 193 236 214 236 458 394 298 193 241 268 378 241 179 379 292 165 180 158 163 296 65 160 320 184 95 119 334 247 193 268 193 444 242 307 372 324 250 374 297 158 272 240 241 278 92 358 304 0 112 241 325 304 278 184 236 116 264 119 194 189
157 236 360 157 203 214 114 352 74 105 0 99 187 360 359 254 105 250 266 240 157 57 311 194 154 92 177 252 212 301 255 171 135 278 194 185 163 105 266 105 335 168 371 223 394 166 325 374 177 508 217 157 234 328 236 260 236 201 250 257 260 234 135 162 197 369 194 125 47
235 307 400 242 197 208 323 531 297 271 371 283 313 400 250 339 271 301 110 435 242 314 477 484 280 307 194 215 365 302 397 380 261 272 188 394 248 271 110 271 527 253 0 432 393 233 387 349 194 509 397 242 413 329 493 439 307 195 301 423 439 413 261 247 191 441 188 251 324
292 304 315 214 254 265 374 144 297 312 260 346 334 315 416 311 312 168 346 158 214 288 360 454 263 279 298 303 428 239 334 89 282 269 251 94 220 312 346 312 584 225 439 141 451 223 231 292 298 392 265 214 26 212 344 0 304 252 168 355 0 26 282 219 248 287 251 292 298
182 92 420 305 132 155 262 304 254 281 328 236 328 420 430 320 281 203 290 318 305 271 341 254 257 272 153 185 318 27 122 249 276 57 141 254 308 281 290 281 466 308 329 301 346 296 321 319 153 180 202 305 186 0 450 212 92 134 203 287 212 186 276 302 138 226 141 286 281
271 241 483 323 221 244 351 260 295 302 250 325 324 483 308 409 302 0 191 148 323 278 350 358 253 313 269 274 407 176 204 79 272 146 230 93 329 302 191 302 555 327 301 131 435 314 320 282 269 383 286 323 142 203 334 168 241 223 0 376 168 142 272 321 227 277 230 282 288
99 163 506 224 53 72 179 395 182 213 252 153 272 506 245 237 213 274 105 406 224 199 404 340 207 200 97 0 235 158 253 337 226 128 58 345 230 213 105 213 383 225 215 389 263 228 382 134 97 365 333 224 277 185 378 303 163 51 274 358 303 277 226 219 55 297 58 233 205
163 165 456 163 158 135 118 355 80 49 154 159 71 456 310 260 49 253 170 213 163 97 255 348 0 98 177 207 332 230 261 174 19 233 155 188 169 49 170 49 488 174 280 226 360 172 209 341 177 437 318 163 237 257 276 263 165 156 253 201 263 237 19 168 152 372 155 29 107
114 193 465 114 164 175 129 404 31 0 105 110 82 465 301 211 0 302 161 204 114 48 206 299 49 49 128 213 317 258 212 223 30 239 161 237 120 0 161 0 440 125 271 275 314 123 220 347 128 461 269 114 286 281 227 312 193 162 302 152 312 286 30 119 158 408 161 20 58
144 184 437 144 177 154 99 374 61 30 135 140 52 437 291 241 30 272 151 194 144 78 236 329 19 79 158 226 347 249 242 193 0 252 174 207 150 30 151 30 470 155 261 245 344 153 190 360 158 456 299 144 256 276 257 282 184 175 272 182 282 256 0 149 171 391 174 10 88
252 324 667 237 214 225 340 548 320 314 394 300 396 667 439 334 314 435 368 454 237 337 520 501 360 302 258 263 382 319 414 385 344 289 205 399 243 314 368 314 544 248 393 333 0 246 534 397 258 526 374 237 430 346 516 451 324 212 435 466 451 430 344 242 208 458 205 334 347
344 394 650 202 298 317 390 560 285 301 359 364 343 650 0 299 301 308 140 456 202 302 506 553 310 267 324 245 435 403 394 387 291 373 303 401 208 301 140 301 628 203 250 439 439 211 417 379 324 554 357 202 442 430 304 416 394 296 308 453 416 442 291 197 300 521 303 281 312
233 297 607 358 187 206 313 384 316 347 374 287 406 607 379 371 347 282 239 272 358 333 474 474 341 334 231 134 369 292 387 203 360 262 192 217 364 347 239 347 517 359 349 255 397 362 516 0 231 499 467 358 266 319 458 292 297 185 282 492 292 266 360 353 189 401 192 367 339
299 320 404 299 291 302 285 181 216 223 171 261 245 404 387 396 223 79 270 69 299 199 271 365 174 234 319 337 383 255 283 0 193 225 288 14 305 223 270 223 506 310 380 52 385 308 320 203 319 429 302 299 63 249 255 89 320 289 79 325 89 63 193 304 285 198 288 203 209
299 320 404 299 291 302 285 181 216 223 171 261 245 404 387 396 223 79 270 69 299 199 271 365 174 234 319 337 383 255 283 0 193 225 288 14 305 223 270 223 506 310 380 52 385 308 320 203 319 429 302 299 63 249 255 89 320 289 79 325 89 63 193 304 285 198 288 203 209
155 65 393 278 105 128 235 331 227 258 301 209 301 393 403 293 258 176 263 324 278 244 314 227 230 245 153 158 291 0 95 255 249 30 114 269 281 258 263 258 439 281 302 307 319 269 348 292 153 207 175 278 213 27 423 239 65 107 176 260 239 213 249 275 111 199 114 259 254
344 394 650 202 298 317 390 560 285 301 359 364 343 650 0 299 301 308 140 456 202 302 506 553 310 267 324 245 435 403 394 387 291 373 303 401 208 301 140 301 628 203 250 439 439 211 417 379 324 554 357 202 442 430 304 416 394 296 308 453 416 442 291 197 300 521 303 281 312
155 65 393 278 105 128 235 331 227 258 301 209 301 393 403 293 258 176 263 324 278 244 314 227 230 245 153 158 291 0 95 255 249 30 114 269 281 258 263 258 439 281 302 307 319 269 348 292 153 207 175 278 213 27 423 239 65 107 176 260 239 213 249 275 111 199 114 259 254
157 236 360 157 203 214 114 352 74 105 0 99 187 360 359 254 105 250 266 240 157 57 311 194 154 92 177 252 212 301 255 171 135 278 194 185 163 105 266 105 335 168 371 223 394 166 325 374 177 508 217 157 234 328 236 260 236 201 250 257 260 234 135 162 197 369 194 125 47
175 250 459 9 184 203 223 367 92 123 166 171 205 459 211 106 123 314 123 327 9 109 313 360 172 74 195 228 242 269 201 308 153 239 189 317 15 123 123 123 490 20 233 360 246 0 343 362 195 476 164 9 249 296 288 223 250 182 314 275 223 249 153 14 186 328 189 143 119
44 116 459 177 6 17 132 340 127 158 197 98 223 459 300 182 158 227 160 354 177 144 349 293 152 145 50 55 180 111 206 285 171 81 3 290 183 158 160 158 336 178 191 337 208 186 361 189 50 318 286 177 222 138 323 248 116 4 227 310 248 222 171 172 0 250 3 178 150
266 325 608 266 305 327 281 447 183 152 257 262 234 608 453 290 152 376 313 256 266 200 54 442 201 201 280 358 469 260 355 325 182 230 313 339 272 152 313 152 592 277 423 377 466 275 372 492 280 425 421 266 329 287 379 355 325 307 376 0 355 329 182 271 310 399 313 172 210
175 250 459 9 184 203 223 367 92 123 166 171 205 459 211 106 123 314 123 327 9 109 313 360 172 74 195 228 242 269 201 308 153 239 189 317 15 123 123 123 490 20 233 360 246 0 343 362 195 476 164 9 249 296 288 223 250 182 314 275 223 249 153 14 186 328 189 143 119
384 396 459 358 346 357 466 0 397 404 352 438 426 459 560 455 404 260 451 250 358 380 452 546 355 415 390 395 468 331 426 181 374 361 343 186 364 404 451 404 583 369 531 233 548 367 375 384 390 484 357 358 118 304 436 144 396 344 260 447 144 118 374 363 340 379 343 384 390
321 240 568 155 280 303 331 357 238 269 217 316 351 568 357 240 269 286 287 371 155 255 459 402 318 220 328 333 388 175 82 302 299 205 289 307 149 269 287 269 552 166 397 354 374 164 489 467 328 382 0 155 239 202 434 265 240 282 286 421 265 239 299 160 286 374 289 289 264
491 458 0 450 453 476 474 459 434 465 360 459 385 0 650 353 465 483 510 473 450 417 589 166 456 452 501 506 572 393 488 404 437 378 462 409 444 465 510 465 695 461 400 456 667 459 247 607 501 398 568 450 341 420 596 315 458 455 483 608 315 341 437 455 459 547 462 447 407
318 378 473 318 360 348 293 250 235 204 240 314 246 473 456 415 204 148 325 0 318 252 202 434 213 253 332 406 452 324 352 69 194 294 357 83 324 204 325 204 575 329 435 121 454 327 350 272 332 498 371 318 132 318 324 158 378 358 148 256 158 132 194 323 354 267 357 184 262
271 241 483 323 221 244 351 260 295 302 250 325 324 483 308 409 302 0 191 148 323 278 350 358 253 313 269 274 407 176 204 79 272 146 230 93 329 302 191 302 555 327 301 131 435 314 320 282 269 383 286 323 142 203 334 168 241 223 0 376 168 142 272 321 227 277 230 282 288
321 240 568 155 280 303 331 357 238 269 217 316 351 568 357 240 269 286 287 371 155 255 459 402 318 220 328 333 388 175 82 302 299 205 289 307 149 269 287 269 552 166 397 354 374 164 489 467 328 382 0 155 239 202 434 265 240 282 286 421 265 239 299 160 286 374 289 289 264
48 112 455 173 2 21 128 344 131 162 201 102 221 455 296 186 162 223 156 358 173 148 353 289 156 149 46 51 184 107 202 289 175 77 7 294 179 162 156 162 332 174 195 341 212 182 359 185 46 314 282 173 226 134 327 252 112 0 223 307 252 226 175 168 4 246 7 182 154
176 240 474 214 130 149 0 466 131 129 114 210 151 474 390 311 129 351 250 293 214 148 335 308 118 149 174 179 312 235 312 285 99 205 135 299 220 129 250 129 449 225 323 337 340 223 289 313 174 442 331 214 348 262 327 374 240 128 351 281 374 348 99 219 132 374 135 109 158
380 444 695 481 334 353 449 583 409 440 335 434 522 695 628 518 440 555 488 575 481 392 646 529 488 416 378 383 516 439 534 506 470 409 339 520 487 440 488 440 0 492 527 558 544 490 660 517 378 478 552 481 558 466 571 584 444 332 555 592 584 558 470 486 336 578 339 460 382
61 133 476 194 23 0 149 357 144 175 214 115 206 476 317 199 175 244 177 348 194 161 366 310 135 162 67 72 197 128 223 302 154 98 20 307 200 175 177 175 353 195 208 354 225 203 344 206 67 335 303 194 239 155 340 265 133 21 244 327 265 239 154 189 17 267 20 164 167
125 95 378 248 75 98 205 361 208 239 278 179 298 378 373 263 239 146 233 294 248 225 284 212 233 226 123 128 261 30 125 225 252 0 84 239 254 239 233 239 409 251 272 277 289 239 378 262 123 237 205 248 243 57 404 269 95 77 146 230 269 243 252 245 81 169 84 259 231
299 320 404 299 291 302 285 181 216 223 171 261 245 404 387 396 223 79 270 69 299 199 271 365 174 234 319 337 383 255 283 0 193 225 288 14 305 223 270 223 506 310 380 52 385 308 320 203 319 429 302 299 63 249 255 89 320 289 79 325 89 63 193 304 285 198 288 203 209
320 379 589 304 355 366 335 452 237 206 311 316 288 589 506 236 206 350 367 202 304 254 0 496 255 255 334 404 523 314 409 271 236 284 352 285 310 206 367 206 646 315 477 323 520 313 426 474 334 479 459 304 334 341 433 360 379 353 350 54 360 334 236 309 349 453 352 226 264
172 247 444 6 181 200 220 364 89 120 163 168 202 444 208 91 120 329 138 324 6 106 310 357 169 71 192 230 239 281 186 305 150 254 186 314 0 120 138 120 487 17 248 357 243 15 340 364 192 488 149 6 246 308 285 220 247 179 329 272 220 246 150 11 183 313 186 140 116
204 268 510 132 158 177 250 451 192 161 266 258 203 510 140 229 161 191 0 325 132 209 367 445 170 197 184 105 340 263 324 270 151 233 163 284 138 161 0 161 488 143 110 322 368 123 277 239 184 470 287 132 333 290 388 346 268 156 191 313 346 333 151 137 160 402 163 141 219
177 242 461 11 176 195 225 369 94 125 168 173 207 461 203 108 125 327 143 329 11 111 315 362 174 76 197 225 244 281 203 310 155 251 181 319 17 125 143 125 492 0 253 362 248 20 345 359 197 488 166 11 251 308 290 225 242 174 327 277 225 251 155 6 178 330 181 145 121
394 444 700 252 348 367 440 610 335 351 409 414 393 700 50 349 351 358 190 506 252 352 556 603 360 317 374 295 485 453 444 437 341 423 353 451 258 351 190 351 678 253 300 489 489 261 467 429 374 504 407 252 492 480 354 466 444 346 358 503 466 492 341 247 350 571 353 331 362
142 214 459 162 104 115 210 438 79 110 99 0 192 459 364 259 110 325 258 314 162 62 316 293 159 97 148 153 272 209 260 261 140 179 95 275 168 110 258 110 434 173 283 313 300 171 330 287 148 416 316 162 320 236 241 346 214 102 325 262 346 320 140 167 98 348 95 130 52
313 334 409 308 296 307 299 186 230 237 185 275 259 409 401 405 237 93 284 83 308 213 285 379 188 248 333 345 397 269 297 14 207 239 293 0 314 237 284 237 520 319 394 66 399 317 325 217 333 434 307 308 68 254 269 94 334 294 93 339 94 68 207 313 290 212 293 217 223
171 236 455 5 170 189 219 363 88 119 162 167 201 455 197 102 119 321 137 323 5 105 309 356 168 70 191 219 238 275 197 304 149 245 175 313 11 119 137 119 486 6 247 356 242 14 339 353 191 482 160 5 245 302 284 219 236 168 321 271 219 245 149 0 172 324 175 139 115
224 296 572 233 186 197 312 468 286 317 212 272 399 572 435 330 317 407 340 452 233 269 523 406 332 298 230 235 0 291 386 383 347 261 177 397 239 317 340 317 516 244 365 435 382 242 537 369 230 498 388 233 402 318 448 428 296 184 407 469 428 402 347 238 180 430 177 337 259
83 162 434 83 133 144 131 397 0 31 74 79 113 434 285 180 31 295 192 235 83 17 237 268 80 18 103 182 286 227 181 216 61 208 130 230 89 31 192 31 409 94 297 268 320 92 251 316 103 434 238 83 279 254 196 297 162 131 295 183 297 279 61 88 127 377 130 51 27
351 372 456 351 343 354 337 233 268 275 223 313 297 456 439 448 275 131 322 121 351 251 323 417 226 286 371 389 435 307 335 52 245 277 340 66 357 275 322 275 558 362 432 0 333 360 372 255 371 481 354 351 115 301 307 141 372 341 131 377 141 115 245 356 337 146 340 255 261
250 160 488 192 200 223 312 426 181 212 255 260 294 488 394 277 212 204 324 352 192 198 409 322 261 199 248 253 386 95 0 283 242 125 209 297 186 212 324 212 534 203 397 335 414 201 432 387 248 302 82 192 308 122 377 334 160 202 204 355 334 308 242 197 206 294 209 232 208
