98 74 54
218 228 177 379 116 101 159 181 135 124 122 180 124 269 161 116 127 286 194 117 258 124 188 233 206 253 177 177 211 230 258 170 151 240 188 169 209 193 281 233 161 201 183 233 227 128 236 117 67 311 154 188 127 166 197 101 188 133 182 210 105 180 238 253 187 149 194 127 182 101 258 234 188 166
108 247 60 305 33 110 76 64 18 87 39 149 87 152 170 33 44 176 84 132 133 87 87 116 199 136 94 94 94 232 133 174 160 157 87 178 145 76 207 116 170 170 146 116 102 134 140 132 82 194 169 87 136 181 147 110 87 16 182 93 44 149 155 136 218 0 77 44 182 110 133 95 87 49
160 225 211 269 194 111 168 208 203 134 199 179 134 298 51 194 205 275 183 110 181 134 177 156 199 226 187 187 240 240 181 57 161 250 177 179 99 205 280 156 51 200 193 156 212 121 229 110 145 234 147 177 137 159 84 111 177 205 175 278 183 179 247 226 266 221 167 205 175 111 181 219 177 195
184 249 184 328 133 50 146 157 142 73 138 77 73 274 110 133 144 273 181 134 155 73 175 105 223 207 126 126 216 179 155 187 0 189 175 118 158 144 178 105 110 98 132 105 124 145 208 134 84 183 171 175 24 183 214 50 175 144 199 194 122 77 225 207 288 160 185 144 199 50 155 131 175 171
69 152 171 357 136 121 128 148 155 144 142 106 144 236 180 136 147 185 93 37 152 144 99 148 52 168 152 152 178 142 152 90 171 215 99 189 197 134 207 148 180 127 155 148 143 48 111 37 87 226 0 99 147 86 117 121 99 153 28 230 125 106 207 168 193 169 109 147 28 121 152 136 99 133
86 245 170 360 130 82 145 169 128 59 136 161 59 257 142 130 141 202 110 166 148 59 116 165 130 185 158 158 199 211 148 189 132 141 116 150 190 147 262 165 142 182 0 165 179 177 189 166 116 243 155 116 108 215 162 82 116 130 154 203 141 161 224 185 259 146 126 141 154 82 148 186 116 154
214 0 226 412 214 199 183 226 233 222 220 184 222 314 259 214 225 292 200 115 262 222 194 278 115 263 215 215 256 253 262 168 249 278 194 267 252 233 284 278 259 205 245 278 231 126 174 115 165 321 152 194 225 164 195 199 194 231 139 308 203 184 262 263 41 247 204 225 139 199 262 238 194 211
204 284 188 301 188 180 145 173 193 203 194 101 203 261 240 188 199 272 180 170 179 203 174 225 169 243 113 113 203 251 179 223 178 176 174 248 214 131 0 225 240 122 262 225 148 181 110 170 214 268 207 174 154 219 250 180 174 191 193 238 199 101 224 243 287 207 184 199 193 180 179 155 174 158
151 165 110 312 49 34 92 114 68 57 55 113 57 202 94 49 60 219 127 50 191 57 121 166 139 186 110 110 144 163 191 103 84 173 121 102 142 126 214 166 94 134 116 166 160 61 169 50 0 244 87 121 60 99 130 34 121 66 115 143 38 113 171 186 206 82 127 60 115 34 191 167 121 99
92 231 44 289 17 94 60 48 2 71 23 165 71 136 154 17 28 160 68 116 149 71 71 100 183 120 78 78 78 216 149 158 144 141 71 162 129 60 191 100 154 186 130 100 118 118 124 116 66 178 153 71 120 165 131 94 71 0 166 77 28 165 139 120 202 16 61 28 166 94 149 111 71 33
0 214 102 288 102 155 59 83 90 145 108 175 145 171 176 102 113 116 24 106 215 145 30 79 121 99 91 91 113 211 215 103 184 154 30 173 128 95 204 79 176 196 86 79 210 117 159 106 151 157 69 30 181 155 76 155 30 92 97 165 113 175 138 99 173 108 40 113 97 155 215 203 30 68
204 284 188 301 188 180 145 173 193 203 194 101 203 261 240 188 199 272 180 170 179 203 174 225 169 243 113 113 203 251 179 223 178 176 174 248 214 131 0 225 240 122 262 225 148 181 110 170 214 268 207 174 154 219 250 180 174 191 193 238 199 101 224 243 287 207 184 199 193 180 179 155 174 158
140 271 118 329 57 140 100 122 76 145 63 219 145 210 200 57 68 208 116 156 223 145 122 174 245 191 132 132 152 269 223 209 190 195 122 208 169 134 245 174 200 240 187 174 192 167 198 156 106 252 193 122 166 205 205 140 122 74 221 151 68 219 179 191 242 90 132 68 221 140 223 185 122 107
24 200 78 264 78 131 35 59 66 135 84 154 135 147 152 78 89 92 0 85 191 135 6 103 145 75 67 67 89 205 191 126 181 130 6 196 104 71 180 103 152 175 110 103 186 96 135 85 127 181 93 6 157 134 99 131 6 68 121 141 89 154 114 75 177 84 16 89 121 131 191 179 6 44
95 233 93 279 77 94 50 42 62 88 83 173 88 130 154 77 88 163 71 123 206 88 65 94 123 114 18 18 72 156 206 165 144 81 65 162 119 0 131 94 154 194 147 94 178 112 64 123 126 137 134 65 120 172 138 94 65 60 106 137 88 173 129 114 192 76 55 88 106 94 206 171 65 27
76 195 165 351 148 164 122 126 133 187 154 149 187 214 135 148 159 191 99 80 227 187 93 155 169 142 154 154 156 158 227 27 214 217 93 97 183 138 250 155 135 170 162 155 196 91 150 80 130 233 117 93 190 129 0 164 93 131 145 208 159 149 176 142 236 147 83 159 145 164 227 203 93 111
99 263 141 327 137 157 98 102 122 180 143 169 180 190 215 137 148 167 75 148 247 180 69 154 220 0 130 130 132 261 247 169 207 193 69 225 167 114 243 154 215 190 185 154 216 159 178 148 186 232 168 69 183 197 142 157 69 120 196 197 148 169 177 0 240 136 59 148 196 157 247 223 69 87
196 205 230 378 183 100 196 201 188 123 188 21 123 289 160 183 194 267 175 90 99 123 169 203 179 190 176 176 231 229 99 143 98 239 169 168 208 194 122 203 160 0 182 203 68 101 209 90 134 281 127 169 74 139 170 100 169 186 155 263 172 21 176 190 246 170 179 194 155 100 99 75 169 186
215 262 193 348 166 157 156 197 151 180 172 78 180 285 130 166 177 283 191 147 0 180 185 235 148 247 188 188 227 238 0 200 155 251 185 225 178 206 179 235 130 99 148 235 31 158 207 147 191 313 152 185 131 196 227 157 185 149 124 226 177 78 77 247 298 133 195 177 124 157 0 38 185 182
214 0 226 412 214 199 183 226 233 222 220 184 222 314 259 214 225 292 200 115 262 222 194 278 115 263 215 215 256 253 262 168 249 278 194 267 252 233 284 278 259 205 245 278 231 126 174 115 165 321 152 194 225 164 195 199 194 231 139 308 203 184 262 263 41 247 204 225 139 199 262 238 194 211
116 292 170 356 170 223 127 151 158 227 176 246 227 239 244 170 181 0 92 177 283 227 98 195 237 167 159 159 181 297 283 218 273 222 98 288 196 163 272 195 244 267 202 195 278 188 227 177 219 273 185 98 249 226 191 223 98 160 213 233 181 246 206 167 269 176 108 181 213 223 283 271 98 136
76 195 165 351 148 164 122 126 133 187 154 149 187 214 135 148 159 191 99 80 227 187 93 155 169 142 154 154 156 158 227 27 214 217 93 97 183 138 250 155 135 170 162 155 196 91 150 80 130 233 117 93 190 129 0 164 93 131 145 208 159 149 176 142 236 147 83 159 145 164 227 203 93 111
210 231 162 379 135 126 178 166 120 149 141 47 149 254 161 135 146 278 186 116 31 149 189 218 179 216 196 196 196 255 31 169 124 259 189 194 209 178 148 218 161 68 179 218 0 127 235 116 160 296 143 189 100 165 196 126 189 118 155 195 146 47 108 216 272 102 179 146 155 126 31 7 189 151
95 233 93 279 77 94 50 42 62 88 83 173 88 130 154 77 88 163 71 123 206 88 65 94 123 114 18 18 72 156 206 165 144 81 65 162 119 0 131 94 154 194 147 94 178 112 64 123 126 137 134 65 120 172 138 94 65 60 106 137 88 173 129 114 192 76 55 88 106 94 206 171 65 27
108 220 67 278 6 88 49 71 25 94 0 167 94 159 148 6 17 176 84 105 172 94 78 123 194 143 81 81 101 217 172 158 138 144 78 156 118 83 194 123 148 188 136 123 141 116 147 105 55 201 142 78 114 154 154 88 78 23 170 100 17 167 128 143 191 39 84 17 170 88 172 134 78 56
24 200 78 264 78 131 35 59 66 135 84 154 135 147 152 78 89 92 0 85 191 135 6 103 145 75 67 67 89 205 191 126 181 130 6 196 104 71 180 103 152 175 110 103 186 96 135 85 127 181 93 6 157 134 99 131 6 68 121 141 89 154 114 75 177 84 16 89 121 131 191 179 6 44
69 152 171 357 136 121 128 148 155 144 142 106 144 236 180 136 147 185 93 37 152 144 99 148 52 168 152 152 178 142 152 90 171 215 99 189 197 134 207 148 180 127 155 148 143 48 111 37 87 226 0 99 147 86 117 121 99 153 28 230 125 106 207 168 193 169 109 147 28 121 152 136 99 133
68 211 77 296 50 121 67 15 35 104 56 165 104 103 172 50 61 136 44 96 182 104 38 67 150 87 45 45 45 183 182 138 171 108 38 189 136 27 158 67 172 186 154 67 151 85 91 96 99 145 133 38 147 145 111 121 38 33 133 110 61 165 146 87 209 49 28 61 133 121 182 144 38 0
159 174 157 343 141 158 114 106 126 152 147 188 152 194 218 141 152 227 135 119 207 152 129 158 59 178 82 82 136 197 207 172 208 145 129 226 183 64 110 158 218 209 189 158 235 130 0 119 169 201 111 129 184 168 150 158 129 124 83 201 152 188 193 178 215 140 119 152 83 158 207 235 129 91
103 168 192 326 152 137 149 153 160 160 158 122 160 241 108 152 163 218 126 53 200 160 120 182 142 169 181 181 183 185 200 0 187 244 120 124 156 165 223 182 108 143 189 182 169 64 172 53 103 259 90 120 163 102 27 137 120 158 118 235 141 122 203 169 209 174 110 163 118 137 200 176 120 138
176 259 160 218 143 60 117 157 152 83 148 139 83 275 0 143 154 244 152 144 130 83 146 105 232 215 136 136 217 189 130 108 110 199 146 128 48 154 240 105 0 160 142 105 161 155 218 144 94 183 180 146 86 193 135 60 146 154 208 227 132 139 196 215 259 170 156 154 208 60 130 168 146 172
99 263 141 327 137 157 98 102 122 180 143 169 180 190 215 137 148 167 75 148 247 180 69 154 220 0 130 130 132 261 247 169 207 193 69 225 167 114 243 154 215 190 185 154 216 159 178 148 186 232 168 69 183 197 142 157 69 120 196 197 148 169 177 0 240 136 59 148 196 157 247 223 69 87
30 194 72 258 72 125 29 53 72 141 78 148 141 141 146 72 83 98 6 79 185 141 0 105 151 69 61 61 83 199 185 120 175 124 0 190 98 65 174 105 146 169 116 105 189 90 129 79 121 183 99 0 151 128 93 125 0 71 127 147 83 148 108 69 171 87 10 83 127 125 185 182 0 38
76 195 165 351 148 164 122 126 133 187 154 149 187 214 135 148 159 191 99 80 227 187 93 155 169 142 154 154 156 158 227 27 214 217 93 97 183 138 250 155 135 170 162 155 196 91 150 80 130 233 117 93 190 129 0 164 93 131 145 208 159 149 176 142 236 147 83 159 145 164 227 203 93 111
113 225 72 283 11 94 54 76 30 99 17 173 99 164 154 11 0 181 89 110 177 99 83 128 199 148 86 86 106 223 177 163 144 149 83 162 123 88 199 128 154 194 141 128 146 121 152 110 60 206 147 83 120 159 159 94 83 28 175 105 22 173 133 148 196 44 89 0 175 94 177 139 83 61
203 238 155 386 128 133 171 159 113 156 134 54 156 247 168 128 139 271 179 123 38 156 182 211 186 223 189 189 189 262 38 176 131 252 182 201 216 171 155 211 168 75 186 211 7 134 235 123 167 289 136 182 107 172 203 133 182 111 162 188 139 54 115 223 279 95 172 139 162 133 38 0 182 144
113 203 72 283 11 72 54 76 30 95 17 151 95 164 132 11 22 181 89 88 177 95 83 128 177 148 86 86 106 201 177 141 122 149 83 140 123 88 199 128 132 172 141 128 146 99 152 88 38 206 125 83 98 137 159 72 83 28 153 105 0 151 133 148 196 44 89 22 153 72 177 139 83 61
181 225 160 304 109 26 122 162 118 49 114 53 49 250 86 109 120 249 157 110 131 49 151 129 199 183 102 102 192 155 131 163 24 165 151 94 134 120 154 129 86 74 108 129 100 121 184 110 60 207 147 151 0 159 190 26 151 120 175 193 98 53 201 183 264 136 161 120 175 26 131 107 151 147
145 222 111 301 88 23 119 119 69 0 94 102 0 207 83 88 99 227 135 107 180 0 141 171 189 180 99 99 149 152 180 160 73 162 141 91 131 88 203 171 83 123 59 171 149 118 152 107 57 225 144 141 49 156 187 23 141 71 172 144 95 102 198 180 261 87 132 99 172 23 180 156 141 104
138 262 122 308 122 175 79 161 141 198 128 155 198 249 196 122 133 206 114 187 77 198 108 213 225 177 111 111 191 249 77 203 225 174 108 243 148 129 224 213 196 176 224 213 108 198 193 187 171 266 207 108 201 236 176 175 108 139 201 216 133 155 0 177 221 155 118 133 201 175 77 115 108 146
113 203 72 283 11 72 54 76 30 95 17 151 95 164 132 11 22 181 89 88 177 95 83 128 177 148 86 86 106 201 177 141 122 149 83 140 123 88 199 128 132 172 141 128 146 99 152 88 38 206 125 83 98 137 159 72 83 28 153 105 0 151 133 148 196 44 89 22 153 72 177 139 83 61
103 168 192 326 152 137 149 153 160 160 158 122 160 241 108 152 163 218 126 53 200 160 120 182 142 169 181 181 183 185 200 0 187 244 120 124 156 165 223 182 108 143 189 182 169 64 172 53 103 259 90 120 163 102 27 137 120 158 118 235 141 122 203 169 209 174 110 163 118 137 200 176 120 138
102 226 0 272 61 134 43 92 42 111 67 209 111 180 160 61 72 170 78 151 193 111 72 144 216 141 75 75 122 213 193 192 184 138 72 202 112 93 188 144 160 230 170 144 162 162 157 151 110 222 171 72 160 200 165 134 72 44 199 117 72 209 122 141 185 60 82 72 199 134 193 155 72 77
68 211 77 296 50 121 67 15 35 104 56 165 104 103 172 50 61 136 44 96 182 104 38 67 150 87 45 45 45 183 182 138 171 108 38 189 136 27 158 67 172 186 154 67 151 85 91 96 99 145 133 38 147 145 111 121 38 33 133 110 61 165 146 87 209 49 28 61 133 121 182 144 38 0
154 278 138 324 138 139 95 123 143 162 144 218 162 211 199 138 149 222 130 203 251 162 124 175 204 193 63 63 153 201 251 244 189 0 124 207 164 81 176 175 199 239 141 175 259 193 145 203 173 218 215 124 165 252 217 139 124 141 187 218 149 218 174 193 237 157 134 149 187 139 251 252 124 108
151 165 110 312 49 34 92 114 68 57 55 113 57 202 94 49 60 219 127 50 191 57 121 166 139 186 110 110 144 163 191 103 84 173 121 102 142 126 214 166 94 134 116 166 160 61 169 50 0 244 87 121 60 99 130 34 121 66 115 143 38 113 171 186 206 82 127 60 115 34 191 167 121 99
157 321 222 401 195 231 187 130 180 225 201 260 225 248 183 195 206 273 181 206 313 225 183 78 260 232 155 155 190 293 313 259 183 218 183 257 231 137 268 78 183 281 243 78 296 217 201 206 244 0 226 183 207 157 233 231 183 178 243 255 206 260 266 232 329 194 173 206 243 231 313 289 183 145
40 204 82 268 78 135 39 43 63 132 84 158 132 131 156 78 89 108 16 89 195 132 10 95 161 59 71 71 73 209 195 110 185 134 10 180 108 55 184 95 156 179 126 95 179 100 119 89 127 173 109 10 161 138 83 135 10 61 137 138 89 158 118 59 181 77 0 89 137 135 195 172 10 28
113 256 122 341 95 166 112 60 80 149 101 210 149 148 217 95 106 181 89 141 227 149 83 112 195 132 90 90 0 228 227 183 216 153 83 234 181 72 203 112 217 231 199 112 196 130 136 141 144 190 178 83 192 190 156 166 83 78 178 155 106 210 191 132 254 94 73 106 178 166 227 189 83 45
95 233 93 279 77 94 50 42 62 88 83 173 88 130 154 77 88 163 71 123 206 88 65 94 123 114 18 18 72 156 206 165 144 81 65 162 119 0 131 94 154 194 147 94 178 112 64 123 126 137 134 65 120 172 138 94 65 60 106 137 88 173 129 114 192 76 55 88 106 94 206 171 65 27
171 314 180 399 153 224 170 118 138 207 159 268 207 0 275 153 164 239 147 199 285 207 141 170 253 190 148 148 148 250 285 241 274 211 141 189 239 130 261 170 275 289 257 170 254 188 194 199 202 248 236 141 250 248 214 224 141 136 236 213 164 268 249 190 312 152 131 164 236 224 285 247 141 103
173 41 185 371 185 238 142 224 204 261 191 225 261 312 259 185 196 269 177 156 298 261 171 252 156 240 174 174 254 294 298 209 288 237 171 306 211 192 287 252 259 246 259 252 272 167 215 156 206 329 193 171 264 205 236 238 171 202 180 279 196 225 221 240 0 218 181 196 180 238 298 279 171 209
103 168 192 326 152 137 149 153 160 160 158 122 160 241 108 152 163 218 126 53 200 160 120 182 142 169 181 181 183 185 200 0 187 244 120 124 156 165 223 182 108 143 189 182 169 64 172 53 103 259 90 120 163 102 27 137 120 158 118 235 141 122 203 169 209 174 110 163 118 137 200 176 120 138
211 253 213 399 212 129 170 198 218 152 217 208 152 250 189 212 223 297 205 179 238 152 199 250 138 261 138 138 228 0 238 185 179 201 199 61 237 156 251 250 189 229 211 250 255 190 197 179 163 293 142 199 155 228 158 129 199 216 114 293 201 208 249 261 294 232 209 223 114 129 238 262 199 183
159 174 157 343 141 158 114 106 126 152 147 188 152 194 218 141 152 227 135 119 207 152 129 158 59 178 82 82 136 197 207 172 208 145 129 226 183 64 110 158 218 209 189 158 235 130 0 119 169 201 111 129 184 168 150 158 129 124 83 201 152 188 193 178 215 140 119 152 83 158 207 235 129 91
106 115 151 337 99 84 108 111 118 107 105 69 107 199 144 99 110 177 85 0 147 107 79 163 89 148 140 140 141 179 147 53 134 203 79 152 177 123 170 163 144 90 166 163 116 11 119 0 50 206 37 79 110 49 80 84 79 116 65 193 88 69 187 148 156 132 89 110 65 84 147 123 79 96
176 259 160 218 143 60 117 157 152 83 148 139 83 275 0 143 154 244 152 144 130 83 146 105 232 215 136 136 217 189 130 108 110 199 146 128 48 154 240 105 0 160 142 105 161 155 218 144 94 183 180 146 86 193 135 60 146 154 208 227 132 139 196 215 259 170 156 154 208 60 130 168 146 172
196 205 230 378 183 100 196 201 188 123 188 21 123 289 160 183 194 267 175 90 99 123 169 203 179 190 176 176 231 229 99 143 98 239 169 168 208 194 122 203 160 0 182 203 68 101 209 90 134 281 127 169 74 139 170 100 169 186 155 263 172 21 176 190 246 170 179 194 155 100 99 75 169 186
97 139 199 385 164 149 156 148 168 172 170 134 172 236 208 164 175 213 121 65 124 172 127 176 24 196 124 124 178 114 124 118 199 187 127 175 225 106 193 176 208 155 154 176 155 76 83 65 115 243 28 127 175 114 145 149 127 166 0 243 153 134 201 196 180 182 137 175 0 149 124 162 127 133
145 222 111 301 88 23 119 119 69 0 94 102 0 207 83 88 99 227 135 107 180 0 141 171 189 180 99 99 149 152 180 160 73 162 141 91 131 88 203 171 83 123 59 171 149 118 152 107 57 225 144 141 49 156 187 23 141 71 172 144 95 102 198 180 261 87 132 99 172 23 180 156 141 104
76 195 165 351 148 164 122 126 133 187 154 149 187 214 135 148 159 191 99 80 227 187 93 155 169 142 154 154 156 158 227 27 214 217 93 97 183 138 250 155 135 170 162 155 196 91 150 80 130 233 117 93 190 129 0 164 93 131 145 208 159 149 176 142 236 147 83 159 145 164 227 203 93 111
204 284 188 301 188 180 145 173 193 203 194 101 203 261 240 188 199 272 180 170 179 203 174 225 169 243 113 113 203 251 179 223 178 176 174 248 214 131 0 225 240 122 262 225 148 181 110 170 214 268 207 174 154 219 250 180 174 191 193 238 199 101 224 243 287 207 184 199 193 180 179 155 174 158
165 308 117 366 94 167 137 125 75 144 100 242 144 213 227 94 105 233 141 193 226 144 147 177 249 197 155 155 155 293 226 235 194 218 147 235 206 137 238 177 227 263 203 177 195 195 201 193 143 255 230 147 193 242 208 167 147 77 243 0 105 242 216 197 279 93 138 105 243 167 226 188 147 110
173 267 202 346 151 68 164 204 160 91 156 147 91 189 128 151 162 288 196 152 225 91 190 223 199 225 144 144 234 61 225 124 118 207 190 0 176 162 248 223 128 168 150 223 194 163 226 152 102 257 189 190 94 201 97 68 190 162 175 235 140 147 243 225 306 178 180 162 175 68 225 201 190 189
106 115 151 337 99 84 108 111 118 107 105 69 107 199 144 99 110 177 85 0 147 107 79 163 89 148 140 140 141 179 147 53 134 203 79 152 177 123 170 163 144 90 166 163 116 11 119 0 50 206 37 79 110 49 80 84 79 116 65 193 88 69 187 148 156 132 89 110 65 84 147 123 79 96
203 238 155 386 128 133 171 159 113 156 134 54 156 247 168 128 139 271 179 123 38 156 182 211 186 223 189 189 189 262 38 176 131 252 182 201 216 171 155 211 168 75 186 211 7 134 235 123 167 289 136 182 107 172 203 133 182 111 162 188 139 54 115 223 279 95 172 139 162 133 38 0 182 144
86 245 170 360 130 82 145 169 128 59 136 161 59 257 142 130 141 202 110 166 148 59 116 165 130 185 158 158 199 211 148 189 132 141 116 150 190 147 262 165 142 182 0 165 179 177 189 166 116 243 155 116 108 215 162 82 116 130 154 203 141 161 224 185 259 146 126 141 154 82 148 186 116 154
68 211 77 296 50 121 67 15 35 104 56 165 104 103 172 50 61 136 44 96 182 104 38 67 150 87 45 45 45 183 182 138 171 108 38 189 136 27 158 67 172 186 154 67 151 85 91 96 99 145 133 38 147 145 111 121 38 33 133 110 61 165 146 87 209 49 28 61 133 121 182 144 38 0
116 292 170 356 170 223 127 151 158 227 176 246 227 239 244 170 181 0 92 177 283 227 98 195 237 167 159 159 181 297 283 218 273 222 98 288 196 163 272 195 244 267 202 195 278 188 227 177 219 273 185 98 249 226 191 223 98 160 213 233 181 246 206 167 269 176 108 181 213 223 283 271 98 136
79 278 144 323 117 155 134 52 102 171 123 182 171 170 105 117 128 195 103 163 235 171 105 0 200 154 112 112 112 250 235 182 105 175 105 223 153 94 225 0 105 203 165 0 218 152 158 163 166 78 148 105 129 212 155 155 105 100 176 177 128 182 213 154 252 116 95 128 176 155 235 211 105 67
0 214 102 288 102 155 59 83 90 145 108 175 145 171 176 102 113 116 24 106 215 145 30 79 121 99 91 91 113 211 215 103 184 154 30 173 128 95 204 79 176 196 86 79 210 117 159 106 151 157 69 30 181 155 76 155 30 92 97 165 113 175 138 99 173 108 40 113 97 155 215 203 30 68
117 126 162 348 110 95 119 100 120 118 116 80 118 188 155 110 121 188 96 11 158 118 90 152 100 159 130 130 130 190 158 64 145 193 90 163 188 112 181 152 155 101 177 152 127 0 130 11 61 217 48 90 121 60 91 95 90 118 76 195 99 80 198 159 167 134 100 121 76 95 158 134 90 85
159 174 157 343 141 158 114 106 126 152 147 188 152 194 218 141 152 227 135 119 207 152 129 158 59 178 82 82 136 197 207 172 208 145 129 226 183 64 110 158 218 209 189 158 235 130 0 119 169 201 111 129 184 168 150 158 129 124 83 201 152 188 193 178 215 140 119 152 83 158 207 235 129 91
121 115 216 402 188 173 173 165 185 189 194 158 189 253 232 188 199 237 145 89 148 189 151 200 0 220 141 141 195 138 148 142 223 204 151 199 242 123 169 200 232 179 130 200 179 100 59 89 139 260 52 151 199 138 169 173 151 183 24 249 177 158 225 220 156 199 161 199 24 173 148 186 151 150
76 195 165 351 148 164 122 126 133 187 154 149 187 214 135 148 159 191 99 80 227 187 93 155 169 142 154 154 156 158 227 27 214 217 93 97 183 138 250 155 135 170 162 155 196 91 150 80 130 233 117 93 190 129 0 164 93 131 145 208 159 149 176 142 236 147 83 159 145 164 227 203 93 111
30 194 72 258 72 125 29 53 72 141 78 148 141 141 146 72 83 98 6 79 185 141 0 105 151 69 61 61 83 199 185 120 175 124 0 190 98 65 174 105 146 169 116 105 189 90 129 79 121 183 99 0 151 128 93 125 0 71 127 147 83 148 108 69 171 87 10 83 127 125 185 182 0 38
76 195 165 351 148 164 122 126 133 187 154 149 187 214 135 148 159 191 99 80 227 187 93 155 169 142 154 154 156 158 227 27 214 217 93 97 183 138 250 155 135 170 162 155 196 91 150 80 130 233 117 93 190 129 0 164 93 131 145 208 159 149 176 142 236 147 83 159 145 164 227 203 93 111
40 204 82 268 78 135 39 43 63 132 84 158 132 131 156 78 89 108 16 89 195 132 10 95 161 59 71 71 73 209 195 110 185 134 10 180 108 55 184 95 156 179 126 95 179 100 119 89 127 173 109 10 161 138 83 135 10 61 137 138 89 158 118 59 181 77 0 89 137 135 195 172 10 28
288 412 272 0 272 278 229 311 291 301 278 357 301 399 218 272 283 356 264 337 348 301 258 323 402 327 261 261 341 399 348 326 328 324 258 346 266 279 301 323 218 378 360 323 379 348 343 337 312 401 357 258 304 386 351 278 258 289 385 366 283 357 308 327 371 305 268 283 385 278 348 386 258 296
91 215 75 261 75 76 32 60 80 99 81 155 99 148 136 75 86 159 67 140 188 99 61 112 141 130 0 0 90 138 188 181 126 63 61 144 101 18 113 112 136 176 158 112 196 130 82 140 110 155 152 61 102 189 154 76 61 78 124 155 86 155 111 130 174 94 71 86 124 76 188 189 61 45
90 233 42 291 19 92 62 50 0 69 25 167 69 138 152 19 30 158 66 118 151 69 72 102 185 122 80 80 80 218 151 160 142 143 72 160 131 62 193 102 152 188 128 102 120 120 126 118 68 180 155 72 118 167 133 92 72 2 168 75 30 167 141 122 204 18 63 30 168 92 151 113 72 35
90 233 42 291 19 92 62 50 0 69 25 167 69 138 152 19 30 158 66 118 151 69 72 102 185 122 80 80 80 218 151 160 142 143 72 160 131 62 193 102 152 188 128 102 120 120 126 118 68 180 155 72 118 167 133 92 72 2 168 75 30 167 141 122 204 18 63 30 168 92 151 113 72 35
86 245 170 360 130 82 145 169 128 59 136 161 59 257 142 130 141 202 110 166 148 59 116 165 130 185 158 158 199 211 148 189 132 141 116 150 190 147 262 165 142 182 0 165 179 177 189 166 116 243 155 116 108 215 162 82 116 130 154 203 141 161 224 185 259 146 126 141 154 82 148 186 116 154
102 214 61 272 0 83 43 65 19 88 6 162 88 153 143 0 11 170 78 99 166 88 72 117 188 137 75 75 95 212 166 152 133 138 72 151 112 77 188 117 143 183 130 117 135 110 141 99 49 195 136 72 109 148 148 83 72 17 164 94 11 162 122 137 185 33 78 11 164 83 166 128 72 50
59 183 43 229 43 96 0 82 62 119 49 175 119 170 117 43 54 127 35 108 156 119 29 134 173 98 32 32 112 170 156 149 146 95 29 164 69 50 145 134 117 196 145 134 178 119 114 108 92 187 128 29 122 157 122 96 29 60 156 137 54 175 79 98 142 76 39 54 156 96 156 171 29 67
181 225 160 304 109 26 122 162 118 49 114 53 49 250 86 109 120 249 157 110 131 49 151 129 199 183 102 102 192 155 131 163 24 165 151 94 134 120 154 129 86 74 108 129 100 121 184 110 60 207 147 151 0 159 190 26 151 120 175 193 98 53 201 183 264 136 161 120 175 26 131 107 151 147
151 165 110 312 49 34 92 114 68 57 55 113 57 202 94 49 60 219 127 50 191 57 121 166 139 186 110 110 144 163 191 103 84 173 121 102 142 126 214 166 94 134 116 166 160 61 169 50 0 244 87 121 60 99 130 34 121 66 115 143 38 113 171 186 206 82 127 60 115 34 191 167 121 99
202 196 217 466 194 232 237 225 175 209 200 239 209 313 292 194 205 318 226 170 229 209 232 274 81 297 222 222 255 219 229 223 282 285 232 280 306 204 250 274 292 260 211 274 260 181 140 170 220 341 133 232 258 219 250 232 232 177 105 250 205 239 306 297 237 193 238 205 105 232 229 267 232 210
184 249 184 328 133 50 146 157 142 73 138 77 73 274 110 133 144 273 181 134 155 73 175 105 223 207 126 126 216 179 155 187 0 189 175 118 158 144 178 105 110 98 132 105 124 145 208 134 84 183 171 175 24 183 214 50 175 144 199 194 122 77 225 207 288 160 185 144 199 50 155 131 175 171
155 164 200 386 148 133 157 160 167 156 154 118 156 248 193 148 159 226 134 49 196 156 128 212 138 197 189 189 190 228 196 102 183 252 128 201 226 172 219 212 193 139 215 212 165 60 168 49 99 157 86 128 159 0 129 133 128 165 114 242 137 118 236 197 205 181 138 159 114 133 196 172 128 145
175 184 209 357 162 79 175 180 167 102 167 0 102 268 139 162 173 246 154 69 78 102 148 182 158 169 155 155 210 208 78 122 77 218 148 147 187 173 101 182 139 21 161 182 47 80 188 69 113 260 106 148 53 118 149 79 148 165 134 242 151 0 155 169 225 149 158 173 134 79 78 54 148 165
40 204 82 268 78 135 39 43 63 132 84 158 132 131 156 78 89 108 16 89 195 132 10 95 161 59 71 71 73 209 195 110 185 134 10 180 108 55 184 95 156 179 126 95 179 100 119 89 127 173 109 10 161 138 83 135 10 61 137 138 89 158 118 59 181 77 0 89 137 135 195 172 10 28
128 252 112 266 112 108 69 151 131 131 118 187 131 239 48 112 123 196 104 177 178 131 98 153 242 167 101 101 181 237 178 156 158 164 98 176 0 119 214 153 48 208 190 153 209 188 183 177 142 231 197 98 134 226 183 108 98 129 225 206 123 187 148 167 211 145 108 123 225 108 178 216 98 136
91 215 75 261 75 76 32 60 80 99 81 155 99 148 136 75 86 159 67 140 188 99 61 112 141 130 0 0 90 138 188 181 126 63 61 144 101 18 113 112 136 176 158 112 196 130 82 140 110 155 152 61 102 189 154 76 61 78 124 155 86 155 111 130 174 94 71 86 124 76 188 189 61 45
155 199 134 278 83 0 96 136 92 23 88 79 23 224 60 83 94 223 131 84 157 23 125 155 173 157 76 76 166 129 157 137 50 139 125 68 108 94 180 155 60 100 82 155 126 95 158 84 34 231 121 125 26 133 164 0 125 94 149 167 72 79 175 157 238 110 135 94 149 0 157 133 125 121
68 211 77 296 50 121 67 15 35 104 56 165 104 103 172 50 61 136 44 96 182 104 38 67 150 87 45 45 45 183 182 138 171 108 38 189 136 27 158 67 172 186 154 67 151 85 91 96 99 145 133 38 147 145 111 121 38 33 133 110 61 165 146 87 209 49 28 61 133 121 182 144 38 0
83 226 92 311 65 136 82 0 50 119 71 180 119 118 157 65 76 151 59 111 197 119 53 52 165 102 60 60 60 198 197 153 157 123 53 204 151 42 173 52 157 201 169 52 166 100 106 111 114 130 148 53 162 160 126 136 53 48 148 125 76 180 161 102 224 64 43 76 148 136 197 159 53 15
59 183 43 229 43 96 0 82 62 119 49 175 119 170 117 43 54 127 35 108 156 119 29 134 173 98 32 32 112 170 156 149 146 95 29 164 69 50 145 134 117 196 145 134 178 119 114 108 92 187 128 29 122 157 122 96 29 60 156 137 54 175 79 98 142 76 39 54 156 96 156 171 29 67
