93 96 62
159 195 181 7 60 0 112 166 308 0 175 186 308 155 112 148 168 244 7 126 82 88 48 278 153 159 122 105 159 62 97 112 48 184 176 50 222 251 244 201 191 151 181 166 112 215 203 88 153 48 182 280 240 184 48 112 111 203 186 166 125 111 369 186 201 88 79 280 313 219 135 251 116 138 159 88 116 179 159 148 88 274 242 97 253 186 291 82 153 313 186 239 108 182 78 96
227 263 261 75 128 82 180 246 376 82 243 266 376 223 194 216 248 312 75 194 150 156 116 346 221 227 190 173 227 130 165 180 116 252 244 118 290 333 312 269 259 233 261 246 194 283 271 156 221 116 250 348 308 261 116 180 179 271 254 246 193 179 437 254 269 156 147 348 381 287 203 333 184 220 227 156 184 261 227 216 156 342 310 165 321 254 359 150 221 381 254 307 176 250 146 164
17 195 152 169 222 176 156 167 166 176 62 157 166 121 201 148 169 102 169 126 155 88 128 188 315 17 146 185 17 224 259 156 128 53 0 212 95 242 102 76 191 240 152 167 201 149 203 88 233 128 40 222 109 185 128 156 191 203 55 167 205 191 265 55 76 88 159 222 258 88 200 242 160 195 17 88 160 236 17 197 88 218 315 259 333 55 201 155 197 258 55 97 188 40 158 258
78 241 123 215 246 222 174 108 227 222 123 128 227 182 162 74 106 163 215 172 208 134 174 93 339 78 164 219 78 248 283 174 174 114 95 236 0 159 163 137 117 201 123 108 162 210 249 134 218 174 101 283 170 122 174 174 225 249 116 108 251 225 326 116 137 134 205 283 319 149 261 159 178 136 78 134 178 177 78 215 134 183 368 283 379 116 106 208 215 319 116 158 222 101 204 304
223 282 108 158 211 151 159 93 256 151 178 113 256 206 39 127 95 171 158 225 201 187 167 264 197 223 149 110 223 213 248 159 167 187 240 201 201 178 171 282 170 0 108 93 39 251 302 187 158 167 246 285 243 111 167 159 116 302 189 93 244 116 374 189 282 187 198 285 318 222 254 178 163 65 223 187 163 106 223 149 187 202 361 248 372 189 277 201 200 318 189 303 113 246 197 247
174 221 5 191 158 186 86 20 291 186 178 0 291 224 74 54 22 98 191 152 188 114 154 196 251 174 76 199 174 160 195 86 154 169 157 148 128 158 98 233 97 113 5 20 74 178 229 114 180 154 197 176 221 38 154 86 205 229 167 20 231 205 366 167 233 114 185 176 310 200 241 158 90 48 174 114 90 89 174 127 114 182 348 195 359 167 209 188 127 310 167 254 202 197 184 280
174 221 5 191 158 186 86 20 291 186 178 0 291 224 74 54 22 98 191 152 188 114 154 196 251 174 76 199 174 160 195 86 154 169 157 148 128 158 98 233 97 113 5 20 74 178 229 114 180 154 197 176 221 38 154 86 205 229 167 20 231 205 366 167 233 114 185 176 310 200 241 158 90 48 174 114 90 89 174 127 114 182 348 195 359 167 209 188 127 310 167 254 202 197 184 280
161 199 17 173 140 168 68 2 273 168 160 22 273 202 56 32 0 76 173 130 166 92 132 174 233 161 58 177 161 142 177 68 132 151 169 130 106 143 76 220 75 95 17 2 56 156 207 92 193 132 184 198 203 16 132 68 183 207 149 2 209 183 344 149 220 92 163 198 288 182 219 143 72 30 161 92 72 71 161 109 92 167 326 177 337 149 187 166 109 288 149 241 180 184 162 262
183 234 236 128 181 135 166 221 332 135 214 241 332 194 235 187 219 268 128 165 121 127 87 317 274 183 176 144 183 183 218 166 87 219 200 171 261 322 268 242 230 254 236 221 235 315 242 127 192 87 206 319 275 232 87 166 150 242 221 221 164 150 408 221 242 127 56 319 352 254 0 322 162 209 183 127 162 250 183 125 127 338 134 218 292 221 330 121 199 352 221 263 147 206 117 217
177 215 33 186 156 184 84 18 289 184 176 38 289 218 72 48 16 92 186 146 179 108 145 190 249 177 74 193 177 158 193 84 145 167 185 146 122 159 92 236 91 111 33 18 72 172 223 108 209 145 200 214 219 0 145 84 199 223 165 18 222 199 328 165 236 108 176 214 272 198 232 159 88 46 177 108 88 87 177 125 108 183 339 193 350 165 203 179 125 272 165 257 196 200 175 275
71 249 195 212 206 219 134 180 220 219 44 200 220 103 183 202 182 156 212 180 137 142 171 209 299 71 124 184 71 208 243 134 171 35 88 196 149 220 156 130 245 222 195 180 183 203 240 142 220 171 94 276 21 198 171 134 178 240 33 180 248 178 177 33 130 142 202 276 233 0 254 220 138 201 71 142 138 242 71 175 142 196 297 243 376 33 222 137 175 233 33 151 187 94 201 301
23 201 192 175 210 182 138 186 172 182 68 197 172 127 207 154 184 108 175 132 161 94 134 194 301 23 148 191 23 212 245 138 134 59 40 200 101 248 108 36 197 246 192 186 207 109 209 94 239 134 0 228 115 200 134 138 197 209 61 186 211 197 271 61 36 94 165 228 264 94 206 248 134 214 23 94 134 255 23 171 94 224 304 245 339 61 207 161 171 264 61 103 194 0 164 228
174 210 200 104 97 111 144 185 255 111 190 205 255 170 155 151 183 259 104 141 97 103 63 167 190 174 154 6 174 99 134 144 63 199 191 87 225 212 259 230 116 116 200 185 155 278 218 103 42 63 197 181 157 199 63 144 0 218 201 185 140 0 270 201 230 103 94 181 214 178 150 212 140 181 174 103 140 222 174 163 103 188 257 134 268 201 180 97 177 214 201 254 9 197 93 193
71 107 109 81 134 88 121 94 220 88 116 114 220 110 148 60 92 156 81 38 74 0 40 227 227 71 131 97 71 136 171 121 40 107 88 124 134 211 156 130 103 187 109 94 148 203 115 0 145 40 94 272 163 108 40 121 103 115 109 94 117 103 319 109 130 0 71 272 305 142 127 211 117 122 71 0 117 163 71 140 0 235 234 171 245 109 240 74 154 305 109 151 100 94 70 170
111 147 149 41 94 48 81 134 260 48 127 154 260 107 160 100 132 196 41 78 34 40 0 230 187 111 91 57 111 96 131 81 0 136 128 84 174 251 196 167 143 167 149 134 160 243 155 40 105 0 134 232 192 145 0 81 63 155 138 134 77 63 321 138 167 40 31 232 265 171 87 251 77 162 111 40 77 203 111 100 40 251 194 131 205 138 243 34 114 265 138 191 60 134 30 130
0 178 169 152 205 159 139 163 149 159 45 174 149 104 184 131 161 85 152 109 138 71 111 171 298 0 129 168 0 207 242 139 111 36 17 195 78 225 85 59 174 223 169 163 184 132 186 71 216 111 23 205 92 177 111 139 174 186 38 163 188 174 248 38 59 71 142 205 241 71 183 225 143 191 0 71 143 232 0 180 71 201 298 242 316 38 184 138 180 241 38 80 171 23 141 241
36 214 164 177 175 184 103 149 185 184 9 169 185 68 148 167 151 121 177 145 102 107 136 174 268 36 93 193 36 177 212 103 136 0 53 165 114 189 121 95 210 187 164 149 148 168 205 107 210 136 59 241 56 167 136 103 199 205 2 149 213 199 212 2 95 107 167 241 268 35 219 189 107 170 36 107 107 211 36 144 107 165 262 212 341 2 187 102 144 268 2 116 196 59 166 266
171 207 197 101 106 108 141 182 264 108 187 202 264 167 152 148 180 256 101 138 94 100 60 176 199 171 151 3 171 108 143 141 60 196 188 96 222 221 256 227 125 113 197 182 152 287 215 100 51 60 194 178 166 196 60 141 9 215 198 182 137 9 267 198 227 100 91 178 211 187 147 221 137 178 171 100 137 219 171 160 100 197 249 143 265 198 189 94 174 211 198 251 0 194 90 190
59 237 228 194 246 201 174 222 208 201 104 233 208 163 243 190 220 144 194 168 197 130 167 230 337 59 184 224 59 248 281 174 167 95 76 236 137 284 144 0 233 282 228 222 243 145 245 130 272 167 36 264 151 236 167 174 230 245 97 222 244 230 307 97 0 130 198 264 300 130 242 284 170 250 59 130 170 291 59 207 130 260 340 281 372 97 243 197 207 300 97 139 227 36 197 264
177 215 33 186 156 184 84 18 289 184 176 38 289 218 72 48 16 92 186 146 179 108 145 190 249 177 74 193 177 158 193 84 145 167 185 146 122 159 92 236 91 111 33 18 72 172 223 108 209 145 200 214 219 0 145 84 199 223 165 18 222 199 328 165 236 108 176 214 272 198 232 159 88 46 177 108 88 87 177 125 108 183 339 193 350 165 203 179 125 272 165 257 196 200 175 275
188 224 226 118 171 125 158 211 337 125 204 231 337 184 237 177 209 273 118 155 111 117 77 307 264 188 168 134 188 173 208 158 77 213 205 161 251 328 273 244 220 244 226 211 237 320 232 117 182 77 211 309 269 222 77 158 140 232 215 211 0 140 398 215 244 117 108 309 342 248 164 328 154 239 188 117 154 280 188 177 117 328 271 208 282 215 320 111 191 342 215 268 137 211 107 207
38 216 162 179 173 186 101 147 187 186 11 167 187 70 150 169 149 123 179 147 104 109 138 176 266 38 91 195 38 175 210 101 138 2 55 163 116 187 123 97 212 189 162 147 150 170 207 109 212 138 61 243 54 165 138 101 201 207 0 147 215 201 210 0 97 109 169 243 266 33 221 187 105 168 38 109 105 209 38 142 109 163 264 210 343 0 189 104 142 266 0 118 198 61 168 268
132 218 173 208 201 215 224 158 281 215 177 178 281 236 212 188 156 80 208 241 270 203 243 303 200 132 214 284 132 203 144 224 243 168 149 191 210 299 80 145 231 251 173 158 212 0 318 203 320 243 109 337 224 172 243 224 278 318 170 158 320 278 294 170 145 203 274 337 238 203 315 299 228 186 132 203 228 227 132 265 203 323 371 144 267 170 316 270 265 238 170 212 287 109 273 119
298 334 246 146 113 153 165 231 375 153 277 251 375 294 236 265 233 280 146 265 221 227 187 348 0 298 175 196 298 115 56 165 187 268 315 103 339 351 280 337 306 197 246 231 236 200 287 227 232 187 301 217 320 249 187 165 190 287 266 231 264 190 460 266 337 227 218 217 404 299 274 351 167 259 298 227 167 300 298 204 227 327 283 56 392 266 361 221 204 404 266 378 199 301 217 235
186 222 224 196 194 203 236 209 335 203 196 229 335 225 263 175 207 271 196 153 189 115 155 342 287 186 246 212 186 196 231 236 155 205 203 184 249 326 271 245 218 302 224 209 263 318 0 115 260 155 209 281 261 223 155 236 218 0 207 209 232 218 417 207 245 115 186 281 420 240 242 326 232 237 186 115 232 278 186 255 115 350 349 231 360 207 355 189 269 420 207 266 215 209 185 285
184 243 69 119 172 112 120 54 217 112 139 74 217 167 0 88 56 132 119 186 194 148 160 225 236 184 110 149 184 174 209 120 160 148 201 162 162 139 132 243 131 39 69 54 0 212 263 148 189 160 207 250 204 72 160 120 155 263 150 54 237 155 360 150 243 148 179 250 344 183 235 139 124 26 184 148 124 67 184 110 148 163 354 209 365 150 238 194 161 344 150 264 152 207 190 208
207 243 155 55 22 62 74 140 286 62 186 160 286 203 174 174 142 218 55 174 130 136 96 259 115 207 84 105 207 0 59 74 96 177 224 12 248 236 218 248 215 213 155 140 174 203 196 136 141 96 212 280 229 158 96 74 99 196 175 140 173 99 369 175 248 136 127 280 313 208 183 236 78 168 207 136 78 209 207 115 136 212 286 59 301 175 272 130 115 313 175 287 108 212 126 144
149 267 286 301 284 308 212 271 0 308 194 291 0 253 217 280 273 234 301 198 287 220 260 320 375 149 222 261 149 286 319 212 260 185 166 274 227 356 234 208 323 256 286 271 217 281 335 220 297 260 172 354 241 289 260 212 255 335 187 271 337 255 397 187 208 220 291 354 390 220 332 356 208 243 149 220 208 284 149 245 220 350 447 319 465 187 333 287 245 390 187 229 264 172 290 366
171 291 191 271 257 278 185 176 320 278 165 196 320 242 225 167 174 250 271 265 258 227 230 0 348 171 195 173 171 259 292 185 230 174 188 247 93 252 250 230 210 264 191 176 225 303 342 227 125 230 194 348 230 190 230 185 167 342 176 176 307 167 386 176 230 227 261 348 381 209 317 252 181 199 171 227 181 158 171 218 227 265 418 292 435 176 13 258 218 381 176 251 176 194 260 360
195 231 143 43 10 50 62 128 274 50 174 148 274 191 162 162 130 206 43 162 118 124 84 247 103 195 72 93 195 12 47 62 84 165 212 0 236 248 206 236 203 201 143 128 162 191 184 124 129 84 200 268 217 146 84 62 87 184 163 128 161 87 357 163 236 124 115 268 301 196 171 248 66 156 195 124 66 197 195 103 124 224 274 47 289 163 260 118 103 301 163 275 96 200 114 132
184 304 204 284 270 291 198 189 333 291 178 209 333 255 238 180 187 263 284 278 271 240 243 13 361 184 208 186 184 272 305 198 243 187 201 260 106 265 263 243 223 277 204 189 238 316 355 240 138 243 207 361 243 203 243 198 180 355 189 189 320 180 399 189 243 240 274 361 373 222 330 265 194 212 184 240 194 171 184 231 240 278 431 305 448 189 0 271 231 373 189 264 189 207 273 373
195 231 143 43 10 50 62 128 274 50 174 148 274 191 162 162 130 206 43 162 118 124 84 247 103 195 72 93 195 12 47 62 84 165 212 0 236 248 206 236 203 201 143 128 162 191 184 124 129 84 200 268 217 146 84 62 87 184 163 128 161 87 357 163 236 124 115 268 301 196 171 248 66 156 195 124 66 197 195 103 124 224 274 47 289 163 260 118 103 301 163 275 96 200 114 132
0 178 169 152 205 159 139 163 149 159 45 174 149 104 184 131 161 85 152 109 138 71 111 171 298 0 129 168 0 207 242 139 111 36 17 195 78 225 85 59 174 223 169 163 184 132 186 71 216 111 23 205 92 177 111 139 174 186 38 163 188 174 248 38 59 71 142 205 241 71 183 225 143 191 0 71 143 232 0 180 71 201 298 242 316 38 184 138 180 241 38 80 171 23 141 241
111 147 149 41 94 48 81 134 260 48 127 154 260 107 160 100 132 196 41 78 34 40 0 230 187 111 91 57 111 96 131 81 0 136 128 84 174 251 196 167 143 167 149 134 160 243 155 40 105 0 134 232 192 145 0 81 63 155 138 134 77 63 321 138 167 40 31 232 265 171 87 251 77 162 111 40 77 203 111 100 40 251 194 131 205 138 243 34 114 265 138 191 60 134 30 130
132 218 173 208 201 215 224 158 281 215 177 178 281 236 212 188 156 80 208 241 270 203 243 303 200 132 214 284 132 203 144 224 243 168 149 191 210 299 80 145 231 251 173 158 212 0 318 203 320 243 109 337 224 172 243 224 278 318 170 158 320 278 294 170 145 203 274 337 238 203 315 299 228 186 132 203 228 227 132 265 203 323 371 144 267 170 316 270 265 238 170 212 287 109 273 119
138 181 183 75 128 82 115 168 287 82 93 188 287 141 194 134 166 223 75 112 0 74 34 258 221 138 125 91 138 130 165 115 34 102 155 118 208 285 223 197 177 201 183 168 194 270 189 74 139 34 161 266 158 179 34 115 97 189 104 168 111 97 314 104 197 74 65 266 299 137 121 285 111 196 138 74 111 237 138 134 74 267 160 165 239 104 271 0 148 299 104 218 94 161 64 164
142 178 180 72 125 79 110 165 291 79 158 185 291 138 179 131 163 227 72 109 65 71 31 261 218 142 120 88 142 127 162 110 31 167 159 115 205 266 227 198 174 198 180 165 179 274 186 71 136 31 165 263 223 176 31 110 94 186 169 165 108 94 352 169 198 71 0 263 296 202 56 266 106 153 142 71 106 194 142 69 71 282 190 162 236 169 274 65 143 296 169 222 91 165 61 161
109 69 147 119 172 126 159 132 198 126 154 152 198 148 186 98 130 194 119 0 112 38 78 265 265 109 169 135 109 174 209 159 78 145 126 162 172 173 194 168 141 225 147 132 186 241 153 38 183 78 132 282 201 146 78 159 141 153 147 132 155 141 357 147 168 38 109 282 343 180 165 173 155 160 109 38 155 201 109 178 38 197 272 209 283 147 278 112 192 343 147 189 138 132 108 168
180 247 122 141 113 148 41 107 245 148 153 127 245 207 110 141 109 185 141 178 134 140 100 218 204 180 51 157 180 115 148 41 100 144 197 103 215 197 185 207 184 149 122 107 110 265 255 140 205 100 171 303 196 125 100 41 163 255 142 107 177 163 352 142 207 140 69 303 365 175 125 197 37 84 180 140 37 125 180 0 140 221 259 148 305 142 231 134 74 365 142 260 160 171 130 230
205 241 153 53 0 60 72 138 284 60 184 158 284 201 172 172 140 216 53 172 128 134 94 257 113 205 82 103 205 22 57 72 94 175 222 10 246 258 216 246 213 211 153 138 172 201 194 134 139 94 210 278 227 156 94 72 97 194 173 138 171 97 367 173 246 134 125 278 311 206 181 258 76 166 205 134 76 207 205 113 134 234 284 57 299 173 270 128 113 311 173 285 106 210 124 142
216 252 185 146 139 153 186 191 297 153 219 180 297 142 189 193 193 269 146 183 139 145 105 125 232 216 196 48 216 141 176 186 105 210 233 129 218 170 269 272 158 158 185 191 189 320 260 145 0 105 239 223 199 209 105 186 42 260 212 191 182 42 312 212 272 145 136 223 256 220 192 170 182 163 216 145 182 204 216 205 145 146 299 176 310 212 138 139 219 256 212 296 51 239 135 235
242 278 190 90 57 97 109 175 319 97 221 195 319 238 209 209 177 224 90 209 165 171 131 292 56 242 119 140 242 59 0 109 131 212 259 47 283 295 224 281 250 248 190 175 209 144 231 171 176 131 245 273 264 193 131 109 134 231 210 175 208 134 404 210 281 171 162 273 348 243 218 295 111 203 242 171 111 244 242 148 171 271 227 0 336 210 305 165 148 348 210 322 143 245 161 179
111 147 149 41 94 48 81 134 260 48 127 154 260 107 160 100 132 196 41 78 34 40 0 230 187 111 91 57 111 96 131 81 0 136 128 84 174 251 196 167 143 167 149 134 160 243 155 40 105 0 134 232 192 145 0 81 63 155 138 134 77 63 321 138 167 40 31 232 265 171 87 251 77 162 111 40 77 203 111 100 40 251 194 131 205 138 243 34 114 265 138 191 60 134 30 130
298 341 343 235 284 242 275 328 447 242 253 348 447 301 354 294 326 383 235 272 160 234 194 418 283 298 285 251 298 286 227 275 194 262 315 274 368 445 383 340 337 361 343 328 354 371 349 234 299 194 304 426 318 339 194 275 257 349 264 328 271 257 474 264 340 234 190 426 459 297 134 445 271 343 298 234 271 384 298 259 234 427 0 227 399 264 431 160 308 459 264 288 249 304 224 324
174 210 92 184 213 191 143 77 323 191 219 97 323 213 131 43 75 151 184 141 177 103 143 210 306 174 133 122 174 215 250 143 143 210 191 203 117 218 151 233 0 170 92 77 131 231 218 103 158 143 197 273 266 91 143 143 116 218 212 77 220 116 386 212 233 103 174 273 330 245 230 218 147 105 174 103 147 146 174 184 103 242 337 250 348 212 223 177 184 330 212 254 125 197 173 273
171 207 197 101 106 108 141 182 264 108 187 202 264 167 152 148 180 256 101 138 94 100 60 176 199 171 151 3 171 108 143 141 60 196 188 96 222 221 256 227 125 113 197 182 152 287 215 100 51 60 194 178 166 196 60 141 9 215 198 182 137 9 267 198 227 100 91 178 211 187 147 221 137 178 171 100 137 219 171 160 100 197 249 143 265 198 189 94 174 211 198 251 0 194 90 190
174 210 200 104 97 111 144 185 255 111 190 205 255 170 155 151 183 259 104 141 97 103 63 167 190 174 154 6 174 99 134 144 63 199 191 87 225 212 259 230 116 116 200 185 155 278 218 103 42 63 197 181 157 199 63 144 0 218 201 185 140 0 270 201 230 103 94 181 214 178 150 212 140 181 174 103 140 222 174 163 103 188 257 134 268 201 180 97 177 214 201 254 9 197 93 193
139 228 81 105 72 112 0 66 212 112 112 86 212 171 120 100 68 144 105 159 115 121 81 185 165 139 10 138 139 74 109 0 81 103 156 62 174 207 144 174 143 159 81 66 120 224 236 121 186 81 138 262 155 84 81 0 144 236 101 66 158 144 311 101 174 121 110 262 346 134 166 207 4 94 139 121 4 135 139 41 121 231 275 109 286 101 198 115 41 346 101 219 141 138 111 194
205 351 181 273 278 280 262 196 354 280 250 176 354 309 250 230 198 274 273 282 266 272 232 348 217 205 252 175 205 280 273 262 232 241 222 268 283 334 274 264 273 285 181 196 250 337 281 272 223 232 228 0 297 214 232 262 181 281 243 196 309 181 439 243 264 272 263 0 383 276 319 334 266 224 205 272 266 256 205 303 272 358 426 273 437 243 361 266 303 383 243 194 178 228 262 362
85 263 93 237 216 244 144 78 234 244 130 98 234 189 132 108 76 0 237 194 223 156 196 250 280 85 134 253 85 218 224 144 196 121 102 206 163 219 0 144 151 171 93 78 132 80 271 156 269 196 108 274 177 92 196 144 259 271 123 78 273 259 333 123 144 156 227 274 318 156 268 219 148 106 85 156 148 147 85 185 156 243 383 224 319 123 263 223 185 318 123 165 256 108 226 199
248 426 361 362 367 369 311 346 397 369 221 366 397 280 360 376 344 333 362 357 314 319 321 386 460 248 301 264 248 369 404 311 321 212 265 357 326 397 333 307 386 374 361 346 360 294 417 319 312 321 271 439 198 328 321 311 270 417 210 346 398 270 0 210 307 319 352 439 56 177 408 397 315 374 248 319 315 415 248 352 319 373 474 404 526 210 399 314 352 56 210 328 267 271 351 413
71 107 109 81 134 88 121 94 220 88 116 114 220 110 148 60 92 156 81 38 74 0 40 227 227 71 131 97 71 136 171 121 40 107 88 124 134 211 156 130 103 187 109 94 148 203 115 0 145 40 94 272 163 108 40 121 103 115 109 94 117 103 319 109 130 0 71 272 305 142 127 211 117 122 71 0 117 163 71 140 0 235 234 171 245 109 240 74 154 305 109 151 100 94 70 170
111 147 149 41 94 48 81 134 260 48 127 154 260 107 160 100 132 196 41 78 34 40 0 230 187 111 91 57 111 96 131 81 0 136 128 84 174 251 196 167 143 167 149 134 160 243 155 40 105 0 134 232 192 145 0 81 63 155 138 134 77 63 321 138 167 40 31 232 265 171 87 251 77 162 111 40 77 203 111 100 40 251 194 131 205 138 243 34 114 265 138 191 60 134 30 130
111 147 149 41 94 48 81 134 260 48 127 154 260 107 160 100 132 196 41 78 34 40 0 230 187 111 91 57 111 96 131 81 0 136 128 84 174 251 196 167 143 167 149 134 160 243 155 40 105 0 134 232 192 145 0 81 63 155 138 134 77 63 321 138 167 40 31 232 265 171 87 251 77 162 111 40 77 203 111 100 40 251 194 131 205 138 243 34 114 265 138 191 60 134 30 130
316 352 354 246 299 253 286 339 465 253 332 359 465 312 365 305 337 319 246 283 239 245 205 435 392 316 296 262 316 301 336 286 205 341 333 289 379 456 319 372 348 372 354 339 365 267 360 245 310 205 339 437 397 350 205 286 268 360 343 339 282 268 526 343 372 245 236 437 470 376 292 456 282 367 316 245 282 408 316 305 245 456 399 336 0 343 448 239 319 470 343 343 265 339 235 335
178 0 216 188 241 195 228 201 267 195 223 221 267 217 243 167 199 263 188 69 181 107 147 291 334 178 238 204 178 243 278 228 147 214 195 231 241 104 263 237 210 282 216 201 243 218 222 107 252 147 201 351 270 215 147 228 210 222 216 201 224 210 426 216 237 107 178 351 412 249 234 104 224 217 178 107 224 258 178 247 107 128 341 278 352 216 304 181 261 412 216 258 207 201 177 99
139 228 81 105 72 112 0 66 212 112 112 86 212 171 120 100 68 144 105 159 115 121 81 185 165 139 10 138 139 74 109 0 81 103 156 62 174 207 144 174 143 159 81 66 120 224 236 121 186 81 138 262 155 84 81 0 144 236 101 66 158 144 311 101 174 121 110 262 346 134 166 207 4 94 139 121 4 135 139 41 121 231 275 109 286 101 198 115 41 346 101 219 141 138 111 194
241 412 305 306 311 313 346 290 390 313 277 310 390 336 344 320 288 318 306 343 299 305 265 381 404 241 346 208 241 313 348 346 265 268 258 301 319 426 318 300 330 318 305 290 344 238 420 305 256 265 264 383 254 272 265 346 214 420 266 290 342 214 56 266 300 305 296 383 0 233 352 426 342 318 241 305 342 359 241 365 305 402 459 348 470 266 373 299 379 0 266 321 211 264 295 357
163 201 15 171 138 166 66 0 271 166 158 20 271 204 54 34 2 78 171 132 168 94 134 176 231 163 56 179 163 140 175 66 134 149 167 128 108 141 78 222 77 93 15 0 54 158 209 94 191 134 186 196 201 18 134 66 185 209 147 0 211 185 346 147 222 94 165 196 290 180 221 141 70 28 163 94 70 69 163 107 94 165 328 175 339 147 189 168 107 290 147 243 182 186 164 260
169 216 0 186 153 181 81 15 286 181 173 5 286 219 69 49 17 93 186 147 183 109 149 191 246 169 71 194 169 155 190 81 149 164 152 143 123 156 93 228 92 108 0 15 69 173 224 109 185 149 192 181 216 33 149 81 200 224 162 15 226 200 361 162 228 109 180 181 305 195 236 156 85 43 169 109 85 84 169 122 109 180 343 190 354 162 204 183 122 305 162 249 197 192 179 275
129 238 71 115 82 122 10 56 222 122 102 76 222 161 110 90 58 134 115 169 125 131 91 195 175 129 0 148 129 84 119 10 91 93 146 72 164 197 134 184 133 149 71 56 110 214 246 131 196 91 148 252 145 74 91 10 154 246 91 56 168 154 301 91 184 131 120 252 346 124 176 197 14 84 129 131 14 125 129 51 131 221 285 119 296 91 208 125 51 346 91 209 151 148 121 204
174 221 5 191 158 186 86 20 291 186 178 0 291 224 74 54 22 98 191 152 188 114 154 196 251 174 76 199 174 160 195 86 154 169 157 148 128 158 98 233 97 113 5 20 74 178 229 114 180 154 197 176 221 38 154 86 205 229 167 20 231 205 366 167 233 114 185 176 310 200 241 158 90 48 174 114 90 89 174 127 114 182 348 195 359 167 209 188 127 310 167 254 202 197 184 280
104 217 219 148 201 155 171 204 253 155 77 224 253 0 167 170 202 189 148 148 141 110 107 242 294 104 161 164 104 203 238 171 107 68 121 191 182 257 189 163 213 206 219 204 167 236 225 110 142 107 127 309 124 218 107 171 170 225 70 204 184 170 280 70 163 110 138 309 336 103 194 257 175 193 104 110 175 234 104 207 110 233 301 238 312 70 255 141 212 336 70 184 167 127 137 237
161 199 17 173 140 168 68 2 273 168 160 22 273 202 56 32 0 76 173 130 166 92 132 174 233 161 58 177 161 142 177 68 132 151 169 130 106 143 76 220 75 95 17 2 56 156 207 92 193 132 184 198 203 16 132 68 183 207 149 2 209 183 344 149 220 92 163 198 288 182 219 143 72 30 161 92 72 71 161 109 92 167 326 177 337 149 187 166 109 288 149 241 180 184 162 262
205 351 181 273 278 280 262 196 354 280 250 176 354 309 250 230 198 274 273 282 266 272 232 348 217 205 252 175 205 280 273 262 232 241 222 268 283 334 274 264 273 285 181 196 250 337 281 272 223 232 228 0 297 214 232 262 181 281 243 196 309 181 439 243 264 272 263 0 383 276 319 334 266 224 205 272 266 256 205 303 272 358 426 273 437 243 361 266 303 383 243 194 178 228 262 362
0 178 169 152 205 159 139 163 149 159 45 174 149 104 184 131 161 85 152 109 138 71 111 171 298 0 129 168 0 207 242 139 111 36 17 195 78 225 85 59 174 223 169 163 184 132 186 71 216 111 23 205 92 177 111 139 174 186 38 163 188 174 248 38 59 71 142 205 241 71 183 225 143 191 0 71 143 232 0 180 71 201 298 242 316 38 184 138 180 241 38 80 171 23 141 241
195 231 143 43 10 50 62 128 274 50 174 148 274 191 162 162 130 206 43 162 118 124 84 247 103 195 72 93 195 12 47 62 84 165 212 0 236 248 206 236 203 201 143 128 162 191 184 124 129 84 200 268 217 146 84 62 87 184 163 128 161 87 357 163 236 124 115 268 301 196 171 248 66 156 195 124 66 197 195 103 124 224 274 47 289 163 260 118 103 301 163 275 96 200 114 132
163 201 15 171 138 166 66 0 271 166 158 20 271 204 54 34 2 78 171 132 168 94 134 176 231 163 56 179 163 140 175 66 134 149 167 128 108 141 78 222 77 93 15 0 54 158 209 94 191 134 186 196 201 18 134 66 185 209 147 0 211 185 346 147 222 94 165 196 290 180 221 141 70 28 163 94 70 69 163 107 94 165 328 175 339 147 189 168 107 290 147 243 182 186 164 260
129 238 71 115 82 122 10 56 222 122 102 76 222 161 110 90 58 134 115 169 125 131 91 195 175 129 0 148 129 84 119 10 91 93 146 72 164 197 134 184 133 149 71 56 110 214 246 131 196 91 148 252 145 74 91 10 154 246 91 56 168 154 301 91 184 131 120 252 346 124 176 197 14 84 129 131 14 125 129 51 131 221 285 119 296 91 208 125 51 346 91 209 151 148 121 204
142 178 180 72 125 79 110 165 291 79 158 185 291 138 179 131 163 227 72 109 65 71 31 261 218 142 120 88 142 127 162 110 31 167 159 115 205 266 227 198 174 198 180 165 179 274 186 71 136 31 165 263 223 176 31 110 94 186 169 165 108 94 352 169 198 71 0 263 296 202 56 266 106 153 142 71 106 194 142 69 71 282 190 162 236 169 274 65 143 296 169 222 91 165 61 161
139 228 81 105 72 112 0 66 212 112 112 86 212 171 120 100 68 144 105 159 115 121 81 185 165 139 10 138 139 74 109 0 81 103 156 62 174 207 144 174 143 159 81 66 120 224 236 121 186 81 138 262 155 84 81 0 144 236 101 66 158 144 311 101 174 121 110 262 346 134 166 207 4 94 139 121 4 135 139 41 121 231 275 109 286 101 198 115 41 346 101 219 141 138 111 194
159 195 181 7 60 0 112 166 308 0 175 186 308 155 112 148 168 244 7 126 82 88 48 278 153 159 122 105 159 62 97 112 48 184 176 50 222 251 244 201 191 151 181 166 112 215 203 88 153 48 182 280 240 184 48 112 111 203 186 166 125 111 369 186 201 88 79 280 313 219 135 251 116 138 159 88 116 179 159 148 88 274 242 97 253 186 291 82 153 313 186 239 108 182 78 96
225 104 156 258 258 251 207 141 356 251 198 158 356 257 139 175 143 219 258 173 285 211 251 252 351 225 197 218 225 236 295 207 251 189 242 248 159 0 219 284 218 178 156 141 139 299 326 211 170 251 248 334 241 159 251 207 212 326 187 141 328 212 397 187 284 211 266 334 426 220 322 0 211 113 225 211 211 154 225 197 211 24 445 295 456 187 265 285 248 426 187 305 221 248 281 203
195 231 143 43 10 50 62 128 274 50 174 148 274 191 162 162 130 206 43 162 118 124 84 247 103 195 72 93 195 12 47 62 84 165 212 0 236 248 206 236 203 201 143 128 162 191 184 124 129 84 200 268 217 146 84 62 87 184 163 128 161 87 357 163 236 124 115 268 301 196 171 248 66 156 195 124 66 197 195 103 124 224 274 47 289 163 260 118 103 301 163 275 96 200 114 132
171 291 191 271 257 278 185 176 320 278 165 196 320 242 225 167 174 250 271 265 258 227 230 0 348 171 195 173 171 259 292 185 230 174 188 247 93 252 250 230 210 264 191 176 225 303 342 227 125 230 194 348 230 190 230 185 167 342 176 176 307 167 386 176 230 227 261 348 381 209 317 252 181 199 171 227 181 158 171 218 227 265 418 292 435 176 13 258 218 381 176 251 176 194 260 360
59 237 228 194 246 201 174 222 208 201 104 233 208 163 243 190 220 144 194 168 197 130 167 230 337 59 184 224 59 248 281 174 167 95 76 236 137 284 144 0 233 282 228 222 243 145 245 130 272 167 36 264 151 236 167 174 230 245 97 222 244 230 307 97 0 130 198 264 300 130 242 284 170 250 59 130 170 291 59 207 130 260 340 281 372 97 243 197 207 300 97 139 227 36 197 264
45 223 173 168 184 175 112 158 194 175 0 178 194 77 139 176 160 130 168 154 93 116 127 165 277 45 102 184 45 186 221 112 127 9 62 174 123 198 130 104 219 178 173 158 139 177 196 116 219 127 68 250 65 176 127 112 190 196 11 158 204 190 221 11 104 116 158 250 277 44 214 198 116 165 45 116 116 206 45 153 116 174 253 221 332 11 178 93 153 277 11 125 187 68 157 257
168 204 194 98 103 105 138 179 261 105 184 199 261 164 149 145 177 253 98 135 91 97 57 173 196 168 148 0 168 105 140 138 57 193 185 93 219 218 253 224 122 110 194 179 149 284 212 97 48 57 191 175 163 193 57 138 6 212 195 179 134 6 264 195 224 97 88 175 208 184 144 218 134 175 168 97 134 216 168 157 97 194 251 140 262 195 186 91 171 208 195 248 3 191 87 187
201 128 180 267 234 274 231 165 350 274 174 182 350 233 163 199 167 243 267 197 267 235 251 265 327 201 221 194 201 212 271 231 251 165 218 224 183 24 243 260 242 202 180 165 163 323 350 235 146 251 224 358 217 183 251 231 188 350 163 165 328 188 373 163 260 235 282 358 402 196 338 24 235 137 201 235 235 178 201 221 235 0 427 271 456 163 278 267 272 402 163 281 197 224 281 227
143 224 85 109 76 116 4 70 208 116 116 90 208 175 124 104 72 148 109 155 111 117 77 181 167 143 14 134 143 78 111 4 77 107 160 66 178 211 148 170 147 163 85 70 124 228 232 117 182 77 134 266 159 88 77 4 140 232 105 70 154 140 315 105 170 117 106 266 342 138 162 211 0 98 143 117 0 139 143 37 117 235 271 111 282 105 194 111 37 342 105 223 137 134 107 198
232 258 84 186 207 179 135 69 284 179 206 89 284 234 67 103 71 147 186 201 237 163 203 158 300 232 125 216 232 209 244 135 203 211 236 197 177 154 147 291 146 106 84 69 67 227 278 163 204 203 255 256 263 87 203 135 222 278 209 69 280 222 415 209 291 163 194 256 359 242 250 154 139 41 232 163 139 0 232 125 163 178 384 244 408 209 171 237 176 359 209 216 219 255 233 275
171 291 191 271 257 278 185 176 320 278 165 196 320 242 225 167 174 250 271 265 258 227 230 0 348 171 195 173 171 259 292 185 230 174 188 247 93 252 250 230 210 264 191 176 225 303 342 227 125 230 194 348 230 190 230 185 167 342 176 176 307 167 386 176 230 227 261 348 381 209 317 252 181 199 171 227 181 158 171 218 227 265 418 292 435 176 13 258 218 381 176 251 176 194 260 360
152 188 186 0 53 7 105 171 301 7 168 191 301 148 119 141 173 237 0 119 75 81 41 271 146 152 115 98 152 55 90 105 41 177 169 43 215 258 237 194 184 158 186 171 119 208 196 81 146 41 175 273 233 186 41 105 104 196 179 171 118 104 362 179 194 81 72 273 306 212 128 258 109 145 152 81 109 186 152 141 81 267 235 90 246 179 284 75 146 306 179 232 101 175 71 89
180 261 122 146 113 153 41 107 245 153 153 127 245 212 161 141 109 185 146 192 148 154 114 218 204 180 51 171 180 115 148 41 114 144 197 103 215 248 185 207 184 200 122 107 161 265 269 154 219 114 171 303 196 125 114 41 177 269 142 107 191 177 352 142 207 154 143 303 379 175 199 248 37 135 180 154 37 176 180 74 154 272 308 148 319 142 231 148 0 379 142 260 174 171 144 235
143 224 85 109 76 116 4 70 208 116 116 90 208 175 124 104 72 148 109 155 111 117 77 181 167 143 14 134 143 78 111 4 77 107 160 66 178 211 148 170 147 163 85 70 124 228 232 117 182 77 134 266 159 88 77 4 140 232 105 70 154 140 315 105 170 117 106 266 342 138 162 211 0 98 143 117 0 139 143 37 117 235 271 111 282 105 194 111 37 342 105 223 137 134 107 198
141 177 179 71 124 78 111 164 290 78 157 184 290 137 190 130 162 226 71 108 64 70 30 260 217 141 121 87 141 126 161 111 30 166 158 114 204 281 226 197 173 197 179 164 190 273 185 70 135 30 164 262 222 175 30 111 93 185 168 164 107 93 351 168 197 70 61 262 295 201 117 281 107 192 141 70 107 233 141 130 70 281 224 161 235 168 273 64 144 295 168 221 90 164 0 160
92 270 216 233 227 240 155 201 241 240 65 221 241 124 204 223 203 177 233 201 158 163 192 230 320 92 145 163 92 229 264 155 192 56 109 217 170 241 177 151 266 243 216 201 204 224 261 163 199 192 115 297 0 219 192 155 157 261 54 201 269 157 198 54 151 163 223 297 254 21 275 241 159 222 92 163 159 263 92 196 163 217 318 264 397 54 243 158 196 254 54 172 166 115 222 322
80 258 249 232 285 239 219 243 229 239 125 254 229 184 264 211 241 165 232 189 218 151 191 251 378 80 209 248 80 287 322 219 191 116 97 275 158 305 165 139 254 303 249 243 264 212 266 151 296 191 103 194 172 257 191 219 254 266 118 243 268 254 328 118 139 151 222 194 321 151 263 305 223 257 80 151 223 216 80 260 151 281 288 322 343 118 264 218 260 321 118 0 251 103 221 321
184 243 69 119 172 112 120 54 217 112 139 74 217 167 0 88 56 132 119 186 194 148 160 225 236 184 110 149 184 174 209 120 160 148 201 162 162 139 132 243 131 39 69 54 0 212 263 148 189 160 207 250 204 72 160 120 155 263 150 54 237 155 360 150 243 148 179 250 344 183 235 139 124 26 184 148 124 67 184 110 148 163 354 209 365 150 238 194 161 344 150 264 152 207 190 208
191 217 43 145 166 138 94 28 243 138 165 48 243 193 26 62 30 106 145 160 196 122 162 199 259 191 84 175 191 168 203 94 162 170 195 156 136 113 106 250 105 65 43 28 26 186 237 122 163 162 214 224 222 46 162 94 181 237 168 28 239 181 374 168 250 122 153 224 318 201 209 113 98 0 191 122 98 41 191 84 122 137 343 203 367 168 212 196 135 318 168 257 178 214 192 234
207 243 155 55 22 62 74 140 286 62 186 160 286 203 174 174 142 218 55 174 130 136 96 259 115 207 84 105 207 0 59 74 96 177 224 12 248 236 218 248 215 213 155 140 174 203 196 136 141 96 212 280 229 158 96 74 99 196 175 140 173 99 369 175 248 136 127 280 313 208 183 236 78 168 207 136 78 209 207 115 136 212 286 59 301 175 272 130 115 313 175 287 108 212 126 144
241 99 275 89 142 96 194 260 366 96 257 280 366 237 208 230 262 199 89 168 164 170 130 360 235 241 204 187 241 144 179 194 130 266 258 132 304 203 199 264 273 247 275 260 208 119 285 170 235 130 228 362 322 275 130 194 193 285 268 260 207 193 413 268 264 170 161 362 357 301 217 203 198 234 241 170 198 275 241 230 170 227 324 179 335 268 373 164 235 357 268 321 190 228 160 0
131 167 49 141 172 148 100 34 280 148 176 54 280 170 88 0 32 108 141 98 134 60 100 167 265 131 90 145 131 174 209 100 100 167 148 162 74 175 108 190 43 127 49 34 88 188 175 60 193 100 154 230 223 48 100 100 151 175 169 34 177 151 376 169 190 60 131 230 320 202 187 175 104 62 131 60 104 103 131 141 60 199 294 209 305 169 180 134 141 320 169 211 148 154 130 230
