89 61 24
12 24 22 0 69 81 43 67 13 93 35 47 35 21 27 35 81 87 43 105 0 27 67 69 244 69 54 35 13 69 24 93 35 0 69 126 76 12 35 64 35 69 12 27 62 54 0 76 54 115 0 64 24 47 24 35 13 22 35 35 12
23 22 57 35 34 51 8 32 36 58 0 82 0 19 62 0 51 68 8 70 35 62 32 34 279 34 19 0 36 34 22 58 0 35 34 124 99 23 36 62 0 34 23 62 27 19 35 99 19 80 35 62 22 82 22 0 36 57 36 36 23
23 22 57 35 34 51 8 32 36 58 0 82 0 19 62 0 51 68 8 70 35 62 32 34 279 34 19 0 36 34 22 58 0 35 34 124 99 23 36 62 0 34 23 62 27 19 35 99 19 80 35 62 22 82 22 0 36 57 36 36 23
33 3 43 21 53 70 27 51 20 77 19 68 19 0 48 19 70 87 27 89 21 48 51 53 265 53 38 19 20 53 3 77 19 21 53 105 83 33 55 43 19 53 33 48 46 38 21 83 38 99 21 43 3 68 3 19 20 43 55 55 33
12 24 22 0 69 81 43 67 13 93 35 47 35 21 27 35 81 87 43 105 0 27 67 69 244 69 54 35 13 69 24 93 35 0 69 126 76 12 35 64 35 69 12 27 62 54 0 76 54 115 0 64 24 47 24 35 13 22 35 35 12
12 24 22 0 69 81 43 67 13 93 35 47 35 21 27 35 81 87 43 105 0 27 67 69 244 69 54 35 13 69 24 93 35 0 69 126 76 12 35 64 35 69 12 27 62 54 0 76 54 115 0 64 24 47 24 35 13 22 35 35 12
33 3 43 21 53 70 27 51 20 77 19 68 19 0 48 19 70 87 27 89 21 48 51 53 265 53 38 19 20 53 3 77 19 21 53 105 83 33 55 43 19 53 33 48 46 38 21 83 38 99 21 43 3 68 3 19 20 43 55 55 33
12 24 22 0 69 81 43 67 13 93 35 47 35 21 27 35 81 87 43 105 0 27 67 69 244 69 54 35 13 69 24 93 35 0 69 126 76 12 35 64 35 69 12 27 62 54 0 76 54 115 0 64 24 47 24 35 13 22 35 35 12
23 22 57 35 34 51 8 32 36 58 0 82 0 19 62 0 51 68 8 70 35 62 32 34 279 34 19 0 36 34 22 58 0 35 34 124 99 23 36 62 0 34 23 62 27 19 35 99 19 80 35 62 22 82 22 0 36 57 36 36 23
0 36 34 12 57 69 31 55 25 81 23 59 23 33 39 23 69 75 31 93 12 39 55 57 256 57 42 23 25 57 36 81 23 12 57 138 88 0 47 76 23 57 0 39 50 42 12 88 42 103 12 76 36 59 36 23 25 34 47 47 0
42 41 76 54 53 32 27 13 55 77 19 101 19 38 80 19 32 49 27 89 54 80 13 53 298 53 0 19 55 53 41 77 19 54 53 143 118 42 55 81 19 53 42 80 46 0 54 118 0 99 54 81 41 101 41 19 55 76 55 55 42
33 3 43 21 53 70 27 51 20 77 19 68 19 0 48 19 70 87 27 89 21 48 51 53 265 53 38 19 20 53 3 77 19 21 53 105 83 33 55 43 19 53 33 48 46 38 21 83 38 99 21 43 3 68 3 19 20 43 55 55 33
42 41 76 54 53 32 27 13 55 77 19 101 19 38 80 19 32 49 27 89 54 80 13 53 298 53 0 19 55 53 41 77 19 54 53 143 118 42 55 81 19 53 42 80 46 0 54 118 0 99 54 81 41 101 41 19 55 76 55 55 42
81 80 115 93 24 109 66 90 94 0 58 140 58 77 120 58 109 126 66 128 93 120 90 24 337 24 77 58 94 24 80 0 58 93 24 182 72 81 94 120 58 24 81 120 85 77 93 72 77 138 93 120 80 140 80 58 94 115 94 94 81
57 56 91 69 0 85 42 66 70 24 34 116 34 53 96 34 85 102 42 104 69 96 66 0 313 0 53 34 70 0 56 24 34 69 0 158 96 57 70 96 34 0 57 96 61 53 69 96 53 114 69 96 56 116 56 34 70 91 70 70 57
47 58 57 35 70 87 44 68 48 94 36 82 36 55 59 36 87 104 44 106 35 59 68 70 279 70 55 36 48 70 58 94 36 35 70 160 111 47 0 98 36 70 47 59 63 55 35 111 55 116 35 98 58 82 58 36 48 57 0 0 47
23 22 57 35 34 51 8 32 36 58 0 82 0 19 62 0 51 68 8 70 35 62 32 34 279 34 19 0 36 34 22 58 0 35 34 124 99 23 36 62 0 34 23 62 27 19 35 99 19 80 35 62 22 82 22 0 36 57 36 36 23
75 90 78 87 102 81 76 36 100 126 68 134 68 87 103 68 81 0 76 138 87 103 36 102 331 102 49 68 100 102 90 126 68 87 102 192 163 75 104 130 68 102 75 103 95 49 87 163 49 148 87 130 90 134 90 68 100 78 104 104 75
23 22 57 35 34 51 8 32 36 58 0 82 0 19 62 0 51 68 8 70 35 62 32 34 279 34 19 0 36 34 22 58 0 35 34 124 99 23 36 62 0 34 23 62 27 19 35 99 19 80 35 62 22 82 22 0 36 57 36 36 23
12 24 22 0 69 81 43 67 13 93 35 47 35 21 27 35 81 87 43 105 0 27 67 69 244 69 54 35 13 69 24 93 35 0 69 126 76 12 35 64 35 69 12 27 62 54 0 76 54 115 0 64 24 47 24 35 13 22 35 35 12
12 24 22 0 69 81 43 67 13 93 35 47 35 21 27 35 81 87 43 105 0 27 67 69 244 69 54 35 13 69 24 93 35 0 69 126 76 12 35 64 35 69 12 27 62 54 0 76 54 115 0 64 24 47 24 35 13 22 35 35 12
59 71 69 47 116 128 90 114 60 140 82 0 82 68 74 82 128 134 90 152 47 74 114 116 291 116 101 82 60 116 71 140 82 47 116 173 123 59 82 111 82 116 59 74 109 101 47 123 101 162 47 111 71 0 71 82 60 69 82 82 59
93 92 127 105 104 121 78 102 106 128 70 152 70 89 89 70 121 138 78 0 105 89 102 104 349 104 89 70 106 104 92 128 70 105 104 194 103 93 106 132 70 104 93 89 97 89 105 103 89 150 105 132 92 152 92 70 106 127 106 106 93
23 22 57 35 34 51 8 32 36 58 0 82 0 19 62 0 51 68 8 70 35 62 32 34 279 34 19 0 36 34 22 58 0 35 34 124 99 23 36 62 0 34 23 62 27 19 35 99 19 80 35 62 22 82 22 0 36 57 36 36 23
23 22 57 35 34 51 8 32 36 58 0 82 0 19 62 0 51 68 8 70 35 62 32 34 279 34 19 0 36 34 22 58 0 35 34 124 99 23 36 62 0 34 23 62 27 19 35 99 19 80 35 62 22 82 22 0 36 57 36 36 23
39 51 49 27 96 108 70 67 37 120 62 74 62 48 0 62 108 103 70 89 27 0 67 96 271 96 80 62 37 96 51 120 62 27 96 153 100 39 59 91 62 96 39 0 89 80 27 100 80 142 27 91 51 74 51 62 37 49 59 59 39
36 0 46 24 56 73 30 54 23 80 22 71 22 3 51 22 73 90 30 92 24 51 54 56 268 56 41 22 23 56 0 80 22 24 56 102 86 36 58 46 22 56 36 51 49 41 24 86 41 102 24 46 0 71 0 22 23 46 58 58 36
12 24 22 0 69 81 43 67 13 93 35 47 35 21 27 35 81 87 43 105 0 27 67 69 244 69 54 35 13 69 24 93 35 0 69 126 76 12 35 64 35 69 12 27 62 54 0 76 54 115 0 64 24 47 24 35 13 22 35 35 12
93 92 127 105 104 121 78 102 106 128 70 152 70 89 89 70 121 138 78 0 105 89 102 104 349 104 89 70 106 104 92 128 70 105 104 194 103 93 106 132 70 104 93 89 97 89 105 103 89 150 105 132 92 152 92 70 106 127 106 106 93
88 86 98 76 96 100 107 131 63 72 99 123 99 83 100 99 100 163 107 103 76 100 131 96 320 96 118 99 63 96 86 72 99 76 96 188 0 88 111 125 99 96 88 100 76 118 76 0 118 179 76 125 86 123 86 99 63 98 111 111 88
42 41 76 54 53 32 27 13 55 77 19 101 19 38 80 19 32 49 27 89 54 80 13 53 298 53 0 19 55 53 41 77 19 54 53 143 118 42 55 81 19 53 42 80 46 0 54 118 0 99 54 81 41 101 41 19 55 76 55 55 42
33 3 43 21 53 70 27 51 20 77 19 68 19 0 48 19 70 87 27 89 21 48 51 53 265 53 38 19 20 53 3 77 19 21 53 105 83 33 55 43 19 53 33 48 46 38 21 83 38 99 21 43 3 68 3 19 20 43 55 55 33
192 204 202 180 249 261 223 247 193 273 215 227 215 201 207 215 261 267 223 285 180 207 247 249 424 249 234 215 193 249 204 273 215 180 249 306 256 192 215 244 215 249 192 207 242 234 180 256 234 295 180 244 204 227 204 215 193 202 215 215 192
93 92 127 105 104 121 78 102 106 128 70 152 70 89 89 70 121 138 78 0 105 89 102 104 349 104 89 70 106 104 92 128 70 105 104 194 103 93 106 132 70 104 93 89 97 89 105 103 89 150 105 132 92 152 92 70 106 127 106 106 93
75 90 78 87 102 81 76 36 100 126 68 134 68 87 103 68 81 0 76 138 87 103 36 102 331 102 49 68 100 102 90 126 68 87 102 192 163 75 104 130 68 102 75 103 95 49 87 163 49 148 87 130 90 134 90 68 100 78 104 104 75
25 23 35 13 70 87 44 68 0 94 36 60 36 20 37 36 87 100 44 106 13 37 68 70 257 70 55 36 0 70 23 94 36 13 70 125 63 25 48 62 36 70 25 37 63 55 13 63 55 116 13 62 23 60 23 36 0 35 48 48 25
402 401 436 414 413 430 387 411 415 437 379 461 379 398 441 379 430 447 387 449 414 441 411 413 658 413 398 379 415 413 401 437 379 414 413 503 478 402 415 441 379 413 402 441 406 398 414 478 398 459 414 441 401 461 401 379 415 436 415 415 402
23 22 57 35 34 51 8 32 36 58 0 82 0 19 62 0 51 68 8 70 35 62 32 34 279 34 19 0 36 34 22 58 0 35 34 124 99 23 36 62 0 34 23 62 27 19 35 99 19 80 35 62 22 82 22 0 36 57 36 36 23
42 41 76 54 53 32 27 13 55 77 19 101 19 38 80 19 32 49 27 89 54 80 13 53 298 53 0 19 55 53 41 77 19 54 53 143 118 42 55 81 19 53 42 80 46 0 54 118 0 99 54 81 41 101 41 19 55 76 55 55 42
81 80 115 93 24 109 66 90 94 0 58 140 58 77 120 58 109 126 66 128 93 120 90 24 337 24 77 58 94 24 80 0 58 93 24 182 72 81 94 120 58 24 81 120 85 77 93 72 77 138 93 120 80 140 80 58 94 115 94 94 81
75 90 78 87 102 81 76 36 100 126 68 134 68 87 103 68 81 0 76 138 87 103 36 102 331 102 49 68 100 102 90 126 68 87 102 192 163 75 104 130 68 102 75 103 95 49 87 163 49 148 87 130 90 134 90 68 100 78 104 104 75
34 46 0 22 91 103 65 89 35 115 57 69 57 43 49 57 103 78 65 127 22 49 89 91 266 91 76 57 35 91 46 115 57 22 91 148 98 34 57 86 57 91 34 49 84 76 22 98 76 137 22 86 46 69 46 57 35 0 57 57 34
39 51 49 27 96 108 70 67 37 120 62 74 62 48 0 62 108 103 70 89 27 0 67 96 271 96 80 62 37 96 51 120 62 27 96 153 100 39 59 91 62 96 39 0 89 80 27 100 80 142 27 91 51 74 51 62 37 49 59 59 39
42 41 76 54 53 32 27 13 55 77 19 101 19 38 80 19 32 49 27 89 54 80 13 53 298 53 0 19 55 53 41 77 19 54 53 143 118 42 55 81 19 53 42 80 46 0 54 118 0 99 54 81 41 101 41 19 55 76 55 55 42
256 268 266 244 313 325 287 311 257 337 279 291 279 265 271 279 325 331 287 349 244 271 311 313 0 313 298 279 257 313 268 337 279 244 313 370 320 256 279 308 279 313 256 271 306 298 244 320 298 359 244 308 268 291 268 279 257 266 279 279 256
23 22 57 35 34 51 8 32 36 58 0 82 0 19 62 0 51 68 8 70 35 62 32 34 279 34 19 0 36 34 22 58 0 35 34 124 99 23 36 62 0 34 23 62 27 19 35 99 19 80 35 62 22 82 22 0 36 57 36 36 23
0 36 34 12 57 69 31 55 25 81 23 59 23 33 39 23 69 75 31 93 12 39 55 57 256 57 42 23 25 57 36 81 23 12 57 138 88 0 47 76 23 57 0 39 50 42 12 88 42 103 12 76 36 59 36 23 25 34 47 47 0
33 3 43 21 53 70 27 51 20 77 19 68 19 0 48 19 70 87 27 89 21 48 51 53 265 53 38 19 20 53 3 77 19 21 53 105 83 33 55 43 19 53 33 48 46 38 21 83 38 99 21 43 3 68 3 19 20 43 55 55 33
33 3 43 21 53 70 27 51 20 77 19 68 19 0 48 19 70 87 27 89 21 48 51 53 265 53 38 19 20 53 3 77 19 21 53 105 83 33 55 43 19 53 33 48 46 38 21 83 38 99 21 43 3 68 3 19 20 43 55 55 33
0 36 34 12 57 69 31 55 25 81 23 59 23 33 39 23 69 75 31 93 12 39 55 57 256 57 42 23 25 57 36 81 23 12 57 138 88 0 47 76 23 57 0 39 50 42 12 88 42 103 12 76 36 59 36 23 25 34 47 47 0
42 41 76 54 53 32 27 13 55 77 19 101 19 38 80 19 32 49 27 89 54 80 13 53 298 53 0 19 55 53 41 77 19 54 53 143 118 42 55 81 19 53 42 80 46 0 54 118 0 99 54 81 41 101 41 19 55 76 55 55 42
12 24 22 0 69 81 43 67 13 93 35 47 35 21 27 35 81 87 43 105 0 27 67 69 244 69 54 35 13 69 24 93 35 0 69 126 76 12 35 64 35 69 12 27 62 54 0 76 54 115 0 64 24 47 24 35 13 22 35 35 12
23 22 57 35 34 51 8 32 36 58 0 82 0 19 62 0 51 68 8 70 35 62 32 34 279 34 19 0 36 34 22 58 0 35 34 124 99 23 36 62 0 34 23 62 27 19 35 99 19 80 35 62 22 82 22 0 36 57 36 36 23
42 41 76 54 53 32 27 13 55 77 19 101 19 38 80 19 32 49 27 89 54 80 13 53 298 53 0 19 55 53 41 77 19 54 53 143 118 42 55 81 19 53 42 80 46 0 54 118 0 99 54 81 41 101 41 19 55 76 55 55 42
33 3 43 21 53 70 27 51 20 77 19 68 19 0 48 19 70 87 27 89 21 48 51 53 265 53 38 19 20 53 3 77 19 21 53 105 83 33 55 43 19 53 33 48 46 38 21 83 38 99 21 43 3 68 3 19 20 43 55 55 33
0 36 34 12 57 69 31 55 25 81 23 59 23 33 39 23 69 75 31 93 12 39 55 57 256 57 42 23 25 57 36 81 23 12 57 138 88 0 47 76 23 57 0 39 50 42 12 88 42 103 12 76 36 59 36 23 25 34 47 47 0
103 102 137 115 114 131 88 112 116 138 80 162 80 99 142 80 131 148 88 150 115 142 112 114 359 114 99 80 116 114 102 138 80 115 114 204 179 103 116 142 80 114 103 142 107 99 115 179 99 0 115 142 102 162 102 80 116 137 116 116 103
23 22 57 35 34 51 8 32 36 58 0 82 0 19 62 0 51 68 8 70 35 62 32 34 279 34 19 0 36 34 22 58 0 35 34 124 99 23 36 62 0 34 23 62 27 19 35 99 19 80 35 62 22 82 22 0 36 57 36 36 23
23 22 57 35 34 51 8 32 36 58 0 82 0 19 62 0 51 68 8 70 35 62 32 34 279 34 19 0 36 34 22 58 0 35 34 124 99 23 36 62 0 34 23 62 27 19 35 99 19 80 35 62 22 82 22 0 36 57 36 36 23
23 22 57 35 34 51 8 32 36 58 0 82 0 19 62 0 51 68 8 70 35 62 32 34 279 34 19 0 36 34 22 58 0 35 34 124 99 23 36 62 0 34 23 62 27 19 35 99 19 80 35 62 22 82 22 0 36 57 36 36 23
42 41 76 54 53 32 27 13 55 77 19 101 19 38 80 19 32 49 27 89 54 80 13 53 298 53 0 19 55 53 41 77 19 54 53 143 118 42 55 81 19 53 42 80 46 0 54 118 0 99 54 81 41 101 41 19 55 76 55 55 42
0 36 34 12 57 69 31 55 25 81 23 59 23 33 39 23 69 75 31 93 12 39 55 57 256 57 42 23 25 57 36 81 23 12 57 138 88 0 47 76 23 57 0 39 50 42 12 88 42 103 12 76 36 59 36 23 25 34 47 47 0
50 49 84 62 61 78 35 59 63 85 27 109 27 46 89 27 78 95 35 97 62 89 59 61 306 61 46 27 63 61 49 85 27 62 61 151 76 50 63 89 27 61 50 89 0 46 62 76 46 107 62 89 49 109 49 27 63 84 63 63 50
88 86 98 76 96 100 107 131 63 72 99 123 99 83 100 99 100 163 107 103 76 100 131 96 320 96 118 99 63 96 86 72 99 76 96 188 0 88 111 125 99 96 88 100 76 118 76 0 118 179 76 125 86 123 86 99 63 98 111 111 88
93 92 127 105 104 121 78 102 106 128 70 152 70 89 89 70 121 138 78 0 105 89 102 104 349 104 89 70 106 104 92 128 70 105 104 194 103 93 106 132 70 104 93 89 97 89 105 103 89 150 105 132 92 152 92 70 106 127 106 106 93
23 22 57 35 34 51 8 32 36 58 0 82 0 19 62 0 51 68 8 70 35 62 32 34 279 34 19 0 36 34 22 58 0 35 34 124 99 23 36 62 0 34 23 62 27 19 35 99 19 80 35 62 22 82 22 0 36 57 36 36 23
55 54 89 67 66 45 40 0 68 90 32 114 32 51 67 32 45 36 40 102 67 67 0 66 311 66 13 32 68 66 54 90 32 67 66 156 131 55 68 94 32 66 55 67 59 13 67 131 13 112 67 94 54 114 54 32 68 89 68 68 55
93 92 127 105 104 121 78 102 106 128 70 152 70 89 89 70 121 138 78 0 105 89 102 104 349 104 89 70 106 104 92 128 70 105 104 194 103 93 106 132 70 104 93 89 97 89 105 103 89 150 105 132 92 152 92 70 106 127 106 106 93
76 46 86 64 96 113 70 94 62 120 62 111 62 43 91 62 113 130 70 132 64 91 94 96 308 96 81 62 62 96 46 120 62 64 96 148 125 76 98 0 62 96 76 91 89 81 64 125 81 142 64 0 46 111 46 62 62 86 98 98 76
12 24 22 0 69 81 43 67 13 93 35 47 35 21 27 35 81 87 43 105 0 27 67 69 244 69 54 35 13 69 24 93 35 0 69 126 76 12 35 64 35 69 12 27 62 54 0 76 54 115 0 64 24 47 24 35 13 22 35 35 12
50 49 84 62 61 78 35 59 63 85 27 109 27 46 89 27 78 95 35 97 62 89 59 61 306 61 46 27 63 61 49 85 27 62 61 151 76 50 63 89 27 61 50 89 0 46 62 76 46 107 62 89 49 109 49 27 63 84 63 63 50
23 22 57 35 34 51 8 32 36 58 0 82 0 19 62 0 51 68 8 70 35 62 32 34 279 34 19 0 36 34 22 58 0 35 34 124 99 23 36 62 0 34 23 62 27 19 35 99 19 80 35 62 22 82 22 0 36 57 36 36 23
42 41 76 54 53 32 27 13 55 77 19 101 19 38 80 19 32 49 27 89 54 80 13 53 298 53 0 19 55 53 41 77 19 54 53 143 118 42 55 81 19 53 42 80 46 0 54 118 0 99 54 81 41 101 41 19 55 76 55 55 42
36 0 46 24 56 73 30 54 23 80 22 71 22 3 51 22 73 90 30 92 24 51 54 56 268 56 41 22 23 56 0 80 22 24 56 102 86 36 58 46 22 56 36 51 49 41 24 86 41 102 24 46 0 71 0 22 23 46 58 58 36
12 24 22 0 69 81 43 67 13 93 35 47 35 21 27 35 81 87 43 105 0 27 67 69 244 69 54 35 13 69 24 93 35 0 69 126 76 12 35 64 35 69 12 27 62 54 0 76 54 115 0 64 24 47 24 35 13 22 35 35 12
12 24 22 0 69 81 43 67 13 93 35 47 35 21 27 35 81 87 43 105 0 27 67 69 244 69 54 35 13 69 24 93 35 0 69 126 76 12 35 64 35 69 12 27 62 54 0 76 54 115 0 64 24 47 24 35 13 22 35 35 12
55 54 89 67 66 45 40 0 68 90 32 114 32 51 67 32 45 36 40 102 67 67 0 66 311 66 13 32 68 66 54 90 32 67 66 156 131 55 68 94 32 66 55 67 59 13 67 131 13 112 67 94 54 114 54 32 68 89 68 68 55
42 41 76 54 53 32 27 13 55 77 19 101 19 38 80 19 32 49 27 89 54 80 13 53 298 53 0 19 55 53 41 77 19 54 53 143 118 42 55 81 19 53 42 80 46 0 54 118 0 99 54 81 41 101 41 19 55 76 55 55 42
33 3 43 21 53 70 27 51 20 77 19 68 19 0 48 19 70 87 27 89 21 48 51 53 265 53 38 19 20 53 3 77 19 21 53 105 83 33 55 43 19 53 33 48 46 38 21 83 38 99 21 43 3 68 3 19 20 43 55 55 33
138 102 148 126 158 175 132 156 125 182 124 173 124 105 153 124 175 192 132 194 126 153 156 158 370 158 143 124 125 158 102 182 124 126 158 0 188 138 160 148 124 158 138 153 151 143 126 188 143 204 126 148 102 173 102 124 125 148 160 160 138
12 24 22 0 69 81 43 67 13 93 35 47 35 21 27 35 81 87 43 105 0 27 67 69 244 69 54 35 13 69 24 93 35 0 69 126 76 12 35 64 35 69 12 27 62 54 0 76 54 115 0 64 24 47 24 35 13 22 35 35 12
31 30 65 43 42 59 0 40 44 66 8 90 8 27 70 8 59 76 0 78 43 70 40 42 287 42 27 8 44 42 30 66 8 43 42 132 107 31 44 70 8 42 31 70 35 27 43 107 27 88 43 70 30 90 30 8 44 65 44 44 31
39 51 49 27 96 108 70 67 37 120 62 74 62 48 0 62 108 103 70 89 27 0 67 96 271 96 80 62 37 96 51 120 62 27 96 153 100 39 59 91 62 96 39 0 89 80 27 100 80 142 27 91 51 74 51 62 37 49 59 59 39
39 51 49 27 96 108 70 67 37 120 62 74 62 48 0 62 108 103 70 89 27 0 67 96 271 96 80 62 37 96 51 120 62 27 96 153 100 39 59 91 62 96 39 0 89 80 27 100 80 142 27 91 51 74 51 62 37 49 59 59 39
33 3 43 21 53 70 27 51 20 77 19 68 19 0 48 19 70 87 27 89 21 48 51 53 265 53 38 19 20 53 3 77 19 21 53 105 83 33 55 43 19 53 33 48 46 38 21 83 38 99 21 43 3 68 3 19 20 43 55 55 33
52 88 86 64 109 121 83 107 77 133 75 111 75 85 91 75 121 127 83 145 64 91 107 109 308 109 94 75 77 109 88 133 75 64 109 190 140 52 99 128 75 109 52 91 102 94 64 140 94 155 64 128 88 111 88 75 77 86 99 99 52
69 73 103 81 85 0 59 45 87 109 51 128 51 70 108 51 0 81 59 121 81 108 45 85 325 85 32 51 87 85 73 109 51 81 85 175 100 69 87 113 51 85 69 108 78 32 81 100 32 131 81 113 73 128 73 51 87 103 87 87 69
93 92 127 105 104 121 78 102 106 128 70 152 70 89 89 70 121 138 78 0 105 89 102 104 349 104 89 70 106 104 92 128 70 105 104 194 103 93 106 132 70 104 93 89 97 89 105 103 89 150 105 132 92 152 92 70 106 127 106 106 93
42 41 76 54 53 32 27 13 55 77 19 101 19 38 80 19 32 49 27 89 54 80 13 53 298 53 0 19 55 53 41 77 19 54 53 143 118 42 55 81 19 53 42 80 46 0 54 118 0 99 54 81 41 101 41 19 55 76 55 55 42
