61 87 21
216 136 169 145 119 156 145 121 167 68 136 137 200 176 149 167 135 216 135 136 92 156 210 156 92 278 166 137 167 119 169 167 194 0 135 119 145 145 167 135 179 170 92 145 119 210 167 149 145 170 170 121 167 119 180 170 210 119 200 92 92 135 68 119 119 137 210 145 169 167 68 145 156 145 156 137 163 119 278 176 170 136 135 135 135 92 137
176 70 103 53 79 119 53 74 125 130 70 90 134 104 92 125 69 176 69 70 0 119 122 119 0 186 74 90 125 79 103 125 102 92 69 79 53 53 130 69 129 78 0 53 79 122 130 92 53 78 78 74 125 79 138 78 122 79 134 0 0 69 130 79 79 90 122 53 103 130 130 53 119 53 119 90 123 79 186 104 78 70 69 69 43 0 90
155 66 99 145 83 47 145 28 75 134 66 12 130 51 0 75 67 155 67 66 92 47 101 47 92 185 126 12 75 83 99 75 85 149 67 83 145 145 58 67 125 170 92 145 83 101 58 0 145 170 170 28 75 83 88 170 101 83 130 92 92 67 134 83 83 12 101 145 99 58 134 145 47 145 47 12 71 83 185 51 170 66 67 67 49 92 12
143 78 110 135 95 35 135 16 63 123 78 0 142 39 12 63 79 143 79 78 90 35 89 35 90 197 138 0 63 95 110 63 97 137 79 95 135 135 46 79 137 160 90 135 95 89 46 12 135 160 160 16 63 95 76 160 89 95 142 90 90 79 123 95 95 0 89 135 110 46 123 135 35 135 35 0 59 95 197 39 160 78 79 79 61 90 0
154 42 75 68 57 125 68 136 105 108 42 120 106 151 108 105 41 154 41 42 110 125 137 125 110 236 114 120 105 57 75 105 173 176 41 57 68 68 136 41 101 93 110 68 57 137 136 108 68 93 93 136 105 57 118 93 137 57 106 110 110 41 108 57 57 120 137 68 75 136 108 68 125 68 125 120 101 57 236 151 93 42 41 41 93 110 120
112 0 33 110 17 85 110 94 65 68 0 78 64 111 66 65 1 112 1 0 70 85 139 85 70 196 72 78 65 17 33 65 131 136 1 17 110 110 96 1 59 109 70 110 17 139 96 66 110 109 109 94 65 17 78 109 139 17 64 70 70 1 68 17 17 78 139 110 33 96 68 110 85 110 85 78 61 17 196 111 109 0 1 1 53 70 78
133 53 86 96 36 76 96 77 84 87 53 61 117 100 49 84 52 133 52 53 43 76 130 76 43 143 117 61 84 36 86 84 134 135 52 36 96 96 87 52 98 121 43 96 36 130 87 49 96 121 121 77 84 36 97 121 130 36 117 43 43 52 87 36 36 61 130 96 86 87 87 96 76 96 76 61 80 36 143 100 121 53 52 52 0 43 61
148 68 101 171 51 88 171 139 99 0 68 123 132 162 134 99 67 148 67 68 130 88 142 88 130 230 140 123 99 51 101 99 199 68 67 51 171 171 99 67 111 177 130 171 51 142 99 134 171 177 177 139 99 51 112 177 142 51 132 130 130 67 0 51 51 123 142 171 101 99 0 171 88 171 88 123 95 51 230 162 177 68 67 67 87 130 123
159 59 92 169 62 130 169 153 110 111 59 137 123 170 125 110 60 159 60 59 129 130 184 130 129 241 131 137 110 62 92 110 190 179 60 62 169 169 141 60 0 168 129 169 62 184 141 125 169 168 168 153 110 62 123 168 184 62 123 129 129 60 111 62 62 137 184 169 92 141 111 169 130 169 130 137 106 62 241 170 168 59 60 60 98 129 137
113 1 34 109 16 84 109 95 64 67 1 79 65 110 67 64 0 113 0 1 69 84 138 84 69 195 73 79 64 16 34 64 132 135 0 16 109 109 95 0 60 110 69 109 16 138 95 67 109 110 110 95 64 16 77 110 138 16 65 69 69 0 67 16 16 79 138 109 34 95 67 109 84 109 84 79 60 16 195 110 110 1 0 0 52 69 79
216 136 169 145 119 156 145 121 167 68 136 137 200 176 149 167 135 216 135 136 92 156 210 156 92 278 166 137 167 119 169 167 194 0 135 119 145 145 167 135 179 170 92 145 119 210 167 149 145 170 170 121 167 119 180 170 210 119 200 92 92 135 68 119 119 137 210 145 169 167 68 145 156 145 156 137 163 119 278 176 170 136 135 135 135 92 137
159 94 126 127 111 51 127 0 79 139 94 16 155 55 28 79 95 159 95 94 74 51 105 51 74 213 148 16 79 111 126 79 113 121 95 111 127 127 62 95 153 152 74 127 111 105 62 28 127 152 152 0 79 111 92 152 105 111 155 74 74 95 139 111 111 16 105 127 126 62 139 127 51 127 51 16 75 111 213 55 152 94 95 95 77 74 16
145 33 0 99 50 75 99 126 98 101 33 110 97 144 99 98 34 145 34 33 103 75 129 75 103 229 105 110 98 50 0 98 164 169 34 50 99 99 86 34 92 124 103 99 50 129 86 99 99 124 124 126 98 50 111 124 129 50 97 103 103 34 101 50 50 110 129 99 0 86 101 99 75 99 75 110 94 50 229 144 124 33 34 34 86 103 110
112 0 33 110 17 85 110 94 65 68 0 78 64 111 66 65 1 112 1 0 70 85 139 85 70 196 72 78 65 17 33 65 131 136 1 17 110 110 96 1 59 109 70 110 17 139 96 66 110 109 109 94 65 17 78 109 139 17 64 70 70 1 68 17 17 78 139 110 33 96 68 110 85 110 85 78 61 17 196 111 109 0 1 1 53 70 78
112 0 33 110 17 85 110 94 65 68 0 78 64 111 66 65 1 112 1 0 70 85 139 85 70 196 72 78 65 17 33 65 131 136 1 17 110 110 96 1 59 109 70 110 17 139 96 66 110 109 109 94 65 17 78 109 139 17 64 70 70 1 68 17 17 78 139 110 33 96 68 110 85 110 85 78 61 17 196 111 109 0 1 1 53 70 78
149 78 111 85 61 41 85 92 13 112 78 76 142 115 88 13 77 149 77 78 138 41 95 41 138 240 150 76 13 61 111 13 173 180 77 61 85 85 52 77 123 110 138 85 61 95 52 88 85 110 110 92 13 61 0 110 95 61 142 138 138 77 112 61 61 76 95 85 111 52 112 85 41 85 41 76 17 61 240 115 110 78 77 77 97 138 76
108 85 75 100 68 0 100 51 28 88 85 35 149 74 47 28 84 108 84 85 119 0 54 0 119 219 157 35 28 68 75 28 132 156 84 68 100 100 11 84 130 125 119 100 68 54 11 47 100 125 125 51 28 68 41 125 54 68 149 119 119 84 88 68 68 35 54 100 75 11 88 100 0 100 0 35 24 68 219 74 125 85 84 84 76 119 35
145 33 0 99 50 75 99 126 98 101 33 110 97 144 99 98 34 145 34 33 103 75 129 75 103 229 105 110 98 50 0 98 164 169 34 50 99 99 86 34 92 124 103 99 50 129 86 99 99 124 124 126 98 50 111 124 129 50 97 103 103 34 101 50 50 110 129 99 0 86 101 99 75 99 75 110 94 50 229 144 124 33 34 34 86 103 110
145 33 0 99 50 75 99 126 98 101 33 110 97 144 99 98 34 145 34 33 103 75 129 75 103 229 105 110 98 50 0 98 164 169 34 50 99 99 86 34 92 124 103 99 50 129 86 99 99 124 124 126 98 50 111 124 129 50 97 103 103 34 101 50 50 110 129 99 0 86 101 99 75 99 75 110 94 50 229 144 124 33 34 34 86 103 110
357 407 432 372 390 357 372 408 385 441 407 392 471 431 404 385 406 357 406 407 425 357 303 357 425 569 479 392 385 390 432 385 489 509 406 390 372 372 346 406 452 397 425 372 390 303 346 404 372 397 397 408 385 390 398 397 303 390 471 425 425 406 441 390 390 392 303 372 432 346 441 372 357 372 357 392 381 390 569 431 397 407 406 406 426 425 392
136 65 98 72 48 28 72 79 0 99 65 63 129 102 75 0 64 136 64 65 125 28 82 28 125 227 137 63 0 48 98 0 160 167 64 48 72 72 39 64 110 97 125 72 48 82 39 75 72 97 97 79 0 48 13 97 82 48 129 125 125 64 99 48 48 63 82 72 98 39 99 72 28 72 28 63 4 48 227 102 97 65 64 64 84 125 63
159 94 126 127 111 51 127 0 79 139 94 16 155 55 28 79 95 159 95 94 74 51 105 51 74 213 148 16 79 111 126 79 113 121 95 111 127 127 62 95 153 152 74 127 111 105 62 28 127 152 152 0 79 111 92 152 105 111 155 74 74 95 139 111 111 16 105 127 126 62 139 127 51 127 51 16 75 111 213 55 152 94 95 95 77 74 16
123 110 99 0 120 100 0 127 72 171 110 135 152 157 145 72 109 123 109 110 53 100 69 100 53 239 127 135 72 120 99 72 155 145 109 120 0 0 111 109 169 25 53 0 120 69 111 145 0 25 25 127 72 120 85 25 69 120 152 53 53 109 171 120 120 135 69 0 99 111 171 0 100 0 100 135 76 120 239 157 25 110 109 109 96 53 135
149 78 111 85 61 41 85 92 13 112 78 76 142 115 88 13 77 149 77 78 138 41 95 41 138 240 150 76 13 61 111 13 173 180 77 61 85 85 52 77 123 110 138 85 61 95 52 88 85 110 110 92 13 61 0 110 95 61 142 138 138 77 112 61 61 76 95 85 111 52 112 85 41 85 41 76 17 61 240 115 110 78 77 77 97 138 76
148 109 124 25 126 125 25 152 97 177 109 160 173 167 170 97 110 148 110 109 78 125 94 125 78 264 152 160 97 126 124 97 180 170 110 126 25 25 136 110 168 0 78 25 126 94 136 170 25 0 0 152 97 126 110 0 94 126 173 78 78 110 177 126 126 160 94 25 124 136 177 25 125 25 125 160 101 126 264 167 0 109 110 110 121 78 160
112 0 33 110 17 85 110 94 65 68 0 78 64 111 66 65 1 112 1 0 70 85 139 85 70 196 72 78 65 17 33 65 131 136 1 17 110 110 96 1 59 109 70 110 17 139 96 66 110 109 109 94 65 17 78 109 139 17 64 70 70 1 68 17 17 78 139 110 33 96 68 110 85 110 85 78 61 17 196 111 109 0 1 1 53 70 78
176 64 97 152 81 149 152 155 129 132 64 142 0 175 130 129 65 176 65 64 134 149 191 149 134 260 136 142 129 81 97 129 67 200 65 81 152 152 148 65 123 173 134 152 81 191 148 130 152 173 173 155 129 81 142 173 191 81 0 134 134 65 132 81 81 142 191 152 97 148 132 152 149 152 149 142 125 81 260 175 173 64 65 65 117 134 142
54 139 129 69 122 54 69 105 82 142 139 89 191 128 101 82 138 54 138 139 122 54 0 54 122 273 196 89 82 122 129 82 186 210 138 122 69 69 43 138 184 94 122 69 122 0 43 101 69 94 94 105 82 122 95 94 0 122 191 122 122 138 142 122 122 89 0 69 129 43 142 69 54 69 54 89 78 122 273 128 94 139 138 138 130 122 89
176 70 103 53 79 119 53 74 125 130 70 90 134 104 92 125 69 176 69 70 0 119 122 119 0 186 74 90 125 79 103 125 102 92 69 79 53 53 130 69 129 78 0 53 79 122 130 92 53 78 78 74 125 79 138 78 122 79 134 0 0 69 130 79 79 90 122 53 103 130 130 53 119 53 119 90 123 79 186 104 78 70 69 69 43 0 90
97 96 86 111 79 11 111 62 39 99 96 46 148 85 58 39 95 97 95 96 130 11 43 11 130 230 168 46 39 79 86 39 143 167 95 79 111 111 0 95 141 136 130 111 79 43 0 58 111 136 136 62 39 79 52 136 43 79 148 130 130 95 99 79 79 46 43 111 86 0 99 111 11 111 11 46 35 79 230 85 136 96 95 95 87 130 46
148 68 101 171 51 88 171 139 99 0 68 123 132 162 134 99 67 148 67 68 130 88 142 88 130 230 140 123 99 51 101 99 199 68 67 51 171 171 99 67 111 177 130 171 51 142 99 134 171 177 177 139 99 51 112 177 142 51 132 130 130 67 0 51 51 123 142 171 101 99 0 171 88 171 88 123 95 51 230 162 177 68 67 67 87 130 123
176 64 97 152 81 149 152 155 129 132 64 142 0 175 130 129 65 176 65 64 134 149 191 149 134 260 136 142 129 81 97 129 67 200 65 81 152 152 148 65 123 173 134 152 81 191 148 130 152 173 173 155 129 81 142 173 191 81 0 134 134 65 132 81 81 142 191 152 97 148 132 152 149 152 149 142 125 81 260 175 173 64 65 65 117 134 142
97 17 50 120 0 68 120 111 48 51 17 95 81 126 83 48 16 97 16 17 79 68 122 68 79 179 89 95 48 0 50 48 148 119 16 0 120 120 79 16 62 126 79 120 0 122 79 83 120 126 126 111 48 0 61 126 122 0 81 79 79 16 51 0 0 95 122 120 50 79 51 120 68 120 68 95 44 0 179 126 126 17 16 16 36 79 95
133 53 86 96 36 76 96 77 84 87 53 61 117 100 49 84 52 133 52 53 43 76 130 76 43 143 117 61 84 36 86 84 134 135 52 36 96 96 87 52 98 121 43 96 36 130 87 49 96 121 121 77 84 36 97 121 130 36 117 43 43 52 87 36 36 61 130 96 86 87 87 96 76 96 76 61 80 36 143 100 121 53 52 52 0 43 61
176 64 97 152 81 149 152 155 129 132 64 142 0 175 130 129 65 176 65 64 134 149 191 149 134 260 136 142 129 81 97 129 67 200 65 81 152 152 148 65 123 173 134 152 81 191 148 130 152 173 173 155 129 81 142 173 191 81 0 134 134 65 132 81 81 142 191 152 97 148 132 152 149 152 149 142 125 81 260 175 173 64 65 65 117 134 142
159 94 126 127 111 51 127 0 79 139 94 16 155 55 28 79 95 159 95 94 74 51 105 51 74 213 148 16 79 111 126 79 113 121 95 111 127 127 62 95 153 152 74 127 111 105 62 28 127 152 152 0 79 111 92 152 105 111 155 74 74 95 139 111 111 16 105 127 126 62 139 127 51 127 51 16 75 111 213 55 152 94 95 95 77 74 16
133 53 86 96 36 76 96 77 84 87 53 61 117 100 49 84 52 133 52 53 43 76 130 76 43 143 117 61 84 36 86 84 134 135 52 36 96 96 87 52 98 121 43 96 36 130 87 49 96 121 121 77 84 36 97 121 130 36 117 43 43 52 87 36 36 61 130 96 86 87 87 96 76 96 76 61 80 36 143 100 121 53 52 52 0 43 61
145 33 0 99 50 75 99 126 98 101 33 110 97 144 99 98 34 145 34 33 103 75 129 75 103 229 105 110 98 50 0 98 164 169 34 50 99 99 86 34 92 124 103 99 50 129 86 99 99 124 124 126 98 50 111 124 129 50 97 103 103 34 101 50 50 110 129 99 0 86 101 99 75 99 75 110 94 50 229 144 124 33 34 34 86 103 110
132 61 94 76 44 24 76 75 4 95 61 59 125 98 71 4 60 132 60 61 123 24 78 24 123 223 133 59 4 44 94 4 156 163 60 44 76 76 35 60 106 101 123 76 44 78 35 71 76 101 101 75 4 44 17 101 78 44 125 123 123 60 95 44 44 59 78 76 94 35 95 76 24 76 24 59 0 44 223 98 101 61 60 60 80 123 59
191 126 158 159 143 83 159 32 111 171 126 48 187 87 60 111 127 191 127 126 106 83 137 83 106 245 180 48 111 143 158 111 145 153 127 143 159 159 94 127 185 184 106 159 143 137 94 60 159 184 184 32 111 143 124 184 137 143 187 106 106 127 171 143 143 48 137 159 158 94 171 159 83 159 83 48 107 143 245 87 184 126 127 127 109 106 48
159 94 126 127 111 51 127 0 79 139 94 16 155 55 28 79 95 159 95 94 74 51 105 51 74 213 148 16 79 111 126 79 113 121 95 111 127 127 62 95 153 152 74 127 111 105 62 28 127 152 152 0 79 111 92 152 105 111 155 74 74 95 139 111 111 16 105 127 126 62 139 127 51 127 51 16 75 111 213 55 152 94 95 95 77 74 16
54 139 129 69 122 54 69 105 82 142 139 89 191 128 101 82 138 54 138 139 122 54 0 54 122 273 196 89 82 122 129 82 186 210 138 122 69 69 43 138 184 94 122 69 122 0 43 101 69 94 94 105 82 122 95 94 0 122 191 122 122 138 142 122 122 89 0 69 129 43 142 69 54 69 54 89 78 122 273 128 94 139 138 138 130 122 89
133 53 86 96 36 76 96 77 84 87 53 61 117 100 49 84 52 133 52 53 43 76 130 76 43 143 117 61 84 36 86 84 134 135 52 36 96 96 87 52 98 121 43 96 36 130 87 49 96 121 121 77 84 36 97 121 130 36 117 43 43 52 87 36 36 61 130 96 86 87 87 96 76 96 76 61 80 36 143 100 121 53 52 52 0 43 61
176 70 103 53 79 119 53 74 125 130 70 90 134 104 92 125 69 176 69 70 0 119 122 119 0 186 74 90 125 79 103 125 102 92 69 79 53 53 130 69 129 78 0 53 79 122 130 92 53 78 78 74 125 79 138 78 122 79 134 0 0 69 130 79 79 90 122 53 103 130 130 53 119 53 119 90 123 79 186 104 78 70 69 69 43 0 90
216 136 169 145 119 156 145 121 167 68 136 137 200 176 149 167 135 216 135 136 92 156 210 156 92 278 166 137 167 119 169 167 194 0 135 119 145 145 167 135 179 170 92 145 119 210 167 149 145 170 170 121 167 119 180 170 210 119 200 92 92 135 68 119 119 137 210 145 169 167 68 145 156 145 156 137 163 119 278 176 170 136 135 135 135 92 137
0 112 145 123 97 108 123 159 136 148 112 143 176 182 155 136 113 0 113 112 176 108 54 108 176 276 184 143 136 97 145 136 240 216 113 97 123 123 97 113 159 148 176 123 97 54 97 155 123 148 148 159 136 97 149 148 54 97 176 176 176 113 148 97 97 143 54 123 145 97 148 123 108 123 108 143 132 97 276 182 148 112 113 113 133 176 143
182 111 144 157 126 74 157 55 102 162 111 39 175 0 51 102 110 182 110 111 104 74 128 74 104 236 177 39 102 126 144 102 136 176 110 126 157 157 85 110 170 167 104 157 126 128 85 51 157 167 167 55 102 126 115 167 128 126 175 104 104 110 162 126 126 39 128 157 144 85 162 157 74 157 74 39 98 126 236 0 167 111 110 110 100 104 39
133 53 86 96 36 76 96 77 84 87 53 61 117 100 49 84 52 133 52 53 43 76 130 76 43 143 117 61 84 36 86 84 134 135 52 36 96 96 87 52 98 121 43 96 36 130 87 49 96 121 121 77 84 36 97 121 130 36 117 43 43 52 87 36 36 61 130 96 86 87 87 96 76 96 76 61 80 36 143 100 121 53 52 52 0 43 61
97 17 50 120 0 68 120 111 48 51 17 95 81 126 83 48 16 97 16 17 79 68 122 68 79 179 89 95 48 0 50 48 148 119 16 0 120 120 79 16 62 126 79 120 0 122 79 83 120 126 126 111 48 0 61 126 122 0 81 79 79 16 51 0 0 95 122 120 50 79 51 120 68 120 68 95 44 0 179 126 126 17 16 16 36 79 95
176 70 103 53 79 119 53 74 125 130 70 90 134 104 92 125 69 176 69 70 0 119 122 119 0 186 74 90 125 79 103 125 102 92 69 79 53 53 130 69 129 78 0 53 79 122 130 92 53 78 78 74 125 79 138 78 122 79 134 0 0 69 130 79 79 90 122 53 103 130 130 53 119 53 119 90 123 79 186 104 78 70 69 69 43 0 90
112 0 33 110 17 85 110 94 65 68 0 78 64 111 66 65 1 112 1 0 70 85 139 85 70 196 72 78 65 17 33 65 131 136 1 17 110 110 96 1 59 109 70 110 17 139 96 66 110 109 109 94 65 17 78 109 139 17 64 70 70 1 68 17 17 78 139 110 33 96 68 110 85 110 85 78 61 17 196 111 109 0 1 1 53 70 78
148 68 101 171 51 88 171 139 99 0 68 123 132 162 134 99 67 148 67 68 130 88 142 88 130 230 140 123 99 51 101 99 199 68 67 51 171 171 99 67 111 177 130 171 51 142 99 134 171 177 177 139 99 51 112 177 142 51 132 130 130 67 0 51 51 123 142 171 101 99 0 171 88 171 88 123 95 51 230 162 177 68 67 67 87 130 123
184 72 105 127 89 157 127 148 137 140 72 138 136 177 126 137 73 184 73 72 74 157 196 157 74 260 0 138 137 89 105 137 176 166 73 89 127 127 168 73 131 152 74 127 89 196 168 126 127 152 152 148 137 89 150 152 196 89 136 74 74 73 140 89 89 138 196 127 105 168 140 127 157 127 157 138 133 89 260 177 152 72 73 73 117 74 138
132 61 94 76 44 24 76 75 4 95 61 59 125 98 71 4 60 132 60 61 123 24 78 24 123 223 133 59 4 44 94 4 156 163 60 44 76 76 35 60 106 101 123 76 44 78 35 71 76 101 101 75 4 44 17 101 78 44 125 123 123 60 95 44 44 59 78 76 94 35 95 76 24 76 24 59 0 44 223 98 101 61 60 60 80 123 59
159 94 126 127 111 51 127 0 79 139 94 16 155 55 28 79 95 159 95 94 74 51 105 51 74 213 148 16 79 111 126 79 113 121 95 111 127 127 62 95 153 152 74 127 111 105 62 28 127 152 152 0 79 111 92 152 105 111 155 74 74 95 139 111 111 16 105 127 126 62 139 127 51 127 51 16 75 111 213 55 152 94 95 95 77 74 16
240 131 164 155 148 132 155 113 160 199 131 97 67 136 85 160 132 240 132 131 102 132 186 132 102 270 176 97 160 148 164 160 0 194 132 148 155 155 143 132 190 180 102 155 148 186 143 85 155 180 180 113 160 148 173 180 186 148 67 102 102 132 199 148 148 97 186 155 164 143 199 155 132 155 132 97 156 148 270 136 180 131 132 132 134 102 97
149 78 111 85 61 41 85 92 13 112 78 76 142 115 88 13 77 149 77 78 138 41 95 41 138 240 150 76 13 61 111 13 173 180 77 61 85 85 52 77 123 110 138 85 61 95 52 88 85 110 110 92 13 61 0 110 95 61 142 138 138 77 112 61 61 76 95 85 111 52 112 85 41 85 41 76 17 61 240 115 110 78 77 77 97 138 76
132 61 94 76 44 24 76 75 4 95 61 59 125 98 71 4 60 132 60 61 123 24 78 24 123 223 133 59 4 44 94 4 156 163 60 44 76 76 35 60 106 101 123 76 44 78 35 71 76 101 101 75 4 44 17 101 78 44 125 123 123 60 95 44 44 59 78 76 94 35 95 76 24 76 24 59 0 44 223 98 101 61 60 60 80 123 59
149 78 111 85 61 41 85 92 13 112 78 76 142 115 88 13 77 149 77 78 138 41 95 41 138 240 150 76 13 61 111 13 173 180 77 61 85 85 52 77 123 110 138 85 61 95 52 88 85 110 110 92 13 61 0 110 95 61 142 138 138 77 112 61 61 76 95 85 111 52 112 85 41 85 41 76 17 61 240 115 110 78 77 77 97 138 76
276 196 229 239 179 219 239 213 227 230 196 197 260 236 185 227 195 276 195 196 186 219 273 219 186 0 260 197 227 179 229 227 270 278 195 179 239 239 230 195 241 264 186 239 179 273 230 185 239 264 264 213 227 179 240 264 273 179 260 186 186 195 230 179 179 197 273 239 229 230 230 239 219 239 219 197 223 179 0 236 264 196 195 195 143 186 197
123 110 99 0 120 100 0 127 72 171 110 135 152 157 145 72 109 123 109 110 53 100 69 100 53 239 127 135 72 120 99 72 155 145 109 120 0 0 111 109 169 25 53 0 120 69 111 145 0 25 25 127 72 120 85 25 69 120 152 53 53 109 171 120 120 135 69 0 99 111 171 0 100 0 100 135 76 120 239 157 25 110 109 109 96 53 135
