54 87 17
29 89 34 63 178 2 8 94 63 136 22 63 161 0 94 89 65 125 116 136 26 125 45 2 63 29 26 65 8 2 76 139 2 84 84 139 158 0 34 26 8 8 22 76 8 63 84 2 34 8 2 57 29 116 139 2 63 29 0 34 8 0 2 2 26 84 29 89 76 8 63 57 8 22 76 63 45 7 2 125 63 125 22 26 8 26 29
0 104 11 78 207 31 23 109 78 165 37 78 176 29 109 104 80 102 145 165 3 102 74 31 78 0 3 42 23 31 105 154 31 99 61 154 173 29 11 3 23 23 37 105 23 78 61 31 11 23 31 86 0 145 154 31 78 0 29 11 23 29 31 31 3 99 0 104 105 23 78 86 23 37 105 78 74 22 31 102 78 102 37 3 23 3 0
80 140 85 114 243 67 57 145 114 132 73 114 212 65 145 140 0 176 174 132 77 176 110 67 114 80 77 116 57 67 141 190 67 133 135 190 209 65 85 77 57 57 73 141 57 114 135 67 85 57 67 122 80 174 190 67 114 80 65 85 57 65 67 67 77 133 80 140 141 57 114 122 57 73 141 114 110 58 67 176 114 176 73 77 57 77 80
165 151 170 199 314 138 142 150 199 0 158 199 297 136 150 151 132 261 42 0 162 261 91 138 199 165 162 201 142 138 74 275 138 149 220 275 294 136 170 162 142 142 158 74 142 199 220 138 170 142 138 193 165 42 275 138 199 165 136 170 142 136 138 138 162 149 165 151 74 142 199 193 142 158 74 199 91 143 138 261 199 261 158 162 142 162 165
99 159 104 114 262 86 76 164 114 149 92 114 212 84 164 159 133 195 191 149 96 195 58 86 114 99 96 135 76 86 89 209 86 0 154 209 209 84 104 96 76 76 92 89 76 114 154 86 104 76 86 113 99 191 209 86 114 99 84 104 76 84 86 86 96 0 99 159 89 76 114 113 76 92 89 114 58 77 86 195 114 195 92 96 76 96 99
61 159 66 133 262 86 78 164 133 220 92 133 231 84 164 159 135 157 200 220 58 157 129 86 133 61 58 97 78 86 160 209 86 154 0 209 228 84 66 58 78 78 92 160 78 133 0 86 66 78 86 141 61 200 209 86 133 61 84 66 78 84 86 86 58 154 61 159 160 78 133 141 78 92 160 133 129 77 86 157 133 157 92 58 78 58 61
74 108 79 108 223 47 53 113 108 91 67 108 206 45 113 108 110 170 133 91 71 170 0 47 108 74 71 110 53 47 31 184 47 58 129 184 203 45 79 71 53 53 67 31 53 108 129 47 79 53 47 102 74 133 184 47 108 74 45 79 53 45 47 47 71 58 74 108 31 53 108 102 53 67 31 108 0 52 47 170 108 170 67 71 53 71 74
23 83 28 57 186 10 0 88 57 142 16 57 155 8 88 83 57 119 124 142 20 119 53 10 57 23 20 59 0 10 84 133 10 76 78 133 152 8 28 20 0 0 16 84 0 57 78 10 28 0 10 65 23 124 133 10 57 23 8 28 0 8 10 10 20 76 23 83 84 0 57 65 0 16 84 57 53 1 10 119 57 119 16 20 0 20 23
143 241 132 209 341 168 160 246 209 302 174 209 307 166 246 241 217 223 282 302 140 223 211 168 209 143 140 163 160 168 242 291 168 236 198 291 304 166 132 140 160 160 174 242 160 209 198 168 132 160 168 223 143 282 291 168 209 143 166 132 160 166 168 168 140 236 143 241 242 160 209 223 160 174 242 209 211 159 168 223 209 223 174 140 160 140 143
37 97 42 71 200 24 16 102 71 158 0 71 169 22 102 97 73 133 138 158 34 133 67 24 71 37 34 73 16 24 98 117 24 92 92 117 166 22 42 34 16 16 0 98 16 71 92 24 42 16 24 79 37 138 117 24 71 37 22 42 16 22 24 24 34 92 37 97 98 16 71 79 16 0 98 71 67 15 24 133 71 133 0 34 16 34 37
29 89 34 63 178 2 8 94 63 136 22 63 161 0 94 89 65 125 116 136 26 125 45 2 63 29 26 65 8 2 76 139 2 84 84 139 158 0 34 26 8 8 22 76 8 63 84 2 34 8 2 57 29 116 139 2 63 29 0 34 8 0 2 2 26 84 29 89 76 8 63 57 8 22 76 63 45 7 2 125 63 125 22 26 8 26 29
23 83 28 57 186 10 0 88 57 142 16 57 155 8 88 83 57 119 124 142 20 119 53 10 57 23 20 59 0 10 84 133 10 76 78 133 152 8 28 20 0 0 16 84 0 57 78 10 28 0 10 65 23 124 133 10 57 23 8 28 0 8 10 10 20 76 23 83 84 0 57 65 0 16 84 57 53 1 10 119 57 119 16 20 0 20 23
11 109 0 77 212 36 28 114 77 170 42 77 175 34 114 109 85 91 150 170 8 91 79 36 77 11 8 31 28 36 110 159 36 104 66 159 172 34 0 8 28 28 42 110 28 77 66 36 0 28 36 91 11 150 159 36 77 11 34 0 28 34 36 36 8 104 11 109 110 28 77 91 28 42 110 77 79 27 36 91 77 91 42 8 28 8 11
29 89 34 63 178 2 8 94 63 136 22 63 161 0 94 89 65 125 116 136 26 125 45 2 63 29 26 65 8 2 76 139 2 84 84 139 158 0 34 26 8 8 22 76 8 63 84 2 34 8 2 57 29 116 139 2 63 29 0 34 8 0 2 2 26 84 29 89 76 8 63 57 8 22 76 63 45 7 2 125 63 125 22 26 8 26 29
80 140 85 114 243 67 57 145 114 132 73 114 212 65 145 140 0 176 174 132 77 176 110 67 114 80 77 116 57 67 141 190 67 133 135 190 209 65 85 77 57 57 73 141 57 114 135 67 85 57 67 122 80 174 190 67 114 80 65 85 57 65 67 67 77 133 80 140 141 57 114 122 57 73 141 114 110 58 67 176 114 176 73 77 57 77 80
145 113 150 179 294 114 124 108 179 42 138 179 277 116 108 113 174 239 0 42 142 239 133 114 179 145 142 181 124 114 116 255 114 191 200 255 274 116 150 142 124 124 138 116 124 179 200 114 150 124 114 169 145 0 255 114 179 145 116 150 124 116 114 114 142 191 145 113 116 124 179 169 124 138 116 179 133 123 114 239 179 239 138 142 124 142 145
22 82 27 56 185 9 1 87 56 143 15 56 154 7 87 82 58 118 123 143 19 118 52 9 56 22 19 58 1 9 83 132 9 77 77 132 151 7 27 19 1 1 15 83 1 56 77 9 27 1 9 64 22 123 132 9 56 22 7 27 1 7 9 9 19 77 22 82 83 1 56 64 1 15 83 56 52 0 9 118 56 118 15 19 1 19 22
102 200 91 168 303 125 119 205 168 261 133 168 266 125 205 200 176 0 239 261 99 0 170 125 168 102 99 60 119 125 192 250 125 195 157 250 263 125 91 99 119 119 133 192 119 168 157 125 91 119 125 180 102 239 250 125 168 102 125 91 119 125 125 125 99 195 102 200 192 119 168 180 119 133 192 168 170 118 125 0 168 0 133 99 119 99 102
109 5 114 128 272 96 88 0 128 150 102 128 226 94 0 5 145 205 108 150 106 205 113 96 128 109 106 145 88 96 82 219 96 164 164 219 223 94 114 106 88 88 102 82 88 128 164 96 114 88 96 151 109 108 219 96 128 109 94 114 88 94 96 96 106 164 109 5 82 88 128 151 88 102 82 128 113 87 96 205 128 205 102 106 88 106 109
91 151 96 35 254 78 68 156 35 210 84 35 133 76 156 151 125 179 192 210 88 179 121 78 35 91 88 127 68 78 152 201 78 127 146 201 130 76 96 88 68 68 84 152 68 35 146 78 96 68 78 133 91 192 201 78 35 91 76 96 68 76 78 78 88 127 91 151 152 68 35 133 68 84 152 35 121 69 78 179 35 179 84 88 68 88 91
227 287 232 261 376 196 206 292 261 334 220 261 359 198 292 287 263 321 310 334 224 321 243 196 261 227 224 263 206 196 274 337 196 282 282 337 356 198 232 224 206 206 220 274 206 261 282 196 232 206 196 251 227 310 337 196 261 227 198 232 206 198 196 196 224 282 227 287 274 206 261 251 206 220 274 261 243 205 196 321 261 321 220 224 206 224 227
105 77 110 139 254 78 84 82 139 74 98 139 237 76 82 77 141 192 116 74 102 192 31 78 139 105 102 132 84 78 0 215 78 89 160 215 234 76 110 102 84 84 98 0 84 139 160 78 110 84 78 133 105 116 215 78 139 105 76 110 84 76 78 78 102 89 105 77 0 84 139 133 84 98 0 139 31 83 78 192 139 192 98 102 84 102 105
145 113 150 179 294 114 124 108 179 42 138 179 277 116 108 113 174 239 0 42 142 239 133 114 179 145 142 181 124 114 116 255 114 191 200 255 274 116 150 142 124 124 138 116 124 179 200 114 150 124 114 169 145 0 255 114 179 145 116 150 124 116 114 114 142 191 145 113 116 124 179 169 124 138 116 179 133 123 114 239 179 239 138 142 124 142 145
37 97 42 71 200 24 16 102 71 158 0 71 169 22 102 97 73 133 138 158 34 133 67 24 71 37 34 73 16 24 98 117 24 92 92 117 166 22 42 34 16 16 0 98 16 71 92 24 42 16 24 79 37 138 117 24 71 37 22 42 16 22 24 24 34 92 37 97 98 16 71 79 16 0 98 71 67 15 24 133 71 133 0 34 16 34 37
80 140 85 114 243 67 57 145 114 132 73 114 212 65 145 140 0 176 174 132 77 176 110 67 114 80 77 116 57 67 141 190 67 133 135 190 209 65 85 77 57 57 73 141 57 114 135 67 85 57 67 122 80 174 190 67 114 80 65 85 57 65 67 67 77 133 80 140 141 57 114 122 57 73 141 114 110 58 67 176 114 176 73 77 57 77 80
173 228 172 95 336 160 152 223 95 294 166 95 193 158 223 228 209 263 274 294 170 263 203 160 95 173 170 203 152 160 234 283 160 209 228 283 0 158 172 170 152 152 166 234 152 95 228 160 172 152 160 203 173 274 283 160 95 173 158 172 152 158 160 160 170 209 173 228 234 152 95 203 152 166 234 95 203 151 160 263 95 263 166 170 152 170 173
22 82 27 56 185 9 1 87 56 143 15 56 154 7 87 82 58 118 123 143 19 118 52 9 56 22 19 58 1 9 83 132 9 77 77 132 151 7 27 19 1 1 15 83 1 56 77 9 27 1 9 64 22 123 132 9 56 22 7 27 1 7 9 9 19 77 22 82 83 1 56 64 1 15 83 56 52 0 9 118 56 118 15 19 1 19 22
102 200 91 168 303 125 119 205 168 261 133 168 266 125 205 200 176 0 239 261 99 0 170 125 168 102 99 60 119 125 192 250 125 195 157 250 263 125 91 99 119 119 133 192 119 168 157 125 91 119 125 180 102 239 250 125 168 102 125 91 119 125 125 125 99 195 102 200 192 119 168 180 119 133 192 168 170 118 125 0 168 0 133 99 119 99 102
37 97 42 71 200 24 16 102 71 158 0 71 169 22 102 97 73 133 138 158 34 133 67 24 71 37 34 73 16 24 98 117 24 92 92 117 166 22 42 34 16 16 0 98 16 71 92 24 42 16 24 79 37 138 117 24 71 37 22 42 16 22 24 24 34 92 37 97 98 16 71 79 16 0 98 71 67 15 24 133 71 133 0 34 16 34 37
165 151 170 199 314 138 142 150 199 0 158 199 297 136 150 151 132 261 42 0 162 261 91 138 199 165 162 201 142 138 74 275 138 149 220 275 294 136 170 162 142 142 158 74 142 199 220 138 170 142 138 193 165 42 275 138 199 165 136 170 142 136 138 138 162 149 165 151 74 142 199 193 142 158 74 199 91 143 138 261 199 261 158 162 142 162 165
42 140 31 108 243 67 59 145 108 201 73 108 206 65 145 140 116 60 181 201 39 60 110 67 108 42 39 0 59 67 132 190 67 135 97 190 203 65 31 39 59 59 73 132 59 108 97 67 31 59 67 122 42 181 190 67 108 42 65 31 59 65 67 67 39 135 42 140 132 59 108 122 59 73 132 108 110 58 67 60 108 60 73 39 59 39 42
176 231 175 98 339 163 155 226 98 297 169 98 0 161 226 231 212 266 277 297 173 266 206 163 98 176 173 206 155 163 237 286 163 212 231 286 193 161 175 173 155 155 169 237 155 98 231 163 175 155 163 113 176 277 286 163 98 176 161 175 155 161 163 163 173 212 176 231 237 155 98 113 155 169 237 98 206 154 163 266 98 266 169 173 155 173 176
86 146 91 108 235 55 65 151 108 193 79 108 113 57 151 146 122 180 169 193 83 180 102 55 108 86 83 122 65 55 133 196 55 113 141 196 203 57 91 83 65 65 79 133 65 108 141 55 91 65 55 0 86 169 196 55 108 86 57 91 65 57 55 55 83 113 86 146 133 65 108 0 65 79 133 108 102 64 55 180 108 180 79 83 65 83 86
22 82 27 56 185 9 1 87 56 143 15 56 154 7 87 82 58 118 123 143 19 118 52 9 56 22 19 58 1 9 83 132 9 77 77 132 151 7 27 19 1 1 15 83 1 56 77 9 27 1 9 64 22 123 132 9 56 22 7 27 1 7 9 9 19 77 22 82 83 1 56 64 1 15 83 56 52 0 9 118 56 118 15 19 1 19 22
165 151 170 199 314 138 142 150 199 0 158 199 297 136 150 151 132 261 42 0 162 261 91 138 199 165 162 201 142 138 74 275 138 149 220 275 294 136 170 162 142 142 158 74 142 199 220 138 170 142 138 193 165 42 275 138 199 165 136 170 142 136 138 138 162 149 165 151 74 142 199 193 142 158 74 199 91 143 138 261 199 261 158 162 142 162 165
99 159 104 114 262 86 76 164 114 149 92 114 212 84 164 159 133 195 191 149 96 195 58 86 114 99 96 135 76 86 89 209 86 0 154 209 209 84 104 96 76 76 92 89 76 114 154 86 104 76 86 113 99 191 209 86 114 99 84 104 76 84 86 86 96 0 99 159 89 76 114 113 76 92 89 114 58 77 86 195 114 195 92 96 76 96 99
78 133 77 0 241 65 57 128 0 199 71 0 98 63 128 133 114 168 179 199 75 168 108 65 0 78 75 108 57 65 139 188 65 114 133 188 95 63 77 75 57 57 71 139 57 0 133 65 77 57 65 108 78 179 188 65 0 78 63 77 57 63 65 65 75 114 78 133 139 57 0 108 57 71 139 0 108 56 65 168 0 168 71 75 57 75 78
109 5 114 128 272 96 88 0 128 150 102 128 226 94 0 5 145 205 108 150 106 205 113 96 128 109 106 145 88 96 82 219 96 164 164 219 223 94 114 106 88 88 102 82 88 128 164 96 114 88 96 151 109 108 219 96 128 109 94 114 88 94 96 96 106 164 109 5 82 88 128 151 88 102 82 128 113 87 96 205 128 205 102 106 88 106 109
22 82 27 56 185 9 1 87 56 143 15 56 154 7 87 82 58 118 123 143 19 118 52 9 56 22 19 58 1 9 83 132 9 77 77 132 151 7 27 19 1 1 15 83 1 56 77 9 27 1 9 64 22 123 132 9 56 22 7 27 1 7 9 9 19 77 22 82 83 1 56 64 1 15 83 56 52 0 9 118 56 118 15 19 1 19 22
31 91 36 65 180 0 10 96 65 138 24 65 163 2 96 91 67 125 114 138 28 125 47 0 65 31 28 67 10 0 78 141 0 86 86 141 160 2 36 28 10 10 24 78 10 65 86 0 36 10 0 55 31 114 141 0 65 31 2 36 10 2 0 0 28 86 31 91 78 10 65 55 10 24 78 65 47 9 0 125 65 125 24 28 10 28 31
3 101 8 75 204 28 20 106 75 162 34 75 173 26 106 101 77 99 142 162 0 99 71 28 75 3 0 39 20 28 102 151 28 96 58 151 170 26 8 0 20 20 34 102 20 75 58 28 8 20 28 83 3 142 151 28 75 3 26 8 20 26 28 28 0 96 3 101 102 20 75 83 20 34 102 75 71 19 28 99 75 99 34 0 20 0 3
22 82 27 56 185 9 1 87 56 143 15 56 154 7 87 82 58 118 123 143 19 118 52 9 56 22 19 58 1 9 83 132 9 77 77 132 151 7 27 19 1 1 15 83 1 56 77 9 27 1 9 64 22 123 132 9 56 22 7 27 1 7 9 9 19 77 22 82 83 1 56 64 1 15 83 56 52 0 9 118 56 118 15 19 1 19 22
154 214 159 188 317 141 133 219 188 275 117 188 286 139 219 214 190 250 255 275 151 250 184 141 188 154 151 190 133 141 215 0 141 209 209 0 283 139 159 151 133 133 117 215 133 188 209 141 159 133 141 196 154 255 0 141 188 154 139 159 133 139 141 141 151 209 154 214 215 133 188 196 133 117 215 188 184 132 141 250 188 250 117 151 133 151 154
23 83 28 57 186 10 0 88 57 142 16 57 155 8 88 83 57 119 124 142 20 119 53 10 57 23 20 59 0 10 84 133 10 76 78 133 152 8 28 20 0 0 16 84 0 57 78 10 28 0 10 65 23 124 133 10 57 23 8 28 0 8 10 10 20 76 23 83 84 0 57 65 0 16 84 57 53 1 10 119 57 119 16 20 0 20 23
61 159 66 133 262 86 78 164 133 220 92 133 231 84 164 159 135 157 200 220 58 157 129 86 133 61 58 97 78 86 160 209 86 154 0 209 228 84 66 58 78 78 92 160 78 133 0 86 66 78 86 141 61 200 209 86 133 61 84 66 78 84 86 86 58 154 61 159 160 78 133 141 78 92 160 133 129 77 86 157 133 157 92 58 78 58 61
80 140 85 114 243 67 57 145 114 132 73 114 212 65 145 140 0 176 174 132 77 176 110 67 114 80 77 116 57 67 141 190 67 133 135 190 209 65 85 77 57 57 73 141 57 114 135 67 85 57 67 122 80 174 190 67 114 80 65 85 57 65 67 67 77 133 80 140 141 57 114 122 57 73 141 114 110 58 67 176 114 176 73 77 57 77 80
165 151 170 199 314 138 142 150 199 0 158 199 297 136 150 151 132 261 42 0 162 261 91 138 199 165 162 201 142 138 74 275 138 149 220 275 294 136 170 162 142 142 158 74 142 199 220 138 170 142 138 193 165 42 275 138 199 165 136 170 142 136 138 138 162 149 165 151 74 142 199 193 142 158 74 199 91 143 138 261 199 261 158 162 142 162 165
42 140 31 108 243 67 59 145 108 201 73 108 206 65 145 140 116 60 181 201 39 60 110 67 108 42 39 0 59 67 132 190 67 135 97 190 203 65 31 39 59 59 73 132 59 108 97 67 31 59 67 122 42 181 190 67 108 42 65 31 59 65 67 67 39 135 42 140 132 59 108 122 59 73 132 108 110 58 67 60 108 60 73 39 59 39 42
165 151 170 199 314 138 142 150 199 0 158 199 297 136 150 151 132 261 42 0 162 261 91 138 199 165 162 201 142 138 74 275 138 149 220 275 294 136 170 162 142 142 158 74 142 199 220 138 170 142 138 193 165 42 275 138 199 165 136 170 142 136 138 138 162 149 165 151 74 142 199 193 142 158 74 199 91 143 138 261 199 261 158 162 142 162 165
104 0 109 133 267 91 83 5 133 151 97 133 231 89 5 0 140 200 113 151 101 200 108 91 133 104 101 140 83 91 77 214 91 159 159 214 228 89 109 101 83 83 97 77 83 133 159 91 109 83 91 146 104 113 214 91 133 104 89 109 83 89 91 91 101 159 104 0 77 83 133 146 83 97 77 133 108 82 91 200 133 200 97 101 83 101 104
58 118 63 92 221 45 35 123 92 177 51 92 190 43 123 118 92 154 159 177 55 154 88 45 92 58 55 94 35 45 119 168 45 111 113 168 187 43 63 55 35 35 51 119 35 92 113 45 63 35 45 100 58 159 168 45 92 58 43 63 35 43 45 45 55 111 58 118 119 35 92 100 35 51 119 92 88 36 45 154 92 154 51 55 35 55 58
102 200 91 168 303 125 119 205 168 261 133 168 266 125 205 200 176 0 239 261 99 0 170 125 168 102 99 60 119 125 192 250 125 195 157 250 263 125 91 99 119 119 133 192 119 168 157 125 91 119 125 180 102 239 250 125 168 102 125 91 119 125 125 125 99 195 102 200 192 119 168 180 119 133 192 168 170 118 125 0 168 0 133 99 119 99 102
11 109 0 77 212 36 28 114 77 170 42 77 175 34 114 109 85 91 150 170 8 91 79 36 77 11 8 31 28 36 110 159 36 104 66 159 172 34 0 8 28 28 42 110 28 77 66 36 0 28 36 91 11 150 159 36 77 11 34 0 28 34 36 36 8 104 11 109 110 28 77 91 28 42 110 77 79 27 36 91 77 91 42 8 28 8 11
207 267 212 241 0 180 186 272 241 314 200 241 339 178 272 267 243 303 294 314 204 303 223 180 241 207 204 243 186 180 254 317 180 262 262 317 336 178 212 204 186 186 200 254 186 241 262 180 212 186 180 235 207 294 317 180 241 207 178 212 186 178 180 180 204 262 207 267 254 186 241 235 186 200 254 241 223 185 180 303 241 303 200 204 186 204 207
