55 93 36
159 27 27 21 119 48 98 59 30 27 27 30 30 35 4 48 27 21 49 21 126 9 39 82 21 0 33 4 48 21 9 30 159 159 4 13 82 4 94 0 30 50 33 30 82 27 71 71 35 48 27 82 21 21 4 21 64 50 54 48 4 82 50 27 13 30 27 52 39 9 27 27 33 4 27 27 30 13 68 94 9 52 82 64 30 49 68 94 4 39 82 82 64
194 55 55 74 145 122 133 105 65 55 55 65 65 70 78 122 55 74 123 74 200 83 113 0 74 82 68 78 122 74 83 65 194 194 78 87 0 78 168 82 65 109 68 65 0 55 75 75 70 122 55 0 74 74 78 74 68 109 107 122 78 0 109 55 87 65 55 126 43 83 55 55 68 78 55 55 65 87 115 168 83 126 0 68 65 123 142 168 78 43 0 0 68
132 13 13 12 144 55 71 43 3 13 13 3 3 8 29 55 13 12 65 12 142 34 52 68 12 33 0 29 55 12 34 3 132 132 29 38 68 29 104 33 3 41 0 3 68 13 57 57 8 55 13 68 12 12 29 12 50 41 45 55 29 68 41 13 38 3 13 62 25 34 13 13 0 29 13 13 3 38 59 104 34 62 68 50 3 65 78 104 29 25 68 68 50
183 44 44 63 182 111 122 94 54 44 44 54 54 59 67 111 44 63 112 63 189 72 102 75 63 71 57 67 111 63 72 54 183 183 67 76 75 67 157 71 54 98 57 54 75 44 0 0 59 111 44 75 63 63 67 63 57 98 96 111 67 75 98 44 76 54 44 115 32 72 44 44 57 67 44 44 54 76 104 157 72 115 75 57 54 112 131 157 67 32 75 75 57
155 23 23 17 115 44 94 55 26 23 23 26 26 31 0 44 23 17 45 17 122 5 35 78 17 4 29 0 44 17 5 26 155 155 0 9 78 0 90 4 26 46 29 26 78 23 67 67 31 44 23 78 17 17 0 17 60 46 50 44 0 78 46 23 9 26 23 48 35 5 23 23 29 0 23 23 26 9 64 90 5 48 78 60 26 45 64 90 0 35 78 78 60
210 87 87 81 179 108 149 119 81 87 87 81 81 86 64 108 87 81 56 81 115 69 99 142 81 68 78 64 108 81 69 81 210 210 64 55 142 64 26 68 81 110 78 81 142 87 131 131 86 108 87 142 81 81 64 81 124 110 114 108 64 142 110 87 55 81 87 16 99 69 87 87 78 64 87 87 81 55 128 26 69 16 142 124 81 56 0 26 64 99 142 142 124
267 128 128 147 266 195 206 178 138 128 128 138 138 143 151 195 128 147 196 147 273 156 186 159 147 155 141 151 195 147 156 138 267 267 151 160 159 151 241 155 138 182 141 138 159 128 148 148 143 195 128 159 147 147 151 147 141 182 180 195 151 159 182 128 160 138 128 199 116 156 128 128 141 151 128 128 138 160 188 241 156 199 159 141 138 196 215 241 151 116 159 159 141
194 71 71 65 163 92 133 103 65 71 71 65 65 70 48 92 71 65 40 65 117 53 83 126 65 52 62 48 92 65 53 65 194 194 48 39 126 48 42 52 65 94 62 65 126 71 115 115 70 92 71 126 65 65 48 65 108 94 98 92 48 126 94 71 39 65 71 0 83 53 71 71 62 48 71 71 65 39 112 42 53 0 126 108 65 40 16 42 48 83 126 126 108
134 178 178 172 270 199 249 210 181 178 178 181 181 186 155 199 178 172 200 172 277 160 190 233 172 159 184 155 199 172 160 181 134 134 155 164 233 155 245 159 181 201 184 181 233 178 222 222 186 199 178 233 172 172 155 172 215 201 205 199 155 233 201 178 164 181 178 203 190 160 178 178 184 155 178 178 181 164 219 245 160 203 233 215 181 200 219 245 155 190 233 233 215
197 68 68 62 160 89 136 100 68 68 68 68 68 73 45 89 68 62 0 62 77 50 80 123 62 49 65 45 89 62 50 68 197 197 45 36 123 45 82 49 68 91 65 68 123 68 112 112 73 89 68 123 62 62 45 62 105 91 95 89 45 123 91 68 36 68 68 40 80 50 68 68 65 45 68 68 68 36 109 82 50 40 123 105 68 0 56 82 45 80 123 123 105
170 37 37 56 175 104 115 87 47 37 37 47 47 52 60 104 37 56 105 56 182 65 95 68 56 64 50 60 104 56 65 47 170 170 60 69 68 60 150 64 47 91 50 47 68 37 57 57 52 104 37 68 56 56 60 56 0 91 89 104 60 68 91 37 69 47 37 108 25 65 37 37 50 60 37 37 47 69 97 150 65 108 68 0 47 105 124 150 60 25 68 68 0
132 13 13 12 144 55 71 43 3 13 13 3 3 8 29 55 13 12 65 12 142 34 52 68 12 33 0 29 55 12 34 3 132 132 29 38 68 29 104 33 3 41 0 3 68 13 57 57 8 55 13 68 12 12 29 12 50 41 45 55 29 68 41 13 38 3 13 62 25 34 13 13 0 29 13 13 3 38 59 104 34 62 68 50 3 65 78 104 29 25 68 68 50
129 10 10 9 141 58 68 40 0 10 10 0 0 5 26 58 10 9 68 9 145 31 55 65 9 30 3 26 58 9 31 0 129 129 26 35 65 26 107 30 0 44 3 0 65 10 54 54 5 58 10 65 9 9 26 9 47 44 42 58 26 65 44 10 35 0 10 65 22 31 10 10 3 26 10 10 0 35 56 107 31 65 65 47 0 68 81 107 26 22 65 65 47
220 81 81 100 171 148 159 131 91 81 81 91 91 96 104 148 81 100 149 100 226 109 139 26 100 108 94 104 148 100 109 91 220 220 104 113 26 104 194 108 91 135 94 91 26 81 101 101 96 148 81 26 100 100 104 100 94 135 133 148 104 26 135 81 113 91 81 152 69 109 81 81 94 104 81 81 91 113 141 194 109 152 26 94 91 149 168 194 104 69 26 26 94
187 67 67 61 159 0 126 51 58 67 67 58 58 63 44 0 67 61 89 61 166 39 79 122 61 48 55 44 0 61 39 58 187 187 44 53 122 44 134 48 58 90 55 58 122 67 111 111 63 0 67 122 61 61 44 61 104 90 56 0 44 122 90 67 53 58 67 92 79 39 67 67 55 44 67 67 58 53 108 134 39 92 122 104 58 89 108 134 44 79 122 122 104
149 24 24 11 143 72 88 49 20 24 24 20 20 25 28 72 24 11 73 11 150 33 63 79 11 32 23 28 72 11 33 20 149 149 28 37 79 28 118 32 20 64 23 20 79 24 68 68 25 72 24 79 11 11 28 11 61 64 44 72 28 79 64 24 37 20 24 76 36 33 24 24 23 28 24 24 20 37 36 118 33 76 79 61 20 73 92 118 28 36 79 79 61
194 55 55 74 145 122 133 105 65 55 55 65 65 70 78 122 55 74 123 74 200 83 113 0 74 82 68 78 122 74 83 65 194 194 78 87 0 78 168 82 65 109 68 65 0 55 75 75 70 122 55 0 74 74 78 74 68 109 107 122 78 0 109 55 87 65 55 126 43 83 55 55 68 78 55 55 65 87 115 168 83 126 0 68 65 123 142 168 78 43 0 0 68
129 10 10 9 141 58 68 40 0 10 10 0 0 5 26 58 10 9 68 9 145 31 55 65 9 30 3 26 58 9 31 0 129 129 26 35 65 26 107 30 0 44 3 0 65 10 54 54 5 58 10 65 9 9 26 9 47 44 42 58 26 65 44 10 35 0 10 65 22 31 10 10 3 26 10 10 0 35 56 107 31 65 65 47 0 68 81 107 26 22 65 65 47
134 15 15 14 146 63 63 45 5 15 15 5 5 0 31 63 15 14 73 14 150 36 60 70 14 35 8 31 63 14 36 5 134 134 31 40 70 31 112 35 5 49 8 5 70 15 59 59 0 63 15 70 14 14 31 14 52 49 47 63 31 70 49 15 40 5 15 70 27 36 15 15 8 31 15 15 5 40 61 112 36 70 70 52 5 73 86 112 31 27 70 70 52
0 139 139 138 270 187 197 169 129 139 139 129 129 134 155 187 139 138 197 138 274 160 184 194 138 159 132 155 187 138 160 129 0 0 155 164 194 155 236 159 129 173 132 129 194 139 183 183 134 187 139 194 138 138 155 138 170 173 171 187 155 194 173 139 164 129 139 194 151 160 139 139 132 155 139 139 129 164 185 236 160 194 194 170 129 197 210 236 155 151 194 194 170
164 32 32 26 124 53 103 64 35 32 32 35 35 40 9 53 32 26 36 26 113 14 44 87 26 13 38 9 53 26 14 35 164 164 9 0 87 9 81 13 35 55 38 35 87 32 76 76 40 53 32 87 26 26 9 26 69 55 59 53 9 87 55 32 0 35 32 39 44 14 32 32 38 9 32 32 35 0 73 81 14 39 87 69 35 36 55 81 9 44 87 87 69
170 37 37 56 175 104 115 87 47 37 37 47 47 52 60 104 37 56 105 56 182 65 95 68 56 64 50 60 104 56 65 47 170 170 60 69 68 60 150 64 47 91 50 47 68 37 57 57 52 104 37 68 56 56 60 56 0 91 89 104 60 68 91 37 69 47 37 108 25 65 37 37 50 60 37 37 47 69 97 150 65 108 68 0 47 105 124 150 60 25 68 68 0
171 52 52 33 165 56 110 5 42 52 52 42 42 47 50 56 52 33 95 33 172 55 85 107 33 54 45 50 56 33 55 42 171 171 50 59 107 50 140 54 42 86 45 42 107 52 96 96 47 56 52 107 33 33 50 33 89 86 0 56 50 107 86 52 59 42 52 98 64 55 52 52 45 50 52 52 42 59 80 140 55 98 107 89 42 95 114 140 50 64 107 107 89
169 50 50 38 170 51 108 0 40 50 50 40 40 45 55 51 50 38 100 38 177 60 90 105 38 59 43 55 51 38 60 40 169 169 55 64 105 55 145 59 40 84 43 40 105 50 94 94 45 51 50 105 38 38 55 38 87 84 5 51 55 105 84 50 64 40 50 103 62 60 50 50 43 55 50 50 40 64 85 145 60 103 105 87 40 100 119 145 55 62 105 105 87
155 23 23 17 115 44 94 55 26 23 23 26 26 31 0 44 23 17 45 17 122 5 35 78 17 4 29 0 44 17 5 26 155 155 0 9 78 0 90 4 26 46 29 26 78 23 67 67 31 44 23 78 17 17 0 17 60 46 50 44 0 78 46 23 9 26 23 48 35 5 23 23 29 0 23 23 26 9 64 90 5 48 78 60 26 45 64 90 0 35 78 78 60
194 55 55 74 145 122 133 105 65 55 55 65 65 70 78 122 55 74 123 74 200 83 113 0 74 82 68 78 122 74 83 65 194 194 78 87 0 78 168 82 65 109 68 65 0 55 75 75 70 122 55 0 74 74 78 74 68 109 107 122 78 0 109 55 87 65 55 126 43 83 55 55 68 78 55 55 65 87 115 168 83 126 0 68 65 123 142 168 78 43 0 0 68
187 67 67 61 159 0 126 51 58 67 67 58 58 63 44 0 67 61 89 61 166 39 79 122 61 48 55 44 0 61 39 58 187 187 44 53 122 44 134 48 58 90 55 58 122 67 111 111 63 0 67 122 61 61 44 61 104 90 56 0 44 122 90 67 53 58 67 92 79 39 67 67 55 44 67 67 58 53 108 134 39 92 122 104 58 89 108 134 44 79 122 122 104
197 78 78 77 209 126 0 108 68 78 78 68 68 63 94 126 78 77 136 77 213 99 123 133 77 98 71 94 126 77 99 68 197 197 94 103 133 94 175 98 68 112 71 68 133 78 122 122 63 126 78 133 77 77 94 77 115 112 110 126 94 133 112 78 103 68 78 133 90 99 78 78 71 94 78 78 68 103 124 175 99 133 133 115 68 136 149 175 94 90 133 133 115
550 411 411 430 549 478 489 461 421 411 411 421 421 426 434 478 411 430 479 430 556 439 469 466 430 438 424 434 478 430 439 421 550 550 434 443 466 434 524 438 421 465 424 421 466 411 455 455 426 478 411 466 430 430 434 430 448 465 463 478 434 466 465 411 443 421 411 482 423 439 411 411 424 434 411 411 421 443 471 524 439 482 466 448 421 479 498 524 434 423 466 466 448
160 28 28 22 120 39 99 60 31 28 28 31 31 36 5 39 28 22 50 22 127 0 40 83 22 9 34 5 39 22 0 31 160 160 5 14 83 5 95 9 31 51 34 31 83 28 72 72 36 39 28 83 22 22 5 22 65 51 55 39 5 83 51 28 14 31 28 53 40 0 28 28 34 5 28 28 31 14 69 95 0 53 83 65 31 50 69 95 5 40 83 83 65
132 13 13 12 144 55 71 43 3 13 13 3 3 8 29 55 13 12 65 12 142 34 52 68 12 33 0 29 55 12 34 3 132 132 29 38 68 29 104 33 3 41 0 3 68 13 57 57 8 55 13 68 12 12 29 12 50 41 45 55 29 68 41 13 38 3 13 62 25 34 13 13 0 29 13 13 3 38 59 104 34 62 68 50 3 65 78 104 29 25 68 68 50
151 12 12 31 150 79 90 62 22 12 12 22 22 27 35 79 12 31 80 31 157 40 70 43 31 39 25 35 79 31 40 22 151 151 35 44 43 35 125 39 22 66 25 22 43 12 32 32 27 79 12 43 31 31 35 31 25 66 64 79 35 43 66 12 44 22 12 83 0 40 12 12 25 35 12 12 22 44 72 125 40 83 43 25 22 80 99 125 35 0 43 43 25
129 10 10 9 141 58 68 40 0 10 10 0 0 5 26 58 10 9 68 9 145 31 55 65 9 30 3 26 58 9 31 0 129 129 26 35 65 26 107 30 0 44 3 0 65 10 54 54 5 58 10 65 9 9 26 9 47 44 42 58 26 65 44 10 35 0 10 65 22 31 10 10 3 26 10 10 0 35 56 107 31 65 65 47 0 68 81 107 26 22 65 65 47
270 138 138 132 0 159 209 170 141 138 138 141 141 146 115 159 138 132 160 132 237 120 150 145 132 119 144 115 159 132 120 141 270 270 115 124 145 115 205 119 141 161 144 141 145 138 182 182 146 159 138 145 132 132 115 132 175 161 165 159 115 145 161 138 124 141 138 163 150 120 138 138 144 115 138 138 141 124 179 205 120 163 145 175 141 160 179 205 115 150 145 145 175
132 13 13 12 144 55 71 43 3 13 13 3 3 8 29 55 13 12 65 12 142 34 52 68 12 33 0 29 55 12 34 3 132 132 29 38 68 29 104 33 3 41 0 3 68 13 57 57 8 55 13 68 12 12 29 12 50 41 45 55 29 68 41 13 38 3 13 62 25 34 13 13 0 29 13 13 3 38 59 104 34 62 68 50 3 65 78 104 29 25 68 68 50
151 12 12 31 150 79 90 62 22 12 12 22 22 27 35 79 12 31 80 31 157 40 70 43 31 39 25 35 79 31 40 22 151 151 35 44 43 35 125 39 22 66 25 22 43 12 32 32 27 79 12 43 31 31 35 31 25 66 64 79 35 43 66 12 44 22 12 83 0 40 12 12 25 35 12 12 22 44 72 125 40 83 43 25 22 80 99 125 35 0 43 43 25
155 23 23 17 115 44 94 55 26 23 23 26 26 31 0 44 23 17 45 17 122 5 35 78 17 4 29 0 44 17 5 26 155 155 0 9 78 0 90 4 26 46 29 26 78 23 67 67 31 44 23 78 17 17 0 17 60 46 50 44 0 78 46 23 9 26 23 48 35 5 23 23 29 0 23 23 26 9 64 90 5 48 78 60 26 45 64 90 0 35 78 78 60
164 32 32 26 124 53 103 64 35 32 32 35 35 40 9 53 32 26 36 26 113 14 44 87 26 13 38 9 53 26 14 35 164 164 9 0 87 9 81 13 35 55 38 35 87 32 76 76 40 53 32 87 26 26 9 26 69 55 59 53 9 87 55 32 0 35 32 39 44 14 32 32 38 9 32 32 35 0 73 81 14 39 87 69 35 36 55 81 9 44 87 87 69
197 78 78 77 209 126 0 108 68 78 78 68 68 63 94 126 78 77 136 77 213 99 123 133 77 98 71 94 126 77 99 68 197 197 94 103 133 94 175 98 68 112 71 68 133 78 122 122 63 126 78 133 77 77 94 77 115 112 110 126 94 133 112 78 103 68 78 133 90 99 78 78 71 94 78 78 68 103 124 175 99 133 133 115 68 136 149 175 94 90 133 133 115
194 71 71 65 163 92 133 103 65 71 71 65 65 70 48 92 71 65 40 65 117 53 83 126 65 52 62 48 92 65 53 65 194 194 48 39 126 48 42 52 65 94 62 65 126 71 115 115 70 92 71 126 65 65 48 65 108 94 98 92 48 126 94 71 39 65 71 0 83 53 71 71 62 48 71 71 65 39 112 42 53 0 126 108 65 40 16 42 48 83 126 126 108
170 37 37 56 175 104 115 87 47 37 37 47 47 52 60 104 37 56 105 56 182 65 95 68 56 64 50 60 104 56 65 47 170 170 60 69 68 60 150 64 47 91 50 47 68 37 57 57 52 104 37 68 56 56 60 56 0 91 89 104 60 68 91 37 69 47 37 108 25 65 37 37 50 60 37 37 47 69 97 150 65 108 68 0 47 105 124 150 60 25 68 68 0
184 58 58 52 150 79 123 90 55 58 58 55 55 60 35 79 58 52 80 52 157 40 0 113 52 39 52 35 79 52 40 55 184 184 35 44 113 35 125 39 55 11 52 55 113 58 102 102 60 79 58 113 52 52 35 52 95 11 85 79 35 113 11 58 44 55 58 83 70 40 58 58 52 35 58 58 55 44 99 125 40 83 113 95 55 80 99 125 35 70 113 113 95
132 13 13 12 144 55 71 43 3 13 13 3 3 8 29 55 13 12 65 12 142 34 52 68 12 33 0 29 55 12 34 3 132 132 29 38 68 29 104 33 3 41 0 3 68 13 57 57 8 55 13 68 12 12 29 12 50 41 45 55 29 68 41 13 38 3 13 62 25 34 13 13 0 29 13 13 3 38 59 104 34 62 68 50 3 65 78 104 29 25 68 68 50
151 12 12 31 150 79 90 62 22 12 12 22 22 27 35 79 12 31 80 31 157 40 70 43 31 39 25 35 79 31 40 22 151 151 35 44 43 35 125 39 22 66 25 22 43 12 32 32 27 79 12 43 31 31 35 31 25 66 64 79 35 43 66 12 44 22 12 83 0 40 12 12 25 35 12 12 22 44 72 125 40 83 43 25 22 80 99 125 35 0 43 43 25
173 54 54 53 161 90 112 84 44 54 54 44 44 49 46 90 54 53 91 53 168 51 11 109 53 50 41 46 90 53 51 44 173 173 46 55 109 46 136 50 44 0 41 44 109 54 98 98 49 90 54 109 53 53 46 53 91 0 86 90 46 109 0 54 55 44 54 94 66 51 54 54 41 46 54 54 44 55 100 136 51 94 109 91 44 91 110 136 46 66 109 109 91
151 12 12 31 150 79 90 62 22 12 12 22 22 27 35 79 12 31 80 31 157 40 70 43 31 39 25 35 79 31 40 22 151 151 35 44 43 35 125 39 22 66 25 22 43 12 32 32 27 79 12 43 31 31 35 31 25 66 64 79 35 43 66 12 44 22 12 83 0 40 12 12 25 35 12 12 22 44 72 125 40 83 43 25 22 80 99 125 35 0 43 43 25
151 12 12 31 150 79 90 62 22 12 12 22 22 27 35 79 12 31 80 31 157 40 70 43 31 39 25 35 79 31 40 22 151 151 35 44 43 35 125 39 22 66 25 22 43 12 32 32 27 79 12 43 31 31 35 31 25 66 64 79 35 43 66 12 44 22 12 83 0 40 12 12 25 35 12 12 22 44 72 125 40 83 43 25 22 80 99 125 35 0 43 43 25
139 0 0 19 138 67 78 50 10 0 0 10 10 15 23 67 0 19 68 19 145 28 58 55 19 27 13 23 67 19 28 10 139 139 23 32 55 23 113 27 10 54 13 10 55 0 44 44 15 67 0 55 19 19 23 19 37 54 52 67 23 55 54 0 32 10 0 71 12 28 0 0 13 23 0 0 10 32 60 113 28 71 55 37 10 68 87 113 23 12 55 55 37
270 138 138 132 0 159 209 170 141 138 138 141 141 146 115 159 138 132 160 132 237 120 150 145 132 119 144 115 159 132 120 141 270 270 115 124 145 115 205 119 141 161 144 141 145 138 182 182 146 159 138 145 132 132 115 132 175 161 165 159 115 145 161 138 124 141 138 163 150 120 138 138 144 115 138 138 141 124 179 205 120 163 145 175 141 160 179 205 115 150 145 145 175
197 78 78 77 209 126 0 108 68 78 78 68 68 63 94 126 78 77 136 77 213 99 123 133 77 98 71 94 126 77 99 68 197 197 94 103 133 94 175 98 68 112 71 68 133 78 122 122 63 126 78 133 77 77 94 77 115 112 110 126 94 133 112 78 103 68 78 133 90 99 78 78 71 94 78 78 68 103 124 175 99 133 133 115 68 136 149 175 94 90 133 133 115
293 154 154 173 292 221 232 204 164 154 154 164 164 169 177 221 154 173 222 173 299 182 212 209 173 181 167 177 221 173 182 164 293 293 177 186 209 177 267 181 164 208 167 164 209 154 198 198 169 221 154 209 173 173 177 173 191 208 206 221 177 209 208 154 186 164 154 225 166 182 154 154 167 177 154 154 164 186 214 267 182 225 209 191 164 222 241 267 177 166 209 209 191
185 60 60 47 179 108 124 85 56 60 60 56 56 61 64 108 60 47 109 47 186 69 99 115 47 68 59 64 108 47 69 56 185 185 64 73 115 64 154 68 56 100 59 56 115 60 104 104 61 108 60 115 47 47 64 47 97 100 80 108 64 115 100 60 73 56 60 112 72 69 60 60 59 64 60 60 56 73 0 154 69 112 115 97 56 109 128 154 64 72 115 115 97
274 145 145 139 237 166 213 177 145 145 145 145 145 150 122 166 145 139 77 139 0 127 157 200 139 126 142 122 166 139 127 145 274 274 122 113 200 122 141 126 145 168 142 145 200 145 189 189 150 166 145 200 139 139 122 139 182 168 172 166 122 200 168 145 113 145 145 117 157 127 145 145 142 122 145 145 145 113 186 141 127 117 200 182 145 77 115 141 122 157 200 200 182
138 19 19 0 132 61 77 38 9 19 19 9 9 14 17 61 19 0 62 0 139 22 52 74 0 21 12 17 61 0 22 9 138 138 17 26 74 17 107 21 9 53 12 9 74 19 63 63 14 61 19 74 0 0 17 0 56 53 33 61 17 74 53 19 26 9 19 65 31 22 19 19 12 17 19 19 9 26 47 107 22 65 74 56 9 62 81 107 17 31 74 74 56
236 113 113 107 205 134 175 145 107 113 113 107 107 112 90 134 113 107 82 107 141 95 125 168 107 94 104 90 134 107 95 107 236 236 90 81 168 90 0 94 107 136 104 107 168 113 157 157 112 134 113 168 107 107 90 107 150 136 140 134 90 168 136 113 81 107 113 42 125 95 113 113 104 90 113 113 107 81 154 0 95 42 168 150 107 82 26 0 90 125 168 168 150
