53 76 15
36 22 1 20 140 29 15 24 0 22 14 1 36 25 20 20 22 1 216 25 45 5 14 1 36 49 22 43 22 0 115 25 22 1 36 20 43 80 67 43 1 115 115 20 14 24 157 5 24 20 1 24 29 69 36 29 36 22 36 69 1 109 5 36 115 115 22 1 25 203 36 29 36 25 45 29
87 114 91 103 230 121 105 116 92 114 104 91 87 115 103 103 114 91 267 115 96 95 104 91 87 139 114 94 114 92 205 115 112 91 87 103 94 172 157 94 91 205 205 103 104 116 247 95 116 103 91 116 121 159 87 121 87 114 87 159 91 160 95 87 205 205 114 91 115 293 87 121 87 115 96 121
35 23 0 19 139 30 14 25 1 23 13 0 35 24 19 19 23 0 215 24 44 4 13 0 35 48 23 42 23 1 114 24 21 0 35 19 42 81 66 42 0 114 114 19 13 25 156 4 25 19 0 25 30 68 35 30 35 23 35 68 0 108 4 35 114 114 23 0 24 202 35 30 35 24 44 30
36 22 1 20 140 29 15 24 0 22 14 1 36 25 20 20 22 1 216 25 45 5 14 1 36 49 22 43 22 0 115 25 22 1 36 20 43 80 67 43 1 115 115 20 14 24 157 5 24 20 1 24 29 69 36 29 36 22 36 69 1 109 5 36 115 115 22 1 25 203 36 29 36 25 45 29
32 27 4 23 135 34 10 29 5 27 9 4 32 20 23 23 27 4 212 20 41 0 9 4 32 44 27 39 27 5 110 20 17 4 32 23 39 85 62 39 4 110 110 23 9 29 152 0 29 23 4 29 34 64 32 34 32 27 32 64 4 105 0 32 110 110 27 4 20 198 32 34 32 20 41 34
86 89 66 85 197 96 72 91 67 89 53 66 86 82 85 85 89 66 266 82 95 62 53 66 86 106 89 79 89 67 172 82 79 66 86 85 79 147 0 79 66 172 172 85 53 91 214 62 91 85 66 91 96 126 86 96 86 89 86 126 66 159 62 86 172 172 89 66 82 260 86 96 86 82 95 96
16 42 19 0 158 49 33 44 20 42 32 19 16 43 0 0 42 19 196 43 25 23 32 19 16 67 42 23 42 20 133 43 40 19 16 0 23 100 85 23 19 133 133 0 32 44 175 23 44 0 19 44 49 87 16 49 16 42 16 87 19 89 23 16 133 133 42 19 43 221 16 49 16 43 25 49
32 47 24 43 155 54 10 49 25 47 29 24 32 0 43 43 47 24 212 0 41 20 29 24 32 64 47 39 47 25 130 0 37 24 32 43 39 105 82 39 24 130 130 43 29 49 132 20 49 43 24 49 54 44 32 54 32 47 32 44 24 105 20 32 130 130 47 24 0 218 32 54 32 0 41 54
36 22 1 20 140 29 15 24 0 22 14 1 36 25 20 20 22 1 216 25 45 5 14 1 36 49 22 43 22 0 115 25 22 1 36 20 43 80 67 43 1 115 115 20 14 24 157 5 24 20 1 24 29 69 36 29 36 22 36 69 1 109 5 36 115 115 22 1 25 203 36 29 36 25 45 29
32 27 4 23 135 34 10 29 5 27 9 4 32 20 23 23 27 4 212 20 41 0 9 4 32 44 27 39 27 5 110 20 17 4 32 23 39 85 62 39 4 110 110 23 9 29 152 0 29 23 4 29 34 64 32 34 32 27 32 64 4 105 0 32 110 110 27 4 20 198 32 34 32 20 41 34
0 58 35 16 158 65 22 60 36 58 41 35 0 32 16 16 58 35 180 32 9 32 41 35 0 67 58 7 58 36 133 32 40 35 0 16 7 116 86 7 35 133 133 16 41 60 164 32 60 16 35 60 65 76 0 65 0 58 0 76 35 73 32 0 133 133 58 35 32 230 0 65 0 32 9 65
35 23 0 19 139 30 14 25 1 23 13 0 35 24 19 19 23 0 215 24 44 4 13 0 35 48 23 42 23 1 114 24 21 0 35 19 42 81 66 42 0 114 114 19 13 25 156 4 25 19 0 25 30 68 35 30 35 23 35 68 0 108 4 35 114 114 23 0 24 202 35 30 35 24 44 30
86 89 66 85 197 96 72 91 67 89 53 66 86 82 85 85 89 66 266 82 95 62 53 66 86 106 89 79 89 67 172 82 79 66 86 85 79 147 0 79 66 172 172 85 53 91 214 62 91 85 66 91 96 126 86 96 86 89 86 126 66 159 62 86 172 172 89 66 82 260 86 96 86 82 95 96
16 42 19 0 158 49 33 44 20 42 32 19 16 43 0 0 42 19 196 43 25 23 32 19 16 67 42 23 42 20 133 43 40 19 16 0 23 100 85 23 19 133 133 0 32 44 175 23 44 0 19 44 49 87 16 49 16 42 16 87 19 89 23 16 133 133 42 19 43 221 16 49 16 43 25 49
32 27 4 23 135 34 10 29 5 27 9 4 32 20 23 23 27 4 212 20 41 0 9 4 32 44 27 39 27 5 110 20 17 4 32 23 39 85 62 39 4 110 110 23 9 29 152 0 29 23 4 29 34 64 32 34 32 27 32 64 4 105 0 32 110 110 27 4 20 198 32 34 32 20 41 34
9 67 44 25 167 74 31 69 45 67 50 44 9 41 25 25 67 44 189 41 0 41 50 44 9 76 67 16 67 45 142 41 49 44 9 25 16 125 95 16 44 142 142 25 50 69 173 41 69 25 44 69 74 85 9 74 9 67 9 85 44 82 41 9 142 142 67 44 41 239 9 74 9 41 0 74
279 267 244 263 383 274 258 269 245 267 257 244 279 268 263 263 267 244 459 268 288 248 257 244 279 292 267 286 267 245 358 268 265 244 279 263 286 325 310 286 244 358 358 263 257 269 400 248 269 263 244 269 274 312 279 274 279 267 279 312 244 352 248 279 358 358 267 244 268 446 279 274 279 268 288 274
40 44 21 40 118 51 27 46 22 44 26 21 40 37 40 40 44 21 220 37 49 17 26 21 40 27 44 33 44 22 93 37 0 21 40 40 33 102 79 33 21 93 93 40 26 46 169 17 46 40 21 46 51 81 40 51 40 44 40 81 21 113 17 40 93 93 44 21 37 215 40 51 40 37 49 51
112 127 104 123 235 134 90 129 105 127 109 104 112 100 123 123 127 104 292 100 121 100 109 104 112 144 127 119 127 105 210 100 117 104 112 123 119 185 162 119 104 210 210 123 109 129 232 100 129 123 104 129 134 144 112 134 112 127 112 144 104 185 100 112 210 210 127 104 100 298 112 134 112 100 121 134
32 47 24 43 155 54 10 49 25 47 29 24 32 0 43 43 47 24 212 0 41 20 29 24 32 64 47 39 47 25 130 0 37 24 32 43 39 105 82 39 24 130 130 43 29 49 132 20 49 43 24 49 54 44 32 54 32 47 32 44 24 105 20 32 130 130 47 24 0 218 32 54 32 0 41 54
60 46 25 44 164 53 39 0 24 46 38 25 60 49 44 44 46 25 240 49 69 29 38 25 60 73 46 67 46 24 139 49 46 25 60 44 67 56 91 67 25 139 139 44 38 0 181 29 0 44 25 0 53 93 60 53 60 46 60 93 25 133 29 60 139 139 46 25 49 227 60 53 60 49 69 53
32 27 4 23 135 34 10 29 5 27 9 4 32 20 23 23 27 4 212 20 41 0 9 4 32 44 27 39 27 5 110 20 17 4 32 23 39 85 62 39 4 110 110 23 9 29 152 0 29 23 4 29 34 64 32 34 32 27 32 64 4 105 0 32 110 110 27 4 20 198 32 34 32 20 41 34
73 131 108 89 231 138 95 133 109 131 114 108 73 105 89 89 131 108 253 105 82 105 114 108 73 140 131 80 131 109 206 105 113 108 73 89 80 189 159 80 108 206 206 89 114 133 237 105 133 89 108 133 138 149 73 138 73 131 73 149 108 0 105 73 206 206 131 108 105 303 73 138 73 105 82 138
133 137 114 133 25 144 120 139 115 137 119 114 133 130 133 133 137 114 313 130 142 110 119 114 133 120 137 126 137 115 0 130 93 114 133 133 126 195 172 126 114 0 0 133 119 139 262 110 139 133 114 139 144 174 133 144 133 137 133 174 114 206 110 133 0 0 137 114 130 308 133 144 133 130 142 144
41 36 13 32 144 43 19 38 14 36 0 13 41 29 32 32 36 13 221 29 50 9 0 13 41 53 36 48 36 14 119 29 26 13 41 32 48 94 53 48 13 119 119 32 0 38 161 9 38 32 13 38 43 73 41 43 41 36 41 73 13 114 9 41 119 119 36 13 29 207 41 43 41 29 50 43
116 102 81 100 220 109 95 56 80 102 94 81 116 105 100 100 102 81 296 105 125 85 94 81 116 129 102 123 102 80 195 105 102 81 116 100 123 0 147 123 81 195 195 100 94 56 237 85 56 100 81 56 109 149 116 109 116 102 116 149 81 189 85 116 195 195 102 81 105 283 116 109 116 105 125 109
164 179 156 175 287 186 142 181 157 179 161 156 164 132 175 175 179 156 344 132 173 152 161 156 164 196 179 171 179 157 262 132 169 156 164 175 171 237 214 171 156 262 262 175 161 181 0 152 181 175 156 181 186 176 164 186 164 179 164 176 156 237 152 164 262 262 179 156 132 350 164 186 164 132 173 186
40 44 21 40 118 51 27 46 22 44 26 21 40 37 40 40 44 21 220 37 49 17 26 21 40 27 44 33 44 22 93 37 0 21 40 40 33 102 79 33 21 93 93 40 26 46 169 17 46 40 21 46 51 81 40 51 40 44 40 81 21 113 17 40 93 93 44 21 37 215 40 51 40 37 49 51
76 91 68 87 199 98 54 93 69 91 73 68 76 44 87 87 91 68 256 44 85 64 73 68 76 108 91 83 91 69 174 44 81 68 76 87 83 149 126 83 68 174 174 87 73 93 176 64 93 87 68 93 98 0 76 98 76 91 76 0 68 149 64 76 174 174 91 68 44 262 76 98 76 44 85 98
16 42 19 0 158 49 33 44 20 42 32 19 16 43 0 0 42 19 196 43 25 23 32 19 16 67 42 23 42 20 133 43 40 19 16 0 23 100 85 23 19 133 133 0 32 44 175 23 44 0 19 44 49 87 16 49 16 42 16 87 19 89 23 16 133 133 42 19 43 221 16 49 16 43 25 49
32 27 4 23 135 34 10 29 5 27 9 4 32 20 23 23 27 4 212 20 41 0 9 4 32 44 27 39 27 5 110 20 17 4 32 23 39 85 62 39 4 110 110 23 9 29 152 0 29 23 4 29 34 64 32 34 32 27 32 64 4 105 0 32 110 110 27 4 20 198 32 34 32 20 41 34
35 23 0 19 139 30 14 25 1 23 13 0 35 24 19 19 23 0 215 24 44 4 13 0 35 48 23 42 23 1 114 24 21 0 35 19 42 81 66 42 0 114 114 19 13 25 156 4 25 19 0 25 30 68 35 30 35 23 35 68 0 108 4 35 114 114 23 0 24 202 35 30 35 24 44 30
73 131 108 89 231 138 95 133 109 131 114 108 73 105 89 89 131 108 253 105 82 105 114 108 73 140 131 80 131 109 206 105 113 108 73 89 80 189 159 80 108 206 206 89 114 133 237 105 133 89 108 133 138 149 73 138 73 131 73 149 108 0 105 73 206 206 131 108 105 303 73 138 73 105 82 138
86 89 66 85 197 96 72 91 67 89 53 66 86 82 85 85 89 66 266 82 95 62 53 66 86 106 89 79 89 67 172 82 79 66 86 85 79 147 0 79 66 172 172 85 53 91 214 62 91 85 66 91 96 126 86 96 86 89 86 126 66 159 62 86 172 172 89 66 82 260 86 96 86 82 95 96
180 238 215 196 338 245 202 240 216 238 221 215 180 212 196 196 238 215 0 212 189 212 221 215 180 247 238 187 238 216 313 212 220 215 180 196 187 296 266 187 215 313 313 196 221 240 344 212 240 196 215 240 245 256 180 245 180 238 180 256 215 253 212 180 313 313 238 215 212 410 180 245 180 212 189 245
58 0 23 42 162 7 37 46 22 0 36 23 58 47 42 42 0 23 238 47 67 27 36 23 58 71 0 65 0 22 137 47 44 23 58 42 65 102 89 65 23 137 137 42 36 46 179 27 46 42 23 46 7 91 58 7 58 0 58 91 23 131 27 58 137 137 0 23 47 225 58 7 58 47 67 7
158 162 139 158 0 169 145 164 140 162 144 139 158 155 158 158 162 139 338 155 167 135 144 139 158 145 162 151 162 140 25 155 118 139 158 158 151 220 197 151 139 25 25 158 144 164 287 135 164 158 139 164 169 199 158 169 158 162 158 199 139 231 135 158 25 25 162 139 155 333 158 169 158 155 167 169
158 162 139 158 0 169 145 164 140 162 144 139 158 155 158 158 162 139 338 155 167 135 144 139 158 145 162 151 162 140 25 155 118 139 158 158 151 220 197 151 139 25 25 158 144 164 287 135 164 158 139 164 169 199 158 169 158 162 158 199 139 231 135 158 25 25 162 139 155 333 158 169 158 155 167 169
116 102 81 100 220 109 95 56 80 102 94 81 116 105 100 100 102 81 296 105 125 85 94 81 116 129 102 123 102 80 195 105 102 81 116 100 123 0 147 123 81 195 195 100 94 56 237 85 56 100 81 56 109 149 116 109 116 102 116 149 81 189 85 116 195 195 102 81 105 283 116 109 116 105 125 109
158 162 139 158 0 169 145 164 140 162 144 139 158 155 158 158 162 139 338 155 167 135 144 139 158 145 162 151 162 140 25 155 118 139 158 158 151 220 197 151 139 25 25 158 144 164 287 135 164 158 139 164 169 199 158 169 158 162 158 199 139 231 135 158 25 25 162 139 155 333 158 169 158 155 167 169
35 23 0 19 139 30 14 25 1 23 13 0 35 24 19 19 23 0 215 24 44 4 13 0 35 48 23 42 23 1 114 24 21 0 35 19 42 81 66 42 0 114 114 19 13 25 156 4 25 19 0 25 30 68 35 30 35 23 35 68 0 108 4 35 114 114 23 0 24 202 35 30 35 24 44 30
22 37 14 33 145 44 0 39 15 37 19 14 22 10 33 33 37 14 202 10 31 10 19 14 22 54 37 29 37 15 120 10 27 14 22 33 29 95 72 29 14 120 120 33 19 39 142 10 39 33 14 39 44 54 22 44 22 37 22 54 14 95 10 22 120 120 37 14 10 208 22 44 22 10 31 44
86 89 66 85 197 96 72 91 67 89 53 66 86 82 85 85 89 66 266 82 95 62 53 66 86 106 89 79 89 67 172 82 79 66 86 85 79 147 0 79 66 172 172 85 53 91 214 62 91 85 66 91 96 126 86 96 86 89 86 126 66 159 62 86 172 172 89 66 82 260 86 96 86 82 95 96
22 37 14 33 145 44 0 39 15 37 19 14 22 10 33 33 37 14 202 10 31 10 19 14 22 54 37 29 37 15 120 10 27 14 22 33 29 95 72 29 14 120 120 33 19 39 142 10 39 33 14 39 44 54 22 44 22 37 22 54 14 95 10 22 120 120 37 14 10 208 22 44 22 10 31 44
7 65 42 23 151 72 29 67 43 65 48 42 7 39 23 23 65 42 187 39 16 39 48 42 7 60 65 0 65 43 126 39 33 42 7 23 0 123 79 0 42 126 126 23 48 67 171 39 67 23 42 67 72 83 7 72 7 65 7 83 42 80 39 7 126 126 65 42 39 237 7 72 7 39 16 72
230 225 202 221 333 232 208 227 203 225 207 202 230 218 221 221 225 202 410 218 239 198 207 202 230 242 225 237 225 203 308 218 215 202 230 221 237 283 260 237 202 308 308 221 207 227 350 198 227 221 202 227 232 262 230 232 230 225 230 262 202 303 198 230 308 308 225 202 218 0 230 232 230 218 239 232
73 131 108 89 231 138 95 133 109 131 114 108 73 105 89 89 131 108 253 105 82 105 114 108 73 140 131 80 131 109 206 105 113 108 73 89 80 189 159 80 108 206 206 89 114 133 237 105 133 89 108 133 138 149 73 138 73 131 73 149 108 0 105 73 206 206 131 108 105 303 73 138 73 105 82 138
36 22 1 20 140 29 15 24 0 22 14 1 36 25 20 20 22 1 216 25 45 5 14 1 36 49 22 43 22 0 115 25 22 1 36 20 43 80 67 43 1 115 115 20 14 24 157 5 24 20 1 24 29 69 36 29 36 22 36 69 1 109 5 36 115 115 22 1 25 203 36 29 36 25 45 29
58 0 23 42 162 7 37 46 22 0 36 23 58 47 42 42 0 23 238 47 67 27 36 23 58 71 0 65 0 22 137 47 44 23 58 42 65 102 89 65 23 137 137 42 36 46 179 27 46 42 23 46 7 91 58 7 58 0 58 91 23 131 27 58 137 137 0 23 47 225 58 7 58 47 67 7
158 162 139 158 0 169 145 164 140 162 144 139 158 155 158 158 162 139 338 155 167 135 144 139 158 145 162 151 162 140 25 155 118 139 158 158 151 220 197 151 139 25 25 158 144 164 287 135 164 158 139 164 169 199 158 169 158 162 158 199 139 231 135 158 25 25 162 139 155 333 158 169 158 155 167 169
86 89 66 85 197 96 72 91 67 89 53 66 86 82 85 85 89 66 266 82 95 62 53 66 86 106 89 79 89 67 172 82 79 66 86 85 79 147 0 79 66 172 172 85 53 91 214 62 91 85 66 91 96 126 86 96 86 89 86 126 66 159 62 86 172 172 89 66 82 260 86 96 86 82 95 96
67 71 48 67 145 78 54 73 49 71 53 48 67 64 67 67 71 48 247 64 76 44 53 48 67 0 71 60 71 49 120 64 27 48 67 67 60 129 106 60 48 120 120 67 53 73 196 44 73 67 48 73 78 108 67 78 67 71 67 108 48 140 44 67 120 120 71 48 64 242 67 78 67 64 76 78
65 7 30 49 169 0 44 53 29 7 43 30 65 54 49 49 7 30 245 54 74 34 43 30 65 78 7 72 7 29 144 54 51 30 65 49 72 109 96 72 30 144 144 49 43 53 186 34 53 49 30 53 0 98 65 0 65 7 65 98 30 138 34 65 144 144 7 30 54 232 65 0 65 54 74 0
