74 56 15
0 0 53 74 63 32 55 32 32 8 32 45 53 0 63 74 32 32 8 63 32 32 32 32 32 32 53 53 53 53 0 32 32 63 59 55 79 32 57 74 0 32 74 32 76 55 55 32 55 79 76 0 76 55 74 222
45 45 8 45 34 13 36 65 13 37 13 0 8 45 44 45 13 13 37 44 13 13 65 13 13 65 8 8 8 8 45 13 65 44 40 36 60 13 38 45 45 13 45 13 111 36 36 13 36 60 111 45 111 36 45 251
55 55 44 65 54 23 0 75 23 47 23 36 44 55 43 65 23 23 47 43 23 23 75 23 23 75 44 44 44 44 55 23 75 43 4 0 70 23 48 65 55 23 65 23 121 0 0 23 0 70 121 55 121 0 65 261
222 222 259 280 269 238 261 254 238 214 238 251 259 222 269 280 238 238 214 269 238 238 254 238 238 254 259 259 259 259 222 238 254 269 265 261 285 238 263 280 222 238 280 238 298 261 261 238 261 285 298 222 298 261 280 0
53 53 0 37 26 21 44 73 21 45 21 8 0 53 52 37 21 21 45 52 21 21 73 21 21 73 0 0 0 0 53 21 73 52 48 44 68 21 46 37 53 21 37 21 119 44 44 21 44 68 119 53 119 44 37 259
59 59 48 69 58 27 4 79 27 51 27 40 48 59 47 69 27 27 51 47 27 27 79 27 27 79 48 48 48 48 59 27 79 47 0 4 74 27 52 69 59 27 69 27 125 4 4 27 4 74 125 59 125 4 69 265
0 0 53 74 63 32 55 32 32 8 32 45 53 0 63 74 32 32 8 63 32 32 32 32 32 32 53 53 53 53 0 32 32 63 59 55 79 32 57 74 0 32 74 32 76 55 55 32 55 79 76 0 76 55 74 222
32 32 73 94 83 52 75 0 52 40 52 65 73 32 83 94 52 52 40 83 52 52 0 52 52 0 73 73 73 73 32 52 0 83 79 75 99 52 77 94 32 52 94 52 101 75 75 52 75 99 101 32 101 75 94 254
57 57 46 67 56 25 48 77 25 49 25 38 46 57 56 67 25 25 49 56 25 25 77 25 25 77 46 46 46 46 57 25 77 56 52 48 72 25 0 67 57 25 67 25 123 48 48 25 48 72 123 57 123 48 67 263
63 63 26 11 0 31 54 83 31 55 31 34 26 63 62 11 31 31 55 62 31 31 83 31 31 83 26 26 26 26 63 31 83 62 58 54 78 31 56 11 63 31 11 31 97 54 54 31 54 78 97 63 97 54 11 269
55 55 44 65 54 23 0 75 23 47 23 36 44 55 43 65 23 23 47 43 23 23 75 23 23 75 44 44 44 44 55 23 75 43 4 0 70 23 48 65 55 23 65 23 121 0 0 23 0 70 121 55 121 0 65 261
57 57 46 67 56 25 48 77 25 49 25 38 46 57 56 67 25 25 49 56 25 25 77 25 25 77 46 46 46 46 57 25 77 56 52 48 72 25 0 67 57 25 67 25 123 48 48 25 48 72 123 57 123 48 67 263
57 57 46 67 56 25 48 77 25 49 25 38 46 57 56 67 25 25 49 56 25 25 77 25 25 77 46 46 46 46 57 25 77 56 52 48 72 25 0 67 57 25 67 25 123 48 48 25 48 72 123 57 123 48 67 263
55 55 44 65 54 23 0 75 23 47 23 36 44 55 43 65 23 23 47 43 23 23 75 23 23 75 44 44 44 44 55 23 75 43 4 0 70 23 48 65 55 23 65 23 121 0 0 23 0 70 121 55 121 0 65 261
0 0 53 74 63 32 55 32 32 8 32 45 53 0 63 74 32 32 8 63 32 32 32 32 32 32 53 53 53 53 0 32 32 63 59 55 79 32 57 74 0 32 74 32 76 55 55 32 55 79 76 0 76 55 74 222
0 0 53 74 63 32 55 32 32 8 32 45 53 0 63 74 32 32 8 63 32 32 32 32 32 32 53 53 53 53 0 32 32 63 59 55 79 32 57 74 0 32 74 32 76 55 55 32 55 79 76 0 76 55 74 222
79 79 68 89 78 47 70 99 47 71 47 60 68 79 78 89 47 47 71 78 47 47 99 47 47 99 68 68 68 68 79 47 99 78 74 70 0 47 72 89 79 47 89 47 51 70 70 47 70 0 51 79 51 70 89 285
59 59 48 69 58 27 4 79 27 51 27 40 48 59 47 69 27 27 51 47 27 27 79 27 27 79 48 48 48 48 59 27 79 47 0 4 74 27 52 69 59 27 69 27 125 4 4 27 4 74 125 59 125 4 69 265
32 32 21 42 31 0 23 52 0 24 0 13 21 32 31 42 0 0 24 31 0 0 52 0 0 52 21 21 21 21 32 0 52 31 27 23 47 0 25 42 32 0 42 0 98 23 23 0 23 47 98 32 98 23 42 238
57 57 46 67 56 25 48 77 25 49 25 38 46 57 56 67 25 25 49 56 25 25 77 25 25 77 46 46 46 46 57 25 77 56 52 48 72 25 0 67 57 25 67 25 123 48 48 25 48 72 123 57 123 48 67 263
8 8 45 66 55 24 47 40 24 0 24 37 45 8 55 66 24 24 0 55 24 24 40 24 24 40 45 45 45 45 8 24 40 55 51 47 71 24 49 66 8 24 66 24 84 47 47 24 47 71 84 8 84 47 66 214
0 0 53 74 63 32 55 32 32 8 32 45 53 0 63 74 32 32 8 63 32 32 32 32 32 32 53 53 53 53 0 32 32 63 59 55 79 32 57 74 0 32 74 32 76 55 55 32 55 79 76 0 76 55 74 222
57 57 46 67 56 25 48 77 25 49 25 38 46 57 56 67 25 25 49 56 25 25 77 25 25 77 46 46 46 46 57 25 77 56 52 48 72 25 0 67 57 25 67 25 123 48 48 25 48 72 123 57 123 48 67 263
76 76 119 86 97 98 121 101 98 84 98 111 119 76 129 86 98 98 84 129 98 98 101 98 98 101 119 119 119 119 76 98 101 129 125 121 51 98 123 86 76 98 86 98 0 121 121 98 121 51 0 76 0 121 86 298
8 8 45 66 55 24 47 40 24 0 24 37 45 8 55 66 24 24 0 55 24 24 40 24 24 40 45 45 45 45 8 24 40 55 51 47 71 24 49 66 8 24 66 24 84 47 47 24 47 71 84 8 84 47 66 214
53 53 0 37 26 21 44 73 21 45 21 8 0 53 52 37 21 21 45 52 21 21 73 21 21 73 0 0 0 0 53 21 73 52 48 44 68 21 46 37 53 21 37 21 119 44 44 21 44 68 119 53 119 44 37 259
45 45 8 45 34 13 36 65 13 37 13 0 8 45 44 45 13 13 37 44 13 13 65 13 13 65 8 8 8 8 45 13 65 44 40 36 60 13 38 45 45 13 45 13 111 36 36 13 36 60 111 45 111 36 45 251
76 76 119 86 97 98 121 101 98 84 98 111 119 76 129 86 98 98 84 129 98 98 101 98 98 101 119 119 119 119 76 98 101 129 125 121 51 98 123 86 76 98 86 98 0 121 121 98 121 51 0 76 0 121 86 298
0 0 53 74 63 32 55 32 32 8 32 45 53 0 63 74 32 32 8 63 32 32 32 32 32 32 53 53 53 53 0 32 32 63 59 55 79 32 57 74 0 32 74 32 76 55 55 32 55 79 76 0 76 55 74 222
74 74 37 0 11 42 65 94 42 66 42 45 37 74 73 0 42 42 66 73 42 42 94 42 42 94 37 37 37 37 74 42 94 73 69 65 89 42 67 0 74 42 0 42 86 65 65 42 65 89 86 74 86 65 0 280
8 8 45 66 55 24 47 40 24 0 24 37 45 8 55 66 24 24 0 55 24 24 40 24 24 40 45 45 45 45 8 24 40 55 51 47 71 24 49 66 8 24 66 24 84 47 47 24 47 71 84 8 84 47 66 214
32 32 21 42 31 0 23 52 0 24 0 13 21 32 31 42 0 0 24 31 0 0 52 0 0 52 21 21 21 21 32 0 52 31 27 23 47 0 25 42 32 0 42 0 98 23 23 0 23 47 98 32 98 23 42 238
53 53 0 37 26 21 44 73 21 45 21 8 0 53 52 37 21 21 45 52 21 21 73 21 21 73 0 0 0 0 53 21 73 52 48 44 68 21 46 37 53 21 37 21 119 44 44 21 44 68 119 53 119 44 37 259
55 55 44 65 54 23 0 75 23 47 23 36 44 55 43 65 23 23 47 43 23 23 75 23 23 75 44 44 44 44 55 23 75 43 4 0 70 23 48 65 55 23 65 23 121 0 0 23 0 70 121 55 121 0 65 261
74 74 37 0 11 42 65 94 42 66 42 45 37 74 73 0 42 42 66 73 42 42 94 42 42 94 37 37 37 37 74 42 94 73 69 65 89 42 67 0 74 42 0 42 86 65 65 42 65 89 86 74 86 65 0 280
53 53 0 37 26 21 44 73 21 45 21 8 0 53 52 37 21 21 45 52 21 21 73 21 21 73 0 0 0 0 53 21 73 52 48 44 68 21 46 37 53 21 37 21 119 44 44 21 44 68 119 53 119 44 37 259
76 76 119 86 97 98 121 101 98 84 98 111 119 76 129 86 98 98 84 129 98 98 101 98 98 101 119 119 119 119 76 98 101 129 125 121 51 98 123 86 76 98 86 98 0 121 121 98 121 51 0 76 0 121 86 298
53 53 0 37 26 21 44 73 21 45 21 8 0 53 52 37 21 21 45 52 21 21 73 21 21 73 0 0 0 0 53 21 73 52 48 44 68 21 46 37 53 21 37 21 119 44 44 21 44 68 119 53 119 44 37 259
76 76 119 86 97 98 121 101 98 84 98 111 119 76 129 86 98 98 84 129 98 98 101 98 98 101 119 119 119 119 76 98 101 129 125 121 51 98 123 86 76 98 86 98 0 121 121 98 121 51 0 76 0 121 86 298
8 8 45 66 55 24 47 40 24 0 24 37 45 8 55 66 24 24 0 55 24 24 40 24 24 40 45 45 45 45 8 24 40 55 51 47 71 24 49 66 8 24 66 24 84 47 47 24 47 71 84 8 84 47 66 214
8 8 45 66 55 24 47 40 24 0 24 37 45 8 55 66 24 24 0 55 24 24 40 24 24 40 45 45 45 45 8 24 40 55 51 47 71 24 49 66 8 24 66 24 84 47 47 24 47 71 84 8 84 47 66 214
79 79 68 89 78 47 70 99 47 71 47 60 68 79 78 89 47 47 71 78 47 47 99 47 47 99 68 68 68 68 79 47 99 78 74 70 0 47 72 89 79 47 89 47 51 70 70 47 70 0 51 79 51 70 89 285
32 32 21 42 31 0 23 52 0 24 0 13 21 32 31 42 0 0 24 31 0 0 52 0 0 52 21 21 21 21 32 0 52 31 27 23 47 0 25 42 32 0 42 0 98 23 23 0 23 47 98 32 98 23 42 238
63 63 26 11 0 31 54 83 31 55 31 34 26 63 62 11 31 31 55 62 31 31 83 31 31 83 26 26 26 26 63 31 83 62 58 54 78 31 56 11 63 31 11 31 97 54 54 31 54 78 97 63 97 54 11 269
57 57 46 67 56 25 48 77 25 49 25 38 46 57 56 67 25 25 49 56 25 25 77 25 25 77 46 46 46 46 57 25 77 56 52 48 72 25 0 67 57 25 67 25 123 48 48 25 48 72 123 57 123 48 67 263
45 45 8 45 34 13 36 65 13 37 13 0 8 45 44 45 13 13 37 44 13 13 65 13 13 65 8 8 8 8 45 13 65 44 40 36 60 13 38 45 45 13 45 13 111 36 36 13 36 60 111 45 111 36 45 251
63 63 26 11 0 31 54 83 31 55 31 34 26 63 62 11 31 31 55 62 31 31 83 31 31 83 26 26 26 26 63 31 83 62 58 54 78 31 56 11 63 31 11 31 97 54 54 31 54 78 97 63 97 54 11 269
55 55 44 65 54 23 0 75 23 47 23 36 44 55 43 65 23 23 47 43 23 23 75 23 23 75 44 44 44 44 55 23 75 43 4 0 70 23 48 65 55 23 65 23 121 0 0 23 0 70 121 55 121 0 65 261
32 32 21 42 31 0 23 52 0 24 0 13 21 32 31 42 0 0 24 31 0 0 52 0 0 52 21 21 21 21 32 0 52 31 27 23 47 0 25 42 32 0 42 0 98 23 23 0 23 47 98 32 98 23 42 238
8 8 45 66 55 24 47 40 24 0 24 37 45 8 55 66 24 24 0 55 24 24 40 24 24 40 45 45 45 45 8 24 40 55 51 47 71 24 49 66 8 24 66 24 84 47 47 24 47 71 84 8 84 47 66 214
8 8 45 66 55 24 47 40 24 0 24 37 45 8 55 66 24 24 0 55 24 24 40 24 24 40 45 45 45 45 8 24 40 55 51 47 71 24 49 66 8 24 66 24 84 47 47 24 47 71 84 8 84 47 66 214
32 32 21 42 31 0 23 52 0 24 0 13 21 32 31 42 0 0 24 31 0 0 52 0 0 52 21 21 21 21 32 0 52 31 27 23 47 0 25 42 32 0 42 0 98 23 23 0 23 47 98 32 98 23 42 238
8 8 45 66 55 24 47 40 24 0 24 37 45 8 55 66 24 24 0 55 24 24 40 24 24 40 45 45 45 45 8 24 40 55 51 47 71 24 49 66 8 24 66 24 84 47 47 24 47 71 84 8 84 47 66 214
32 32 73 94 83 52 75 0 52 40 52 65 73 32 83 94 52 52 40 83 52 52 0 52 52 0 73 73 73 73 32 52 0 83 79 75 99 52 77 94 32 52 94 52 101 75 75 52 75 99 101 32 101 75 94 254
76 76 119 86 97 98 121 101 98 84 98 111 119 76 129 86 98 98 84 129 98 98 101 98 98 101 119 119 119 119 76 98 101 129 125 121 51 98 123 86 76 98 86 98 0 121 121 98 121 51 0 76 0 121 86 298
45 45 8 45 34 13 36 65 13 37 13 0 8 45 44 45 13 13 37 44 13 13 65 13 13 65 8 8 8 8 45 13 65 44 40 36 60 13 38 45 45 13 45 13 111 36 36 13 36 60 111 45 111 36 45 251
32 32 21 42 31 0 23 52 0 24 0 13 21 32 31 42 0 0 24 31 0 0 52 0 0 52 21 21 21 21 32 0 52 31 27 23 47 0 25 42 32 0 42 0 98 23 23 0 23 47 98 32 98 23 42 238
63 63 52 73 62 31 43 83 31 55 31 44 52 63 0 73 31 31 55 0 31 31 83 31 31 83 52 52 52 52 63 31 83 0 47 43 78 31 56 73 63 31 73 31 129 43 43 31 43 78 129 63 129 43 73 269
207 207 196 217 206 175 152 227 175 199 175 188 196 207 195 217 175 175 199 195 175 175 227 175 175 227 196 196 196 196 207 175 227 195 156 152 222 175 200 217 207 175 217 175 273 152 152 175 152 222 273 207 273 152 217 413
48 48 37 58 47 16 39 68 16 40 16 29 37 48 47 58 16 16 40 47 16 16 68 16 16 68 37 37 37 37 48 16 68 47 43 39 63 16 41 58 48 16 58 16 114 39 39 16 39 63 114 48 114 39 58 254
0 0 53 74 63 32 55 32 32 8 32 45 53 0 63 74 32 32 8 63 32 32 32 32 32 32 53 53 53 53 0 32 32 63 59 55 79 32 57 74 0 32 74 32 76 55 55 32 55 79 76 0 76 55 74 222
45 45 8 45 34 13 36 65 13 37 13 0 8 45 44 45 13 13 37 44 13 13 65 13 13 65 8 8 8 8 45 13 65 44 40 36 60 13 38 45 45 13 45 13 111 36 36 13 36 60 111 45 111 36 45 251
45 45 8 45 34 13 36 65 13 37 13 0 8 45 44 45 13 13 37 44 13 13 65 13 13 65 8 8 8 8 45 13 65 44 40 36 60 13 38 45 45 13 45 13 111 36 36 13 36 60 111 45 111 36 45 251
53 53 0 37 26 21 44 73 21 45 21 8 0 53 52 37 21 21 45 52 21 21 73 21 21 73 0 0 0 0 53 21 73 52 48 44 68 21 46 37 53 21 37 21 119 44 44 21 44 68 119 53 119 44 37 259
229 229 218 239 228 197 220 249 197 221 197 210 218 229 228 239 197 197 221 228 197 197 249 197 197 249 218 218 218 218 229 197 249 228 224 220 244 197 222 239 229 197 239 197 295 220 220 197 220 244 295 229 295 220 239 435
63 63 26 11 0 31 54 83 31 55 31 34 26 63 62 11 31 31 55 62 31 31 83 31 31 83 26 26 26 26 63 31 83 62 58 54 78 31 56 11 63 31 11 31 97 54 54 31 54 78 97 63 97 54 11 269
59 59 48 69 58 27 4 79 27 51 27 40 48 59 47 69 27 27 51 47 27 27 79 27 27 79 48 48 48 48 59 27 79 47 0 4 74 27 52 69 59 27 69 27 125 4 4 27 4 74 125 59 125 4 69 265
8 8 45 66 55 24 47 40 24 0 24 37 45 8 55 66 24 24 0 55 24 24 40 24 24 40 45 45 45 45 8 24 40 55 51 47 71 24 49 66 8 24 66 24 84 47 47 24 47 71 84 8 84 47 66 214
0 0 53 74 63 32 55 32 32 8 32 45 53 0 63 74 32 32 8 63 32 32 32 32 32 32 53 53 53 53 0 32 32 63 59 55 79 32 57 74 0 32 74 32 76 55 55 32 55 79 76 0 76 55 74 222
45 45 8 45 34 13 36 65 13 37 13 0 8 45 44 45 13 13 37 44 13 13 65 13 13 65 8 8 8 8 45 13 65 44 40 36 60 13 38 45 45 13 45 13 111 36 36 13 36 60 111 45 111 36 45 251
57 57 46 67 56 25 48 77 25 49 25 38 46 57 56 67 25 25 49 56 25 25 77 25 25 77 46 46 46 46 57 25 77 56 52 48 72 25 0 67 57 25 67 25 123 48 48 25 48 72 123 57 123 48 67 263
57 57 46 67 56 25 48 77 25 49 25 38 46 57 56 67 25 25 49 56 25 25 77 25 25 77 46 46 46 46 57 25 77 56 52 48 72 25 0 67 57 25 67 25 123 48 48 25 48 72 123 57 123 48 67 263
32 32 21 42 31 0 23 52 0 24 0 13 21 32 31 42 0 0 24 31 0 0 52 0 0 52 21 21 21 21 32 0 52 31 27 23 47 0 25 42 32 0 42 0 98 23 23 0 23 47 98 32 98 23 42 238
8 8 45 66 55 24 47 40 24 0 24 37 45 8 55 66 24 24 0 55 24 24 40 24 24 40 45 45 45 45 8 24 40 55 51 47 71 24 49 66 8 24 66 24 84 47 47 24 47 71 84 8 84 47 66 214
