87 59 31
151 96 134 137 89 36 134 142 39 126 154 151 43 3 79 0 111 218 134 96 66 39 137 84 3 43 127 181 127 93 17 134 100 113 111 84 43 269 119 113 168 113 93 218 96 137 241 84 136 102 17 111 58 58 5 84 3 93 218
205 164 249 202 143 166 249 226 169 210 244 205 94 133 163 136 179 319 202 164 117 169 202 138 133 94 197 265 197 145 153 249 170 167 179 138 94 339 180 167 222 167 198 319 164 202 295 138 0 232 153 179 180 180 141 138 133 198 319
122 38 180 3 112 106 180 191 151 175 83 122 108 137 128 134 23 139 0 38 86 151 3 107 137 108 116 156 116 142 119 180 143 130 23 107 108 258 23 130 191 130 72 139 38 3 256 107 202 172 119 23 107 107 139 107 137 72 139
179 153 149 194 173 178 149 0 181 16 207 179 132 145 63 142 168 206 191 153 147 181 194 168 145 132 163 165 163 119 125 149 144 141 168 168 132 305 210 141 252 141 119 206 153 194 303 168 226 244 125 168 84 84 137 168 145 119 206
96 34 142 75 92 129 142 119 132 103 95 96 104 96 56 93 49 195 72 34 98 132 75 87 96 104 44 152 44 70 76 142 71 58 49 87 104 186 95 58 171 58 0 195 34 75 184 87 198 195 76 49 35 35 98 87 96 0 195
79 105 167 146 75 64 167 144 133 128 78 79 76 97 81 100 120 220 143 105 91 133 146 70 97 76 27 183 27 25 101 167 0 41 120 70 76 169 147 41 154 41 71 220 105 146 227 70 170 130 101 120 60 60 105 70 97 71 220
136 81 148 122 106 53 148 125 56 109 171 136 60 20 62 17 96 201 119 81 83 56 122 101 20 60 120 164 120 76 0 148 101 98 96 101 60 262 136 98 185 98 76 201 81 122 258 101 153 119 0 96 41 41 22 101 20 76 201
122 15 191 26 134 129 191 168 128 152 106 122 85 114 105 111 0 162 23 15 108 128 26 129 114 85 93 133 93 119 96 191 120 107 0 129 85 235 46 107 213 107 49 162 15 26 233 129 179 195 96 0 84 84 116 129 114 49 162
111 70 155 108 49 73 155 132 76 116 150 111 0 40 69 43 85 225 108 70 23 76 108 44 40 0 103 171 103 51 60 155 76 73 85 44 0 245 86 73 128 73 104 225 70 108 201 44 94 139 60 85 86 86 48 44 40 104 225
224 218 302 259 162 266 302 303 274 287 263 224 201 238 240 241 233 171 256 218 178 274 259 157 238 201 228 336 228 208 258 302 227 186 233 157 201 355 241 186 241 186 184 171 218 259 0 157 295 200 258 233 219 219 246 157 238 184 171
107 0 176 41 119 132 176 153 113 137 121 107 70 99 90 96 15 177 38 0 93 113 41 114 99 70 78 118 78 104 81 176 105 92 15 114 70 220 61 92 198 92 34 177 0 41 218 114 164 198 81 15 69 69 101 114 99 34 177
60 104 142 145 56 89 142 119 127 103 99 60 51 91 56 93 119 195 142 104 72 127 145 51 91 51 52 158 52 0 76 142 25 22 119 51 51 194 135 22 135 22 70 195 104 145 208 51 145 155 76 119 35 35 98 51 91 70 195
148 99 131 138 86 33 131 145 36 129 151 148 40 0 82 3 114 221 137 99 63 36 138 81 0 40 124 184 124 91 20 131 97 110 114 81 40 266 116 110 165 110 96 221 99 138 238 81 133 99 20 114 61 61 8 81 0 96 221
255 177 267 142 225 245 267 206 257 222 222 255 225 221 181 218 162 0 139 177 202 257 142 220 221 225 239 283 239 195 201 267 220 217 162 220 225 381 162 217 304 217 195 0 177 142 171 220 319 255 201 162 160 160 223 220 221 195 0
148 99 131 138 86 33 131 145 36 129 151 148 40 0 82 3 114 221 137 99 63 36 138 81 0 40 124 184 124 91 20 131 97 110 114 81 40 266 116 110 165 110 96 221 99 138 238 81 133 99 20 114 61 61 8 81 0 96 221
119 41 177 0 111 105 177 194 154 178 80 119 108 138 131 137 26 142 3 41 85 154 0 106 138 108 119 159 119 145 122 177 146 133 26 106 108 261 22 133 190 133 75 142 41 0 259 106 202 171 122 26 110 110 142 106 138 75 142
141 61 199 22 89 83 199 210 132 194 102 141 86 116 147 119 46 162 23 61 63 132 22 84 116 86 139 179 139 135 136 199 147 113 46 84 86 281 0 113 168 113 95 162 61 22 241 84 180 149 136 46 126 126 124 84 116 95 162
79 105 167 146 75 64 167 144 133 128 78 79 76 97 81 100 120 220 143 105 91 133 146 70 97 76 27 183 27 25 101 167 0 41 120 70 76 169 147 41 154 41 71 220 105 146 227 70 170 130 101 120 60 60 105 70 97 71 220
107 0 176 41 119 132 176 153 113 137 121 107 70 99 90 96 15 177 38 0 93 113 41 114 99 70 78 118 78 104 81 176 105 92 15 114 70 220 61 92 198 92 34 177 0 41 218 114 164 198 81 15 69 69 101 114 99 34 177
224 218 302 259 162 266 302 303 274 287 263 224 201 238 240 241 233 171 256 218 178 274 259 157 238 201 228 336 228 208 258 302 227 186 233 157 201 355 241 186 241 186 184 171 218 259 0 157 295 200 258 233 219 219 246 157 238 184 171
107 0 176 41 119 132 176 153 113 137 121 107 70 99 90 96 15 177 38 0 93 113 41 114 99 70 78 118 78 104 81 176 105 92 15 114 70 220 61 92 198 92 34 177 0 41 218 114 164 198 81 15 69 69 101 114 99 34 177
179 153 149 194 173 178 149 0 181 16 207 179 132 145 63 142 168 206 191 153 147 181 194 168 145 132 163 165 163 119 125 149 144 141 168 168 132 305 210 141 252 141 119 206 153 194 303 168 226 244 125 168 84 84 137 168 145 119 206
72 119 196 111 0 119 196 173 122 157 111 72 49 86 110 89 134 225 112 119 26 122 111 5 86 49 102 212 102 56 106 196 75 34 134 5 49 244 89 34 89 34 92 225 119 111 162 5 143 185 106 134 89 89 94 5 86 92 225
143 132 164 105 119 0 164 178 69 162 131 143 73 33 115 36 129 245 106 132 96 69 105 114 33 73 91 217 91 89 53 164 64 105 129 114 73 233 83 105 198 105 129 245 132 105 266 114 166 66 53 129 94 94 41 114 33 129 245
205 164 249 202 143 166 249 226 169 210 244 205 94 133 163 136 179 319 202 164 117 169 202 138 133 94 197 265 197 145 153 249 170 167 179 138 94 339 180 167 222 167 198 319 164 202 295 138 0 232 153 179 180 180 141 138 133 198 319
88 93 170 85 26 96 170 147 99 131 127 88 23 63 84 66 108 202 86 93 0 99 85 21 63 23 118 186 118 72 83 170 91 50 108 21 23 260 63 50 105 50 98 202 93 85 178 21 117 162 83 108 63 63 71 21 63 98 202
116 90 86 131 110 115 86 63 118 47 144 116 69 82 0 79 105 181 128 90 84 118 131 105 82 69 100 102 100 56 62 86 81 78 105 105 69 242 147 78 189 78 56 181 90 131 240 105 163 181 62 105 21 21 84 105 82 56 181
39 121 97 80 111 131 97 207 140 191 0 39 150 151 144 154 106 222 83 121 127 140 80 106 151 150 51 237 51 99 171 97 78 77 106 106 150 193 102 77 190 77 95 222 121 80 263 106 244 197 171 106 130 130 159 106 151 95 222
116 90 86 131 110 115 86 63 118 47 144 116 69 82 0 79 105 181 128 90 84 118 131 105 82 69 100 102 100 56 62 86 81 78 105 105 69 242 147 78 189 78 56 181 90 131 240 105 163 181 62 105 21 21 84 105 82 56 181
39 121 97 80 111 131 97 207 140 191 0 39 150 151 144 154 106 222 83 121 127 140 80 106 151 150 51 237 51 99 171 97 78 77 106 106 150 193 102 77 190 77 95 222 121 80 263 106 244 197 171 106 130 130 159 106 151 95 222
39 121 97 80 111 131 97 207 140 191 0 39 150 151 144 154 106 222 83 121 127 140 80 106 151 150 51 237 51 99 171 97 78 77 106 106 150 193 102 77 190 77 95 222 121 80 263 106 244 197 171 106 130 130 159 106 151 95 222
122 15 191 26 134 129 191 168 128 152 106 122 85 114 105 111 0 162 23 15 108 128 26 129 114 85 93 133 93 119 96 191 120 107 0 129 85 235 46 107 213 107 49 162 15 26 233 129 179 195 96 0 84 84 116 129 114 49 162
39 121 97 80 111 131 97 207 140 191 0 39 150 151 144 154 106 222 83 121 127 140 80 106 151 150 51 237 51 99 171 97 78 77 106 106 150 193 102 77 190 77 95 222 121 80 263 106 244 197 171 106 130 130 159 106 151 95 222
141 61 199 22 89 83 199 210 132 194 102 141 86 116 147 119 46 162 23 61 63 132 22 84 116 86 139 179 139 135 136 199 147 113 46 84 86 281 0 113 168 113 95 162 61 22 241 84 180 149 136 46 126 126 124 84 116 95 162
39 121 97 80 111 131 97 207 140 191 0 39 150 151 144 154 106 222 83 121 127 140 80 106 151 150 51 237 51 99 171 97 78 77 106 106 150 193 102 77 190 77 95 222 121 80 263 106 244 197 171 106 130 130 159 106 151 95 222
205 164 249 202 143 166 249 226 169 210 244 205 94 133 163 136 179 319 202 164 117 169 202 138 133 94 197 265 197 145 153 249 170 167 179 138 94 339 180 167 222 167 198 319 164 202 295 138 0 232 153 179 180 180 141 138 133 198 319
107 0 176 41 119 132 176 153 113 137 121 107 70 99 90 96 15 177 38 0 93 113 41 114 99 70 78 118 78 104 81 176 105 92 15 114 70 220 61 92 198 92 34 177 0 41 218 114 164 198 81 15 69 69 101 114 99 34 177
0 107 136 119 72 143 136 179 179 163 39 0 111 148 116 151 122 255 122 107 88 179 119 67 148 111 90 218 90 60 136 136 79 38 122 67 111 232 141 38 151 38 96 255 107 119 224 67 205 209 136 122 95 95 156 67 148 96 255
96 34 142 75 92 129 142 119 132 103 95 96 104 96 56 93 49 195 72 34 98 132 75 87 96 104 44 152 44 70 76 142 71 58 49 87 104 186 95 58 171 58 0 195 34 75 184 87 198 195 76 49 35 35 98 87 96 0 195
116 90 86 131 110 115 86 63 118 47 144 116 69 82 0 79 105 181 128 90 84 118 131 105 82 69 100 102 100 56 62 86 81 78 105 105 69 242 147 78 189 78 56 181 90 131 240 105 163 181 62 105 21 21 84 105 82 56 181
151 96 134 137 89 36 134 142 39 126 154 151 43 3 79 0 111 218 134 96 66 39 137 84 3 43 127 181 127 93 17 134 100 113 111 84 43 269 119 113 168 113 93 218 96 137 241 84 136 102 17 111 58 58 5 84 3 93 218
151 198 275 190 89 198 275 252 201 236 190 151 128 165 189 168 213 304 191 198 105 201 190 84 165 128 181 291 181 135 185 275 154 113 213 84 128 323 168 113 0 113 171 304 198 190 241 84 222 264 185 213 168 168 173 84 165 171 304
107 0 176 41 119 132 176 153 113 137 121 107 70 99 90 96 15 177 38 0 93 113 41 114 99 70 78 118 78 104 81 176 105 92 15 114 70 220 61 92 198 92 34 177 0 41 218 114 164 198 81 15 69 69 101 114 99 34 177
122 38 180 3 112 106 180 191 151 175 83 122 108 137 128 134 23 139 0 38 86 151 3 107 137 108 116 156 116 142 119 180 143 130 23 107 108 258 23 130 191 130 72 139 38 3 256 107 202 172 119 23 107 107 139 107 137 72 139
148 93 160 134 118 65 160 137 68 121 183 148 72 32 74 29 108 213 131 93 95 68 134 113 32 72 132 176 132 88 12 160 113 110 108 113 72 274 148 110 197 110 88 213 93 134 270 113 165 131 12 108 53 53 34 113 32 88 213
218 118 140 159 212 217 140 165 160 149 237 218 171 184 102 181 133 283 156 118 186 160 159 207 184 171 196 0 196 158 164 140 183 180 133 207 171 338 179 180 291 180 152 283 118 159 336 207 265 283 164 133 123 123 186 207 184 152 283
96 34 142 75 92 129 142 119 132 103 95 96 104 96 56 93 49 195 72 34 98 132 75 87 96 104 44 152 44 70 76 142 71 58 49 87 104 186 95 58 171 58 0 195 34 75 184 87 198 195 76 49 35 35 98 87 96 0 195
209 198 230 171 185 66 230 244 135 228 197 209 139 99 181 102 195 255 172 198 162 135 171 180 99 139 157 283 157 155 119 230 130 171 195 180 139 299 149 171 264 171 195 255 198 171 200 180 232 0 119 195 160 160 107 180 99 195 255
156 101 139 142 94 41 139 137 44 131 159 156 48 8 84 5 116 223 139 101 71 44 142 89 8 48 132 186 132 98 22 139 105 118 116 89 48 274 124 118 173 118 98 223 101 142 246 89 141 107 22 116 63 63 0 89 8 98 223
136 81 148 122 106 53 148 125 56 109 171 136 60 20 62 17 96 201 119 81 83 56 122 101 20 60 120 164 120 76 0 148 101 98 96 101 60 262 136 98 185 98 76 201 81 122 258 101 153 119 0 96 41 41 22 101 20 76 201
156 82 148 123 103 50 148 156 53 140 168 156 57 17 93 14 97 232 120 82 80 53 123 98 17 57 141 195 141 96 31 148 114 118 97 98 57 283 133 118 182 118 107 232 82 123 255 98 150 116 31 97 72 72 19 98 17 107 232
60 104 142 145 56 89 142 119 127 103 99 60 51 91 56 93 119 195 142 104 72 127 145 51 91 51 52 158 52 0 76 142 25 22 119 51 51 194 135 22 135 22 70 195 104 145 208 51 145 155 76 119 35 35 98 51 91 70 195
79 105 167 146 75 64 167 144 133 128 78 79 76 97 81 100 120 220 143 105 91 133 146 70 97 76 27 183 27 25 101 167 0 41 120 70 76 169 147 41 154 41 71 220 105 146 227 70 170 130 101 120 60 60 105 70 97 71 220
38 92 164 133 34 105 164 141 146 125 77 38 73 110 78 113 107 217 130 92 50 146 133 29 110 73 68 180 68 22 98 164 41 0 107 29 73 210 113 0 113 0 58 217 92 133 186 29 167 171 98 107 57 57 118 29 110 58 217
95 69 107 110 89 94 107 84 97 68 130 95 86 61 21 58 84 160 107 69 63 97 110 84 61 86 79 123 79 35 41 107 60 57 84 84 86 221 126 57 168 57 35 160 69 110 219 84 180 160 41 84 0 0 63 84 61 35 160
156 101 139 142 94 41 139 137 44 131 159 156 48 8 84 5 116 223 139 101 71 44 142 89 8 48 132 186 132 98 22 139 105 118 116 89 48 274 124 118 173 118 98 223 101 142 246 89 141 107 22 116 63 63 0 89 8 98 223
119 41 177 0 111 105 177 194 154 178 80 119 108 138 131 137 26 142 3 41 85 154 0 106 138 108 119 159 119 145 122 177 146 133 26 106 108 261 22 133 190 133 75 142 41 0 259 106 202 171 122 26 110 110 142 106 138 75 142
88 93 170 85 26 96 170 147 99 131 127 88 23 63 84 66 108 202 86 93 0 99 85 21 63 23 118 186 118 72 83 170 91 50 108 21 23 260 63 50 105 50 98 202 93 85 178 21 117 162 83 108 63 63 71 21 63 98 202
39 121 97 80 111 131 97 207 140 191 0 39 150 151 144 154 106 222 83 121 127 140 80 106 151 150 51 237 51 99 171 97 78 77 106 106 150 193 102 77 190 77 95 222 121 80 263 106 244 197 171 106 130 130 159 106 151 95 222
67 114 191 106 5 114 191 168 117 152 106 67 44 81 105 84 129 220 107 114 21 117 106 0 81 44 97 207 97 51 101 191 70 29 129 0 44 239 84 29 84 29 87 220 114 106 157 0 138 180 101 129 84 84 89 0 81 87 220
116 90 86 131 110 115 86 63 118 47 144 116 69 82 0 79 105 181 128 90 84 118 131 105 82 69 100 102 100 56 62 86 81 78 105 105 69 242 147 78 189 78 56 181 90 131 240 105 163 181 62 105 21 21 84 105 82 56 181
88 93 170 85 26 96 170 147 99 131 127 88 23 63 84 66 108 202 86 93 0 99 85 21 63 23 118 186 118 72 83 170 91 50 108 21 23 260 63 50 105 50 98 202 93 85 178 21 117 162 83 108 63 63 71 21 63 98 202
38 92 164 133 34 105 164 141 146 125 77 38 73 110 78 113 107 217 130 92 50 146 133 29 110 73 68 180 68 22 98 164 41 0 107 29 73 210 113 0 113 0 58 217 92 133 186 29 167 171 98 107 57 57 118 29 110 58 217
218 118 140 159 212 217 140 165 160 149 237 218 171 184 102 181 133 283 156 118 186 160 159 207 184 171 196 0 196 158 164 140 183 180 133 207 171 338 179 180 291 180 152 283 118 159 336 207 265 283 164 133 123 123 186 207 184 152 283
136 81 148 122 106 53 148 125 56 109 171 136 60 20 62 17 96 201 119 81 83 56 122 101 20 60 120 164 120 76 0 148 101 98 96 101 60 262 136 98 185 98 76 201 81 122 258 101 153 119 0 96 41 41 22 101 20 76 201
38 92 164 133 34 105 164 141 146 125 77 38 73 110 78 113 107 217 130 92 50 146 133 29 110 73 68 180 68 22 98 164 41 0 107 29 73 210 113 0 113 0 58 217 92 133 186 29 167 171 98 107 57 57 118 29 110 58 217
232 220 290 261 244 233 290 305 302 289 193 232 245 266 242 269 235 381 258 220 260 302 261 239 266 245 142 338 142 194 262 290 169 210 235 239 245 0 281 210 323 210 186 381 220 261 355 239 339 299 262 235 221 221 274 239 266 186 381
60 104 142 145 56 89 142 119 127 103 99 60 51 91 56 93 119 195 142 104 72 127 145 51 91 51 52 158 52 0 76 142 25 22 119 51 51 194 135 22 135 22 70 195 104 145 208 51 145 155 76 119 35 35 98 51 91 70 195
156 101 139 142 94 41 139 137 44 131 159 156 48 8 84 5 116 223 139 101 71 44 142 89 8 48 132 186 132 98 22 139 105 118 116 89 48 274 124 118 173 118 98 223 101 142 246 89 141 107 22 116 63 63 0 89 8 98 223
136 176 0 177 196 164 0 149 95 133 97 136 155 131 86 134 191 267 180 176 170 95 177 191 131 155 148 140 148 142 148 0 167 164 191 191 155 290 199 164 275 164 142 267 176 177 302 191 249 230 148 191 107 107 139 191 131 142 267
209 198 230 171 185 66 230 244 135 228 197 209 139 99 181 102 195 255 172 198 162 135 171 180 99 139 157 283 157 155 119 230 130 171 195 180 139 299 149 171 264 171 195 255 198 171 200 180 232 0 119 195 160 160 107 180 99 195 255
148 99 131 138 86 33 131 145 36 129 151 148 40 0 82 3 114 221 137 99 63 36 138 81 0 40 124 184 124 91 20 131 97 110 114 81 40 266 116 110 165 110 96 221 99 138 238 81 133 99 20 114 61 61 8 81 0 96 221
179 113 95 154 122 69 95 181 0 165 140 179 76 36 118 39 128 257 151 113 99 0 154 117 36 76 160 160 160 127 56 95 133 146 128 117 76 302 132 146 201 146 132 257 113 154 274 117 169 135 56 128 97 97 44 117 36 132 257
79 105 167 146 75 64 167 144 133 128 78 79 76 97 81 100 120 220 143 105 91 133 146 70 97 76 27 183 27 25 101 167 0 41 120 70 76 169 147 41 154 41 71 220 105 146 227 70 170 130 101 120 60 60 105 70 97 71 220
141 61 199 22 89 83 199 210 132 194 102 141 86 116 147 119 46 162 23 61 63 132 22 84 116 86 139 179 139 135 136 199 147 113 46 84 86 281 0 113 168 113 95 162 61 22 241 84 180 149 136 46 126 126 124 84 116 95 162
163 137 133 178 157 162 133 16 165 0 191 163 116 129 47 126 152 222 175 137 131 165 178 152 129 116 147 149 147 103 109 133 128 125 152 152 116 289 194 125 236 125 103 222 137 178 287 152 210 228 109 152 68 68 131 152 129 103 222
90 78 148 119 102 91 148 163 160 147 51 90 103 124 100 127 93 239 116 78 118 160 119 97 124 103 0 196 0 52 120 148 27 68 93 97 103 142 139 68 181 68 44 239 78 119 228 97 197 157 120 93 79 79 132 97 124 44 239
148 99 131 138 86 33 131 145 36 129 151 148 40 0 82 3 114 221 137 99 63 36 138 81 0 40 124 184 124 91 20 131 97 110 114 81 40 266 116 110 165 110 96 221 99 138 238 81 133 99 20 114 61 61 8 81 0 96 221
111 70 155 108 49 73 155 132 76 116 150 111 0 40 69 43 85 225 108 70 23 76 108 44 40 0 103 171 103 51 60 155 76 73 85 44 0 245 86 73 128 73 104 225 70 108 201 44 94 139 60 85 86 86 48 44 40 104 225
107 0 176 41 119 132 176 153 113 137 121 107 70 99 90 96 15 177 38 0 93 113 41 114 99 70 78 118 78 104 81 176 105 92 15 114 70 220 61 92 198 92 34 177 0 41 218 114 164 198 81 15 69 69 101 114 99 34 177
39 121 97 80 111 131 97 207 140 191 0 39 150 151 144 154 106 222 83 121 127 140 80 106 151 150 51 237 51 99 171 97 78 77 106 106 150 193 102 77 190 77 95 222 121 80 263 106 244 197 171 106 130 130 159 106 151 95 222
107 0 176 41 119 132 176 153 113 137 121 107 70 99 90 96 15 177 38 0 93 113 41 114 99 70 78 118 78 104 81 176 105 92 15 114 70 220 61 92 198 92 34 177 0 41 218 114 164 198 81 15 69 69 101 114 99 34 177
88 93 170 85 26 96 170 147 99 131 127 88 23 63 84 66 108 202 86 93 0 99 85 21 63 23 118 186 118 72 83 170 91 50 108 21 23 260 63 50 105 50 98 202 93 85 178 21 117 162 83 108 63 63 71 21 63 98 202
39 121 97 80 111 131 97 207 140 191 0 39 150 151 144 154 106 222 83 121 127 140 80 106 151 150 51 237 51 99 171 97 78 77 106 106 150 193 102 77 190 77 95 222 121 80 263 106 244 197 171 106 130 130 159 106 151 95 222
38 92 164 133 34 105 164 141 146 125 77 38 73 110 78 113 107 217 130 92 50 146 133 29 110 73 68 180 68 22 98 164 41 0 107 29 73 210 113 0 113 0 58 217 92 133 186 29 167 171 98 107 57 57 118 29 110 58 217
148 99 131 138 86 33 131 145 36 129 151 148 40 0 82 3 114 221 137 99 63 36 138 81 0 40 124 184 124 91 20 131 97 110 114 81 40 266 116 110 165 110 96 221 99 138 238 81 133 99 20 114 61 61 8 81 0 96 221
107 0 176 41 119 132 176 153 113 137 121 107 70 99 90 96 15 177 38 0 93 113 41 114 99 70 78 118 78 104 81 176 105 92 15 114 70 220 61 92 198 92 34 177 0 41 218 114 164 198 81 15 69 69 101 114 99 34 177
