75 73 42
223 192 289 277 136 271 188 78 292 159 111 240 465 387 237 278 224 159 176 217 258 429 136 377 287 347 192 44 159 223 271 241 253 318 328 317 430 271 271 322 183 272 134 71 201 226 177 199 223 289 138 283 212 138 221 159 159 271 318 159 136 151 429 192 195 54 218 334 0 245 190 140 417
278 237 454 378 181 286 289 391 337 174 421 450 580 402 252 293 449 392 221 382 270 530 181 478 309 362 237 361 174 278 286 312 268 472 365 0 567 286 286 487 284 287 367 384 457 315 278 333 324 454 394 338 227 394 322 174 174 286 472 174 181 166 530 237 425 371 233 349 317 260 423 413 523
186 198 319 86 142 28 128 245 272 119 216 363 406 144 197 0 192 286 182 343 221 238 142 317 122 156 198 265 119 186 28 273 213 232 72 293 427 28 28 286 145 147 275 238 246 175 139 202 185 319 282 246 87 282 95 119 119 28 232 119 142 127 238 198 239 275 93 294 278 54 255 245 484
150 132 349 173 76 59 159 236 232 53 203 284 493 175 131 87 279 201 116 277 185 325 76 348 153 135 132 256 53 150 59 207 147 254 159 227 340 59 59 317 163 60 226 230 277 88 157 115 203 349 289 210 0 289 126 53 53 59 254 53 76 61 325 132 287 266 6 228 212 33 232 232 418
0 183 244 272 127 158 235 254 257 120 221 177 420 274 198 186 182 114 167 172 35 326 127 424 64 266 183 267 120 0 158 258 214 374 258 278 479 158 158 277 230 210 89 261 376 227 224 254 270 244 328 60 150 328 225 120 120 158 374 120 127 112 326 183 240 277 156 295 223 183 145 192 469
261 224 292 206 207 210 117 7 261 210 40 223 468 326 288 238 153 230 240 288 258 358 207 306 304 338 224 27 210 261 210 170 304 247 257 384 375 210 210 320 112 290 205 0 130 155 106 128 152 292 67 304 230 67 150 210 210 210 247 210 207 218 358 224 124 37 236 385 71 236 261 69 400
127 56 273 227 0 135 138 214 156 23 240 304 449 251 101 142 298 241 40 201 162 379 0 327 158 211 56 180 23 127 135 131 117 291 214 181 416 135 135 306 133 136 216 207 276 164 127 152 173 273 213 187 76 213 171 23 23 135 291 23 0 15 379 56 274 190 82 198 136 109 272 232 342
267 236 319 233 180 237 144 34 288 203 67 196 495 353 281 265 180 203 220 261 285 385 180 333 331 365 236 0 203 267 237 197 297 274 284 361 386 237 237 347 139 316 178 27 157 182 133 155 179 319 94 327 256 94 177 203 203 237 274 203 180 195 385 236 151 10 262 378 44 263 234 96 373
274 307 407 230 251 116 216 333 360 228 304 451 550 0 306 144 336 374 291 446 309 382 251 405 210 244 307 353 228 274 116 382 322 376 216 402 515 116 116 374 233 235 363 326 334 263 227 290 273 407 370 334 175 370 183 228 228 116 376 228 251 236 382 307 383 363 181 403 387 142 343 333 591
0 183 244 272 127 158 235 254 257 120 221 177 420 274 198 186 182 114 167 172 35 326 127 424 64 266 183 267 120 0 158 258 214 374 258 278 479 158 158 277 230 210 89 261 376 227 224 254 270 244 328 60 150 328 225 120 120 158 374 120 127 112 326 183 240 277 156 295 223 183 145 192 469
266 267 419 242 211 128 228 345 367 188 316 419 562 244 266 156 348 336 251 412 301 394 211 417 202 0 267 365 188 266 128 342 282 388 228 362 475 128 128 386 245 195 355 338 346 223 239 250 285 419 382 326 135 382 195 188 188 128 388 188 211 196 394 267 395 375 141 363 347 102 355 345 553
240 268 416 325 274 267 241 117 368 251 84 347 592 383 329 239 277 312 284 412 275 477 274 430 304 395 268 151 251 240 267 214 345 311 311 425 419 267 267 444 236 347 329 124 254 199 230 172 276 416 191 180 287 191 274 251 251 267 311 251 274 259 477 268 0 161 293 426 195 293 343 113 524
374 235 278 146 291 260 257 240 335 307 227 470 454 376 359 232 382 279 251 206 409 298 291 446 354 388 235 274 307 374 260 357 388 0 197 472 418 260 260 200 252 314 289 247 333 166 246 139 292 278 314 434 254 314 290 307 307 260 0 307 291 306 298 235 311 284 260 299 318 286 310 256 630
254 96 313 285 152 174 245 121 196 168 88 351 441 290 246 202 258 140 112 241 289 437 152 434 268 250 96 155 168 254 174 218 262 139 274 333 279 174 174 339 240 175 165 128 258 27 234 0 280 313 195 314 115 195 241 168 168 174 139 168 152 167 437 96 172 165 121 334 199 148 171 117 494
198 157 225 282 101 190 193 295 257 78 328 375 401 306 0 197 329 261 141 153 233 434 101 382 158 266 157 281 78 198 190 232 172 359 269 252 471 190 190 258 188 191 236 288 377 219 182 246 228 225 314 258 131 314 226 78 78 190 359 78 101 86 434 157 329 291 137 253 237 164 292 333 443
156 138 355 179 82 65 165 242 238 59 209 278 499 181 137 93 285 207 122 283 191 331 82 354 159 141 138 262 59 156 65 213 153 260 165 233 346 65 65 323 169 66 232 236 283 94 163 121 209 355 295 216 6 295 132 59 59 65 260 59 82 67 331 138 293 272 0 234 218 39 238 238 424
272 283 369 0 227 114 111 213 255 204 246 429 320 230 282 86 271 306 267 352 307 152 227 300 208 242 283 233 204 272 114 358 298 146 51 378 513 114 114 346 106 233 281 206 306 261 100 285 146 369 243 332 173 243 144 204 204 114 146 204 227 212 152 283 325 243 179 379 277 140 304 275 484
60 243 304 332 187 218 295 297 317 180 264 237 480 334 258 246 242 174 227 232 95 357 187 484 124 326 243 327 180 60 218 318 274 434 318 338 539 218 218 337 290 270 149 304 434 287 284 314 330 304 371 0 210 371 285 180 180 218 434 180 187 172 357 243 180 337 216 355 283 243 205 252 529
114 236 180 306 241 258 217 237 336 234 228 291 356 374 261 286 118 0 252 108 149 440 241 406 178 336 236 203 234 114 258 358 328 279 357 392 365 258 258 213 212 261 25 230 360 113 206 140 243 180 297 174 201 297 191 234 234 258 279 234 241 226 440 236 312 213 207 409 159 234 31 257 576
183 165 317 140 109 26 126 243 265 86 214 317 460 142 164 54 246 234 149 310 218 292 109 315 120 102 165 263 86 183 26 240 180 286 126 260 373 26 26 284 143 93 259 236 244 121 137 148 183 317 280 243 33 280 93 86 86 26 286 86 109 94 292 165 293 273 39 261 245 0 253 243 451
244 217 0 369 273 291 280 299 317 296 332 421 176 407 225 319 248 180 233 72 279 344 273 469 308 419 217 319 296 244 291 404 390 278 391 454 545 291 291 177 263 409 155 292 422 293 269 313 315 0 359 304 349 359 313 296 296 291 278 296 273 288 344 217 416 329 355 471 289 317 211 361 615
479 375 545 513 416 399 492 368 475 393 335 582 720 515 471 427 483 365 391 473 514 659 416 681 493 475 375 386 393 479 399 465 487 418 499 567 0 399 399 578 487 400 390 375 505 252 481 279 527 545 442 539 340 442 466 393 393 399 418 393 416 401 659 375 419 396 346 559 430 373 396 364 266
112 71 288 212 15 120 123 225 171 8 255 289 464 236 86 127 283 226 55 216 147 364 15 312 143 196 71 195 8 112 120 146 102 306 199 166 401 120 120 321 118 121 201 218 291 149 112 167 158 288 228 172 61 228 156 8 8 120 306 8 15 0 364 71 259 205 67 183 151 94 257 247 357
214 173 390 298 117 206 209 311 273 94 344 391 566 322 172 213 369 328 157 318 249 450 117 398 245 282 173 297 94 214 206 248 0 388 285 268 487 206 206 423 204 207 303 304 393 235 198 262 244 390 330 274 147 330 242 94 94 206 388 94 117 102 450 173 345 307 153 269 253 180 359 349 459
420 393 176 320 449 434 431 475 493 472 508 597 0 550 401 406 424 356 409 248 455 168 449 620 484 562 393 495 472 420 434 580 566 454 371 580 720 434 434 353 426 553 331 468 512 468 420 441 466 176 449 480 493 449 464 472 472 434 454 472 449 464 168 393 592 505 499 445 465 460 387 537 561
376 332 422 306 276 218 217 137 329 299 170 219 512 334 377 246 283 360 316 418 388 458 276 406 312 346 332 157 299 376 218 300 393 333 318 457 505 218 218 316 200 337 335 130 0 285 206 258 252 422 63 434 277 63 250 299 299 218 333 299 276 291 458 332 254 167 283 474 201 244 391 199 530
177 360 421 429 304 335 340 230 434 297 263 0 597 451 375 363 359 291 344 349 180 503 304 529 241 419 360 196 297 177 335 393 391 470 435 450 582 335 335 454 335 344 266 223 219 372 329 351 375 421 282 237 284 282 373 297 297 335 470 297 304 289 503 360 347 186 278 472 240 317 322 292 569
183 0 217 283 56 191 194 217 100 79 184 360 393 307 157 198 321 236 16 145 218 435 56 383 214 267 0 236 79 183 191 187 173 235 270 237 375 191 191 250 189 192 228 224 332 123 183 96 229 217 269 243 132 269 227 79 79 191 235 79 56 71 435 0 268 246 138 254 192 165 267 213 398
64 214 308 208 158 94 194 311 193 151 282 241 484 210 158 122 246 178 198 236 99 360 158 383 0 202 214 331 151 64 94 289 245 354 194 309 493 94 94 341 211 213 153 304 312 241 205 268 251 308 348 124 153 348 161 151 151 94 354 151 158 143 360 214 304 341 159 326 287 120 209 256 500
254 217 299 213 214 217 124 0 268 217 33 230 475 333 295 245 160 237 233 295 251 365 214 313 311 345 217 34 217 254 217 163 311 240 264 391 368 217 217 327 119 296 212 7 137 148 113 121 159 299 74 297 236 74 157 217 217 217 240 217 214 225 365 217 117 44 242 392 78 243 268 62 407
224 183 269 100 127 111 11 113 155 104 146 329 420 227 182 139 171 206 167 264 259 252 127 200 205 239 183 133 104 224 111 258 198 246 151 278 481 111 111 369 6 217 181 106 206 245 0 234 46 269 143 284 157 143 44 104 104 111 246 104 127 112 252 183 230 143 163 279 177 137 204 175 469
277 250 177 346 306 258 358 327 350 329 360 454 353 374 258 286 281 213 266 105 312 498 306 547 341 386 250 347 329 277 258 437 423 200 358 487 578 258 258 0 375 377 188 320 316 326 369 339 406 177 253 337 317 253 325 329 329 258 200 329 306 321 498 250 444 357 323 499 322 284 244 389 648
261 224 292 206 207 210 117 7 261 210 40 223 468 326 288 238 153 230 240 288 258 358 207 306 304 338 224 27 210 261 210 170 304 247 257 384 375 210 210 320 112 290 205 0 130 155 106 128 152 292 67 304 230 67 150 210 210 210 247 210 207 218 358 224 124 37 236 385 71 236 261 69 400
328 269 359 243 213 254 154 74 298 236 107 282 449 370 314 282 220 297 253 355 325 395 213 343 348 382 269 94 236 328 254 237 330 314 294 394 442 254 254 253 137 349 272 67 63 222 143 195 189 359 0 371 289 0 187 236 236 254 314 236 213 228 395 269 191 104 295 411 138 280 328 136 467
227 123 293 261 164 147 247 148 223 141 115 372 468 263 219 175 231 113 139 221 262 413 164 436 241 223 123 182 141 227 147 245 235 166 247 315 252 147 147 326 251 148 138 155 285 0 245 27 291 293 222 287 88 222 214 141 141 147 166 141 164 149 413 123 199 192 94 307 226 121 144 144 506
424 383 469 300 327 289 189 313 333 304 346 529 620 405 382 317 371 406 367 464 459 452 327 0 383 417 383 333 304 424 289 458 398 446 351 478 681 289 289 547 206 408 381 306 406 436 200 434 246 469 343 484 348 343 222 304 304 289 446 304 327 312 452 383 430 343 354 479 377 315 382 375 669
192 213 361 275 232 217 186 62 313 255 29 292 537 333 333 245 222 257 229 357 227 427 232 375 256 345 213 96 255 192 217 101 349 256 317 413 364 217 217 389 181 292 274 69 199 144 175 117 221 361 136 252 232 136 219 255 255 217 256 255 232 247 427 213 113 106 238 430 140 243 288 0 469
35 218 279 307 162 193 270 251 292 155 256 180 455 309 233 221 217 149 202 207 0 361 162 459 99 301 218 285 155 35 193 293 249 409 293 270 514 193 193 312 265 245 124 258 388 262 259 289 305 279 325 95 185 325 260 155 155 193 409 155 162 147 361 218 275 295 191 330 258 218 180 227 504
64 214 308 208 158 94 194 311 193 151 282 241 484 210 158 122 246 178 198 236 99 360 158 383 0 202 214 331 151 64 94 289 245 354 194 309 493 94 94 341 211 213 153 304 312 241 205 268 251 308 348 124 153 348 161 151 151 94 354 151 158 143 360 214 304 341 159 326 287 120 209 256 500
261 224 292 206 207 210 117 7 261 210 40 223 468 326 288 238 153 230 240 288 258 358 207 306 304 338 224 27 210 261 210 170 304 247 257 384 375 210 210 320 112 290 205 0 130 155 106 128 152 292 67 304 230 67 150 210 210 210 247 210 207 218 358 224 124 37 236 385 71 236 261 69 400
420 393 176 320 449 434 431 475 493 472 508 597 0 550 401 406 424 356 409 248 455 168 449 620 484 562 393 495 472 420 434 580 566 454 371 580 720 434 434 353 426 553 331 468 512 468 420 441 466 176 449 480 493 449 464 472 472 434 454 472 449 464 168 393 592 505 499 445 465 460 387 537 561
230 189 263 106 133 117 17 119 161 110 152 335 426 233 188 145 177 212 173 270 265 258 133 206 211 245 189 139 110 230 117 264 204 252 157 284 487 117 117 375 0 223 187 112 200 251 6 240 52 263 137 290 163 137 50 110 110 117 252 110 133 118 258 189 236 149 169 285 183 143 210 181 475
224 183 269 100 127 111 11 113 155 104 146 329 420 227 182 139 171 206 167 264 259 252 127 200 205 239 183 133 104 224 111 258 198 246 151 278 481 111 111 369 6 217 181 106 206 245 0 234 46 269 143 284 157 143 44 104 104 111 246 104 127 112 252 183 230 143 163 279 177 137 204 175 469
295 254 471 379 198 287 290 392 354 175 422 472 445 403 253 294 362 409 238 399 330 531 198 479 326 363 254 378 175 295 287 329 269 299 366 349 559 287 287 499 285 288 384 385 474 307 279 334 323 471 411 355 228 411 323 175 175 287 299 175 198 183 531 254 426 388 234 0 334 261 440 430 540
182 321 248 271 298 220 182 160 326 275 193 359 424 336 329 192 0 118 337 176 217 423 298 371 246 348 321 180 275 182 220 323 369 382 264 449 483 220 220 281 177 339 93 153 283 231 171 258 125 248 220 242 279 220 177 275 275 220 382 275 298 283 423 321 277 190 285 362 224 246 149 222 553
235 194 280 111 138 100 0 124 144 115 157 340 431 216 193 128 182 217 178 275 270 263 138 189 194 228 194 144 115 235 100 269 209 257 162 289 492 100 100 358 17 219 192 117 217 247 11 245 57 280 154 295 159 154 33 115 115 100 257 115 138 123 263 194 241 154 165 290 188 126 193 186 480
64 214 308 208 158 94 194 311 193 151 282 241 484 210 158 122 246 178 198 236 99 360 158 383 0 202 214 331 151 64 94 289 245 354 194 309 493 94 94 341 211 213 153 304 312 241 205 268 251 308 348 124 153 348 161 151 151 94 354 151 158 143 360 214 304 341 159 326 287 120 209 256 500
258 187 404 358 131 266 269 163 287 154 130 393 580 382 232 273 323 358 171 332 293 510 131 458 289 342 187 197 154 258 266 0 248 357 345 312 465 266 266 437 264 267 347 170 300 245 258 218 304 404 237 318 207 237 302 154 154 266 357 154 131 146 510 187 214 207 213 329 241 240 389 101 473
225 227 313 144 171 67 33 157 177 148 190 373 464 183 226 95 177 191 211 299 260 296 171 222 161 195 227 177 148 225 67 302 242 290 167 322 466 67 67 325 50 186 216 150 250 214 44 241 90 313 187 285 126 187 0 148 148 67 290 148 171 156 296 227 274 187 132 323 221 93 160 219 513
120 79 296 204 23 112 115 217 179 0 250 297 472 228 78 119 275 234 63 224 155 356 23 304 151 188 79 203 0 120 112 154 94 307 191 174 393 112 112 329 110 113 209 210 299 141 104 168 150 296 236 180 53 236 148 0 0 112 307 0 23 8 356 79 251 213 59 175 159 86 265 255 365
258 270 391 51 214 100 162 264 306 191 288 435 371 216 269 72 264 357 254 403 293 203 214 351 194 228 270 284 191 258 100 345 285 197 0 365 499 100 100 358 157 219 332 257 318 247 151 274 197 391 294 318 159 294 167 191 191 100 197 191 214 199 203 270 311 294 165 366 328 126 327 317 433
261 224 292 206 207 210 117 7 261 210 40 223 468 326 288 238 153 230 240 288 258 358 207 306 304 338 224 27 210 261 210 170 304 247 257 384 375 210 210 320 112 290 205 0 130 155 106 128 152 292 67 304 230 67 150 210 210 210 247 210 207 218 358 224 124 37 236 385 71 236 261 69 400
145 267 211 304 272 227 193 268 337 265 259 322 387 343 292 255 149 31 283 139 180 456 272 382 209 355 267 234 265 145 227 389 359 310 327 423 396 227 227 244 210 292 56 261 391 144 204 171 250 211 328 205 232 328 160 265 265 227 310 265 272 257 456 267 343 244 238 440 190 253 0 288 607
183 165 317 140 109 26 126 243 265 86 214 317 460 142 164 54 246 234 149 310 218 292 109 315 120 102 165 263 86 183 26 240 180 286 126 260 373 26 26 284 143 93 259 236 244 121 137 148 183 317 280 243 33 280 93 86 86 26 286 86 109 94 292 165 293 273 39 261 245 0 253 243 451
145 267 211 304 272 227 193 268 337 265 259 322 387 343 292 255 149 31 283 139 180 456 272 382 209 355 267 234 265 145 227 389 359 310 327 423 396 227 227 244 210 292 56 261 391 144 204 171 250 211 328 205 232 328 160 265 265 227 310 265 272 257 456 267 343 244 238 440 190 253 0 288 607
158 191 291 114 135 0 100 217 244 112 188 335 434 116 190 28 220 258 175 330 193 266 135 289 94 128 191 237 112 158 0 266 206 260 100 286 399 0 0 258 117 119 247 210 218 147 111 174 157 291 254 218 59 254 67 112 112 0 260 112 135 120 266 191 267 247 65 287 271 26 227 217 475
461 437 520 373 381 303 345 235 489 404 268 397 389 419 460 331 381 404 421 462 486 221 381 534 397 431 437 201 404 461 303 398 498 475 403 562 438 303 303 548 340 422 379 228 358 383 334 356 380 520 295 521 362 295 370 404 404 303 475 404 381 396 221 437 352 211 368 579 245 329 435 297 172
326 435 344 152 379 266 263 365 407 356 398 503 168 382 434 238 423 440 419 416 361 0 379 452 360 394 435 385 356 326 266 510 450 298 203 530 659 266 266 498 258 385 415 358 458 413 252 437 298 344 395 357 325 395 296 356 356 266 298 356 379 364 0 435 477 395 331 531 429 292 456 427 393
221 184 332 246 240 188 157 33 284 250 0 263 508 304 328 216 193 228 200 328 256 398 240 346 282 316 184 67 250 221 188 130 344 227 288 421 335 188 188 360 152 263 245 40 170 115 146 88 192 332 107 264 203 107 190 250 250 188 227 250 240 255 398 184 84 77 209 422 111 214 259 29 440
89 228 155 281 216 247 192 212 328 209 245 266 331 363 236 275 93 25 244 83 124 415 216 381 153 355 228 178 209 89 247 347 303 289 332 367 390 247 247 188 187 286 0 205 335 138 181 165 218 155 272 149 226 272 216 209 209 247 289 209 216 201 415 228 329 188 232 384 134 259 56 274 551
186 198 319 86 142 28 128 245 272 119 216 363 406 144 197 0 192 286 182 343 221 238 142 317 122 156 198 265 119 186 28 273 213 232 72 293 427 28 28 286 145 147 275 238 246 175 139 202 185 319 282 246 87 282 95 119 119 28 232 119 142 127 238 198 239 275 93 294 278 54 255 245 484
469 398 615 484 342 475 480 407 498 365 440 569 561 591 443 484 553 576 382 543 504 393 342 669 500 553 398 373 365 469 475 473 459 630 433 523 266 475 475 648 475 478 551 400 530 506 469 494 515 615 467 529 418 467 513 365 365 475 630 365 342 357 393 398 524 383 424 540 417 451 607 469 0
172 145 72 352 201 330 275 295 245 224 328 349 248 446 153 343 176 108 161 0 207 416 201 464 236 412 145 261 224 172 330 332 318 206 403 382 473 330 330 105 270 337 83 288 418 221 264 241 301 72 355 232 277 355 299 224 224 330 206 224 201 216 416 145 412 271 283 399 217 310 139 357 543
267 236 319 233 180 237 144 34 288 203 67 196 495 353 281 265 180 203 220 261 285 385 180 333 331 365 236 0 203 267 237 197 297 274 284 361 386 237 237 347 139 316 178 27 157 182 133 155 179 319 94 327 256 94 177 203 203 237 274 203 180 195 385 236 151 10 262 378 44 263 234 96 373
257 100 317 255 156 244 144 268 0 179 284 434 493 360 257 272 326 336 116 245 292 407 156 333 193 367 100 288 179 257 244 287 273 335 306 337 475 244 244 350 161 292 328 261 329 223 155 196 201 317 298 317 232 298 177 179 179 244 335 179 156 171 407 100 368 298 238 354 292 265 337 313 498
270 229 315 146 173 157 57 159 201 150 192 375 466 273 228 185 125 243 213 301 305 298 173 246 251 285 229 179 150 270 157 304 244 292 197 324 527 157 157 406 52 263 218 152 252 291 46 280 0 315 189 330 203 189 90 150 150 157 292 150 173 158 298 229 276 189 209 323 223 183 250 221 515
210 192 409 233 136 119 219 296 292 113 263 344 553 235 191 147 339 261 176 337 245 385 136 408 213 195 192 316 113 210 119 267 207 314 219 287 400 119 119 377 223 0 286 290 337 148 217 175 263 409 349 270 60 349 186 113 113 119 314 113 136 121 385 192 347 326 66 288 272 93 292 292 478
150 132 349 173 76 59 159 236 232 53 203 284 493 175 131 87 279 201 116 277 185 325 76 348 153 135 132 256 53 150 59 207 147 254 159 227 340 59 59 317 163 60 226 230 277 88 157 115 203 349 289 210 0 289 126 53 53 59 254 53 76 61 325 132 287 266 6 228 212 33 232 232 418
277 246 329 243 190 247 154 44 298 213 77 186 505 363 291 275 190 213 230 271 295 395 190 343 341 375 246 10 213 277 247 207 307 284 294 371 396 247 247 357 149 326 188 37 167 192 143 165 189 329 104 337 266 104 187 213 213 247 284 213 190 205 395 246 161 0 272 388 54 273 244 106 383
0 183 244 272 127 158 235 254 257 120 221 177 420 274 198 186 182 114 167 172 35 326 127 424 64 266 183 267 120 0 158 258 214 374 258 278 479 158 158 277 230 210 89 261 376 227 224 254 270 244 328 60 150 328 225 120 120 158 374 120 127 112 326 183 240 277 156 295 223 183 145 192 469
150 132 349 173 76 59 159 236 232 53 203 284 493 175 131 87 279 201 116 277 185 325 76 348 153 135 132 256 53 150 59 207 147 254 159 227 340 59 59 317 163 60 226 230 277 88 157 115 203 349 289 210 0 289 126 53 53 59 254 53 76 61 325 132 287 266 6 228 212 33 232 232 418
112 71 288 212 15 120 123 225 171 8 255 289 464 236 86 127 283 226 55 216 147 364 15 312 143 196 71 195 8 112 120 146 102 306 199 166 401 120 120 321 118 121 201 218 291 149 112 167 158 288 228 172 61 228 156 8 8 120 306 8 15 0 364 71 259 205 67 183 151 94 257 247 357
127 56 273 227 0 135 138 214 156 23 240 304 449 251 101 142 298 241 40 201 162 379 0 327 158 211 56 180 23 127 135 131 117 291 214 181 416 135 135 306 133 136 216 207 276 164 127 152 173 273 213 187 76 213 171 23 23 135 291 23 0 15 379 56 274 190 82 198 136 109 272 232 342
112 71 288 212 15 120 123 225 171 8 255 289 464 236 86 127 283 226 55 216 147 364 15 312 143 196 71 195 8 112 120 146 102 306 199 166 401 120 120 321 118 121 201 218 291 149 112 167 158 288 228 172 61 228 156 8 8 120 306 8 15 0 364 71 259 205 67 183 151 94 257 247 357
167 16 233 267 40 175 178 233 116 63 200 344 409 291 141 182 337 252 0 161 202 419 40 367 198 251 16 220 63 167 175 171 157 251 254 221 391 175 175 266 173 176 244 240 316 139 167 112 213 233 253 227 116 253 211 63 63 175 251 63 40 55 419 16 284 230 122 238 176 149 283 229 382
