93 100 15
11 13 13 0 11 17 11 38 11 0 19 38 0 11 0 0 17 13 19 11 17 19 50 11 0 38 17 19 13 0 3 3 0 17 0 11 0 0 17 13 11 11 13 17 19 11 11 11 17 0 19 0 17 0 0 0 17 0 17 11 11 0 13 0 17 0 11 11 38 0 11 0 11 37 0 0 0 37 38 38 11 19 0 17 0 11 11 11 38 37 0 11 11 38 0 30 17 0 11 13
141 155 155 152 141 149 141 153 141 152 149 153 152 141 152 152 149 155 149 141 149 149 180 141 152 153 149 149 155 152 149 149 152 149 152 141 152 152 149 155 141 141 155 149 149 141 141 141 149 152 149 152 149 152 152 152 149 152 149 141 141 152 155 152 149 152 141 141 153 152 141 152 141 183 152 152 152 183 153 153 141 149 152 149 152 141 141 141 153 183 152 141 141 153 152 160 149 152 141 155
8 22 22 17 8 0 8 35 8 17 11 35 17 8 17 17 0 22 11 8 0 11 47 8 17 35 0 11 22 17 16 16 17 0 17 8 17 17 0 22 8 8 22 0 11 8 8 8 0 17 11 17 0 17 17 17 0 17 0 8 8 17 22 17 0 17 8 8 35 17 8 17 8 50 17 17 17 50 35 35 8 11 17 0 17 8 8 8 35 50 17 8 8 35 17 22 0 17 8 22
8 16 16 3 8 16 8 35 8 3 16 35 3 8 3 3 16 16 16 8 16 16 47 8 3 35 16 16 16 3 0 0 3 16 3 8 3 3 16 16 8 8 16 16 16 8 8 8 16 3 16 3 16 3 3 3 16 3 16 8 8 3 16 3 16 3 8 8 35 3 8 3 8 34 3 3 3 34 35 35 8 16 3 16 3 8 8 8 35 34 3 8 8 35 3 27 16 3 8 16
63 77 77 74 63 71 63 36 63 74 70 36 74 63 74 74 71 77 70 63 71 70 102 63 74 36 71 70 77 74 71 71 74 71 74 63 74 74 71 77 63 63 77 71 70 63 63 63 71 74 70 74 71 74 74 74 71 74 71 63 63 74 77 74 71 74 63 63 36 74 63 74 63 105 74 74 74 105 36 36 63 70 74 71 74 63 63 63 36 105 74 63 63 36 74 81 71 74 63 77
8 22 22 19 8 11 8 35 8 19 0 35 19 8 19 19 11 22 0 8 11 0 47 8 19 35 11 0 22 19 16 16 19 11 19 8 19 19 11 22 8 8 22 11 0 8 8 8 11 19 0 19 11 19 19 19 11 19 11 8 8 19 22 19 11 19 8 8 35 19 8 19 8 50 19 19 19 50 35 35 8 0 19 11 19 8 8 8 35 50 19 8 8 35 19 11 11 19 8 22
0 14 14 11 0 8 0 27 0 11 8 27 11 0 11 11 8 14 8 0 8 8 39 0 11 27 8 8 14 11 8 8 11 8 11 0 11 11 8 14 0 0 14 8 8 0 0 0 8 11 8 11 8 11 11 11 8 11 8 0 0 11 14 11 8 11 0 0 27 11 0 11 0 42 11 11 11 42 27 27 0 8 11 8 11 0 0 0 27 42 11 0 0 27 11 19 8 11 0 14
0 14 14 11 0 8 0 27 0 11 8 27 11 0 11 11 8 14 8 0 8 8 39 0 11 27 8 8 14 11 8 8 11 8 11 0 11 11 8 14 0 0 14 8 8 0 0 0 8 11 8 11 8 11 11 11 8 11 8 0 0 11 14 11 8 11 0 0 27 11 0 11 0 42 11 11 11 42 27 27 0 8 11 8 11 0 0 0 27 42 11 0 0 27 11 19 8 11 0 14
0 14 14 11 0 8 0 27 0 11 8 27 11 0 11 11 8 14 8 0 8 8 39 0 11 27 8 8 14 11 8 8 11 8 11 0 11 11 8 14 0 0 14 8 8 0 0 0 8 11 8 11 8 11 11 11 8 11 8 0 0 11 14 11 8 11 0 0 27 11 0 11 0 42 11 11 11 42 27 27 0 8 11 8 11 0 0 0 27 42 11 0 0 27 11 19 8 11 0 14
8 16 16 3 8 16 8 35 8 3 16 35 3 8 3 3 16 16 16 8 16 16 47 8 3 35 16 16 16 3 0 0 3 16 3 8 3 3 16 16 8 8 16 16 16 8 8 8 16 3 16 3 16 3 3 3 16 3 16 8 8 3 16 3 16 3 8 8 35 3 8 3 8 34 3 3 3 34 35 35 8 16 3 16 3 8 8 8 35 34 3 8 8 35 3 27 16 3 8 16
75 83 83 70 75 83 75 102 75 70 83 102 70 75 70 70 83 83 83 75 83 83 114 75 70 102 83 83 83 70 67 67 70 83 70 75 70 70 83 83 75 75 83 83 83 75 75 75 83 70 83 70 83 70 70 70 83 70 83 75 75 70 83 70 83 70 75 75 102 70 75 70 75 33 70 70 70 33 102 102 75 83 70 83 70 75 75 75 102 33 70 75 75 102 70 94 83 70 75 83
27 41 41 38 27 35 27 0 27 38 35 0 38 27 38 38 35 41 35 27 35 35 66 27 38 0 35 35 41 38 35 35 38 35 38 27 38 38 35 41 27 27 41 35 35 27 27 27 35 38 35 38 35 38 38 38 35 38 35 27 27 38 41 38 35 38 27 27 0 38 27 38 27 69 38 38 38 69 0 0 27 35 38 35 38 27 27 27 0 69 38 27 27 0 38 46 35 38 27 41
66 80 80 77 66 69 66 93 66 77 58 93 77 66 77 77 69 80 58 66 69 58 105 66 77 93 69 58 80 77 74 74 77 69 77 66 77 77 69 80 66 66 80 69 58 66 66 66 69 77 58 77 69 77 77 77 69 77 69 66 66 77 80 77 69 77 66 66 93 77 66 77 66 108 77 77 77 108 93 93 66 58 77 69 77 66 66 66 93 108 77 66 66 93 77 69 69 77 66 80
42 50 50 37 42 50 42 69 42 37 50 69 37 42 37 37 50 50 50 42 50 50 81 42 37 69 50 50 50 37 34 34 37 50 37 42 37 37 50 50 42 42 50 50 50 42 42 42 50 37 50 37 50 37 37 37 50 37 50 42 42 37 50 37 50 37 42 42 69 37 42 37 42 0 37 37 37 0 69 69 42 50 37 50 37 42 42 42 69 0 37 42 42 69 37 61 50 37 42 50
8 16 16 3 8 16 8 35 8 3 16 35 3 8 3 3 16 16 16 8 16 16 47 8 3 35 16 16 16 3 0 0 3 16 3 8 3 3 16 16 8 8 16 16 16 8 8 8 16 3 16 3 16 3 3 3 16 3 16 8 8 3 16 3 16 3 8 8 35 3 8 3 8 34 3 3 3 34 35 35 8 16 3 16 3 8 8 8 35 34 3 8 8 35 3 27 16 3 8 16
0 14 14 11 0 8 0 27 0 11 8 27 11 0 11 11 8 14 8 0 8 8 39 0 11 27 8 8 14 11 8 8 11 8 11 0 11 11 8 14 0 0 14 8 8 0 0 0 8 11 8 11 8 11 11 11 8 11 8 0 0 11 14 11 8 11 0 0 27 11 0 11 0 42 11 11 11 42 27 27 0 8 11 8 11 0 0 0 27 42 11 0 0 27 11 19 8 11 0 14
39 53 53 50 39 47 39 66 39 50 47 66 50 39 50 50 47 53 47 39 47 47 0 39 50 66 47 47 53 50 47 47 50 47 50 39 50 50 47 53 39 39 53 47 47 39 39 39 47 50 47 50 47 50 50 50 47 50 47 39 39 50 53 50 47 50 39 39 66 50 39 50 39 81 50 50 50 81 66 66 39 47 50 47 50 39 39 39 66 81 50 39 39 66 50 58 47 50 39 53
39 53 53 50 39 47 39 66 39 50 47 66 50 39 50 50 47 53 47 39 47 47 0 39 50 66 47 47 53 50 47 47 50 47 50 39 50 50 47 53 39 39 53 47 47 39 39 39 47 50 47 50 47 50 50 50 47 50 47 39 39 50 53 50 47 50 39 39 66 50 39 50 39 81 50 50 50 81 66 66 39 47 50 47 50 39 39 39 66 81 50 39 39 66 50 58 47 50 39 53
8 22 22 17 8 0 8 35 8 17 11 35 17 8 17 17 0 22 11 8 0 11 47 8 17 35 0 11 22 17 16 16 17 0 17 8 17 17 0 22 8 8 22 0 11 8 8 8 0 17 11 17 0 17 17 17 0 17 0 8 8 17 22 17 0 17 8 8 35 17 8 17 8 50 17 17 17 50 35 35 8 11 17 0 17 8 8 8 35 50 17 8 8 35 17 22 0 17 8 22
8 16 16 3 8 16 8 35 8 3 16 35 3 8 3 3 16 16 16 8 16 16 47 8 3 35 16 16 16 3 0 0 3 16 3 8 3 3 16 16 8 8 16 16 16 8 8 8 16 3 16 3 16 3 3 3 16 3 16 8 8 3 16 3 16 3 8 8 35 3 8 3 8 34 3 3 3 34 35 35 8 16 3 16 3 8 8 8 35 34 3 8 8 35 3 27 16 3 8 16
26 28 28 15 26 32 26 53 26 15 34 53 15 26 15 15 32 28 34 26 32 34 65 26 15 53 32 34 28 15 18 18 15 32 15 26 15 15 32 28 26 26 28 32 34 26 26 26 32 15 34 15 32 15 15 15 32 15 32 26 26 15 28 15 32 15 26 26 53 15 26 15 26 52 15 15 15 52 53 53 26 34 15 32 15 26 26 26 53 52 15 26 26 53 15 45 32 15 26 28
39 53 53 50 39 47 39 66 39 50 47 66 50 39 50 50 47 53 47 39 47 47 0 39 50 66 47 47 53 50 47 47 50 47 50 39 50 50 47 53 39 39 53 47 47 39 39 39 47 50 47 50 47 50 50 50 47 50 47 39 39 50 53 50 47 50 39 39 66 50 39 50 39 81 50 50 50 81 66 66 39 47 50 47 50 39 39 39 66 81 50 39 39 66 50 58 47 50 39 53
8 22 22 19 8 11 8 35 8 19 0 35 19 8 19 19 11 22 0 8 11 0 47 8 19 35 11 0 22 19 16 16 19 11 19 8 19 19 11 22 8 8 22 11 0 8 8 8 11 19 0 19 11 19 19 19 11 19 11 8 8 19 22 19 11 19 8 8 35 19 8 19 8 50 19 19 19 50 35 35 8 0 19 11 19 8 8 8 35 50 19 8 8 35 19 11 11 19 8 22
39 53 53 50 39 47 39 66 39 50 47 66 50 39 50 50 47 53 47 39 47 47 0 39 50 66 47 47 53 50 47 47 50 47 50 39 50 50 47 53 39 39 53 47 47 39 39 39 47 50 47 50 47 50 50 50 47 50 47 39 39 50 53 50 47 50 39 39 66 50 39 50 39 81 50 50 50 81 66 66 39 47 50 47 50 39 39 39 66 81 50 39 39 66 50 58 47 50 39 53
42 50 50 37 42 50 42 69 42 37 50 69 37 42 37 37 50 50 50 42 50 50 81 42 37 69 50 50 50 37 34 34 37 50 37 42 37 37 50 50 42 42 50 50 50 42 42 42 50 37 50 37 50 37 37 37 50 37 50 42 42 37 50 37 50 37 42 42 69 37 42 37 42 0 37 37 37 0 69 69 42 50 37 50 37 42 42 42 69 0 37 42 42 69 37 61 50 37 42 50
30 44 44 39 30 22 30 57 30 39 33 57 39 30 39 39 22 44 33 30 22 33 69 30 39 57 22 33 44 39 38 38 39 22 39 30 39 39 22 44 30 30 44 22 33 30 30 30 22 39 33 39 22 39 39 39 22 39 22 30 30 39 44 39 22 39 30 30 57 39 30 39 30 72 39 39 39 72 57 57 30 33 39 22 39 30 30 30 57 72 39 30 30 57 39 44 22 39 30 44
39 53 53 50 39 47 39 66 39 50 47 66 50 39 50 50 47 53 47 39 47 47 0 39 50 66 47 47 53 50 47 47 50 47 50 39 50 50 47 53 39 39 53 47 47 39 39 39 47 50 47 50 47 50 50 50 47 50 47 39 39 50 53 50 47 50 39 39 66 50 39 50 39 81 50 50 50 81 66 66 39 47 50 47 50 39 39 39 66 81 50 39 39 66 50 58 47 50 39 53
8 22 22 19 8 11 8 35 8 19 0 35 19 8 19 19 11 22 0 8 11 0 47 8 19 35 11 0 22 19 16 16 19 11 19 8 19 19 11 22 8 8 22 11 0 8 8 8 11 19 0 19 11 19 19 19 11 19 11 8 8 19 22 19 11 19 8 8 35 19 8 19 8 50 19 19 19 50 35 35 8 0 19 11 19 8 8 8 35 50 19 8 8 35 19 11 11 19 8 22
116 130 130 127 116 124 116 89 116 127 124 89 127 116 127 127 124 130 124 116 124 124 155 116 127 89 124 124 130 127 124 124 127 124 127 116 127 127 124 130 116 116 130 124 124 116 116 116 124 127 124 127 124 127 127 127 124 127 124 116 116 127 130 127 124 127 116 116 89 127 116 127 116 158 127 127 127 158 89 89 116 124 127 124 127 116 116 116 89 158 127 116 116 89 127 135 124 127 116 130
76 78 78 65 76 82 76 103 76 65 84 103 65 76 65 65 82 78 84 76 82 84 115 76 65 103 82 84 78 65 68 68 65 82 65 76 65 65 82 78 76 76 78 82 84 76 76 76 82 65 84 65 82 65 65 65 82 65 82 76 76 65 78 65 82 65 76 76 103 65 76 65 76 102 65 65 65 102 103 103 76 84 65 82 65 76 76 76 103 102 65 76 76 103 65 95 82 65 76 78
29 37 37 24 29 37 29 56 29 24 37 56 24 29 24 24 37 37 37 29 37 37 68 29 24 56 37 37 37 24 27 27 24 37 24 29 24 24 37 37 29 29 37 37 37 29 29 29 37 24 37 24 37 24 24 24 37 24 37 29 29 24 37 24 37 24 29 29 56 24 29 24 29 61 24 24 24 61 56 56 29 37 24 37 24 29 29 29 56 61 24 29 29 56 24 48 37 24 29 37
43 45 45 32 43 49 43 70 43 32 51 70 32 43 32 32 49 45 51 43 49 51 82 43 32 70 49 51 45 32 35 35 32 49 32 43 32 32 49 45 43 43 45 49 51 43 43 43 49 32 51 32 49 32 32 32 49 32 49 43 43 32 45 32 49 32 43 43 70 32 43 32 43 69 32 32 32 69 70 70 43 51 32 49 32 43 43 43 70 69 32 43 43 70 32 62 49 32 43 45
8 22 22 17 8 0 8 35 8 17 11 35 17 8 17 17 0 22 11 8 0 11 47 8 17 35 0 11 22 17 16 16 17 0 17 8 17 17 0 22 8 8 22 0 11 8 8 8 0 17 11 17 0 17 17 17 0 17 0 8 8 17 22 17 0 17 8 8 35 17 8 17 8 50 17 17 17 50 35 35 8 11 17 0 17 8 8 8 35 50 17 8 8 35 17 22 0 17 8 22
8 16 16 3 8 16 8 35 8 3 16 35 3 8 3 3 16 16 16 8 16 16 47 8 3 35 16 16 16 3 0 0 3 16 3 8 3 3 16 16 8 8 16 16 16 8 8 8 16 3 16 3 16 3 3 3 16 3 16 8 8 3 16 3 16 3 8 8 35 3 8 3 8 34 3 3 3 34 35 35 8 16 3 16 3 8 8 8 35 34 3 8 8 35 3 27 16 3 8 16
14 0 0 13 14 22 14 41 14 13 22 41 13 14 13 13 22 0 22 14 22 22 53 14 13 41 22 22 0 13 16 16 13 22 13 14 13 13 22 0 14 14 0 22 22 14 14 14 22 13 22 13 22 13 13 13 22 13 22 14 14 13 0 13 22 13 14 14 41 13 14 13 14 50 13 13 13 50 41 41 14 22 13 22 13 14 14 14 41 50 13 14 14 41 13 33 22 13 14 0
8 22 22 19 8 11 8 35 8 19 0 35 19 8 19 19 11 22 0 8 11 0 47 8 19 35 11 0 22 19 16 16 19 11 19 8 19 19 11 22 8 8 22 11 0 8 8 8 11 19 0 19 11 19 19 19 11 19 11 8 8 19 22 19 11 19 8 8 35 19 8 19 8 50 19 19 19 50 35 35 8 0 19 11 19 8 8 8 35 50 19 8 8 35 19 11 11 19 8 22
27 41 41 38 27 35 27 0 27 38 35 0 38 27 38 38 35 41 35 27 35 35 66 27 38 0 35 35 41 38 35 35 38 35 38 27 38 38 35 41 27 27 41 35 35 27 27 27 35 38 35 38 35 38 38 38 35 38 35 27 27 38 41 38 35 38 27 27 0 38 27 38 27 69 38 38 38 69 0 0 27 35 38 35 38 27 27 27 0 69 38 27 27 0 38 46 35 38 27 41
8 22 22 19 8 11 8 35 8 19 0 35 19 8 19 19 11 22 0 8 11 0 47 8 19 35 11 0 22 19 16 16 19 11 19 8 19 19 11 22 8 8 22 11 0 8 8 8 11 19 0 19 11 19 19 19 11 19 11 8 8 19 22 19 11 19 8 8 35 19 8 19 8 50 19 19 19 50 35 35 8 0 19 11 19 8 8 8 35 50 19 8 8 35 19 11 11 19 8 22
27 41 41 38 27 35 27 54 27 38 35 54 38 27 38 38 35 41 35 27 35 35 66 27 38 54 35 35 41 38 35 35 38 35 38 27 38 38 35 41 27 27 41 35 35 27 27 27 35 38 35 38 35 38 38 38 35 38 35 27 27 38 41 38 35 38 27 27 54 38 27 38 27 69 38 38 38 69 54 54 27 35 38 35 38 27 27 27 54 69 38 27 27 54 38 46 35 38 27 41
14 0 0 13 14 22 14 41 14 13 22 41 13 14 13 13 22 0 22 14 22 22 53 14 13 41 22 22 0 13 16 16 13 22 13 14 13 13 22 0 14 14 0 22 22 14 14 14 22 13 22 13 22 13 13 13 22 13 22 14 14 13 0 13 22 13 14 14 41 13 14 13 14 50 13 13 13 50 41 41 14 22 13 22 13 14 14 14 41 50 13 14 14 41 13 33 22 13 14 0
44 46 46 33 44 50 44 71 44 33 52 71 33 44 33 33 50 46 52 44 50 52 83 44 33 71 50 52 46 33 36 36 33 50 33 44 33 33 50 46 44 44 46 50 52 44 44 44 50 33 52 33 50 33 33 33 50 33 50 44 44 33 46 33 50 33 44 44 71 33 44 33 44 70 33 33 33 70 71 71 44 52 33 50 33 44 44 44 71 70 33 44 44 71 33 63 50 33 44 46
28 42 42 39 28 36 28 55 28 39 36 55 39 28 39 39 36 42 36 28 36 36 67 28 39 55 36 36 42 39 36 36 39 36 39 28 39 39 36 42 28 28 42 36 36 28 28 28 36 39 36 39 36 39 39 39 36 39 36 28 28 39 42 39 36 39 28 28 55 39 28 39 28 70 39 39 39 70 55 55 28 36 39 36 39 28 28 28 55 70 39 28 28 55 39 47 36 39 28 42
8 22 22 19 8 11 8 35 8 19 0 35 19 8 19 19 11 22 0 8 11 0 47 8 19 35 11 0 22 19 16 16 19 11 19 8 19 19 11 22 8 8 22 11 0 8 8 8 11 19 0 19 11 19 19 19 11 19 11 8 8 19 22 19 11 19 8 8 35 19 8 19 8 50 19 19 19 50 35 35 8 0 19 11 19 8 8 8 35 50 19 8 8 35 19 11 11 19 8 22
59 45 45 58 59 67 59 86 59 58 67 86 58 59 58 58 67 45 67 59 67 67 98 59 58 86 67 67 45 58 61 61 58 67 58 59 58 58 67 45 59 59 45 67 67 59 59 59 67 58 67 58 67 58 58 58 67 58 67 59 59 58 45 58 67 58 59 59 86 58 59 58 59 95 58 58 58 95 86 86 59 67 58 67 58 59 59 59 86 95 58 59 59 86 58 78 67 58 59 45
27 41 41 38 27 35 27 0 27 38 35 0 38 27 38 38 35 41 35 27 35 35 66 27 38 0 35 35 41 38 35 35 38 35 38 27 38 38 35 41 27 27 41 35 35 27 27 27 35 38 35 38 35 38 38 38 35 38 35 27 27 38 41 38 35 38 27 27 0 38 27 38 27 69 38 38 38 69 0 0 27 35 38 35 38 27 27 27 0 69 38 27 27 0 38 46 35 38 27 41
8 22 22 19 8 11 8 35 8 19 0 35 19 8 19 19 11 22 0 8 11 0 47 8 19 35 11 0 22 19 16 16 19 11 19 8 19 19 11 22 8 8 22 11 0 8 8 8 11 19 0 19 11 19 19 19 11 19 11 8 8 19 22 19 11 19 8 8 35 19 8 19 8 50 19 19 19 50 35 35 8 0 19 11 19 8 8 8 35 50 19 8 8 35 19 11 11 19 8 22
8 16 16 3 8 16 8 35 8 3 16 35 3 8 3 3 16 16 16 8 16 16 47 8 3 35 16 16 16 3 0 0 3 16 3 8 3 3 16 16 8 8 16 16 16 8 8 8 16 3 16 3 16 3 3 3 16 3 16 8 8 3 16 3 16 3 8 8 35 3 8 3 8 34 3 3 3 34 35 35 8 16 3 16 3 8 8 8 35 34 3 8 8 35 3 27 16 3 8 16
14 16 16 3 14 20 14 41 14 3 22 41 3 14 3 3 20 16 22 14 20 22 53 14 3 41 20 22 16 3 6 6 3 20 3 14 3 3 20 16 14 14 16 20 22 14 14 14 20 3 22 3 20 3 3 3 20 3 20 14 14 3 16 3 20 3 14 14 41 3 14 3 14 40 3 3 3 40 41 41 14 22 3 20 3 14 14 14 41 40 3 14 14 41 3 33 20 3 14 16
8 22 22 19 8 11 8 35 8 19 0 35 19 8 19 19 11 22 0 8 11 0 47 8 19 35 11 0 22 19 16 16 19 11 19 8 19 19 11 22 8 8 22 11 0 8 8 8 11 19 0 19 11 19 19 19 11 19 11 8 8 19 22 19 11 19 8 8 35 19 8 19 8 50 19 19 19 50 35 35 8 0 19 11 19 8 8 8 35 50 19 8 8 35 19 11 11 19 8 22
27 41 41 38 27 35 27 0 27 38 35 0 38 27 38 38 35 41 35 27 35 35 66 27 38 0 35 35 41 38 35 35 38 35 38 27 38 38 35 41 27 27 41 35 35 27 27 27 35 38 35 38 35 38 38 38 35 38 35 27 27 38 41 38 35 38 27 27 0 38 27 38 27 69 38 38 38 69 0 0 27 35 38 35 38 27 27 27 0 69 38 27 27 0 38 46 35 38 27 41
8 22 22 17 8 0 8 35 8 17 11 35 17 8 17 17 0 22 11 8 0 11 47 8 17 35 0 11 22 17 16 16 17 0 17 8 17 17 0 22 8 8 22 0 11 8 8 8 0 17 11 17 0 17 17 17 0 17 0 8 8 17 22 17 0 17 8 8 35 17 8 17 8 50 17 17 17 50 35 35 8 11 17 0 17 8 8 8 35 50 17 8 8 35 17 22 0 17 8 22
8 16 16 3 8 16 8 35 8 3 16 35 3 8 3 3 16 16 16 8 16 16 47 8 3 35 16 16 16 3 0 0 3 16 3 8 3 3 16 16 8 8 16 16 16 8 8 8 16 3 16 3 16 3 3 3 16 3 16 8 8 3 16 3 16 3 8 8 35 3 8 3 8 34 3 3 3 34 35 35 8 16 3 16 3 8 8 8 35 34 3 8 8 35 3 27 16 3 8 16
14 0 0 13 14 22 14 41 14 13 22 41 13 14 13 13 22 0 22 14 22 22 53 14 13 41 22 22 0 13 16 16 13 22 13 14 13 13 22 0 14 14 0 22 22 14 14 14 22 13 22 13 22 13 13 13 22 13 22 14 14 13 0 13 22 13 14 14 41 13 14 13 14 50 13 13 13 50 41 41 14 22 13 22 13 14 14 14 41 50 13 14 14 41 13 33 22 13 14 0
8 16 16 3 8 16 8 35 8 3 16 35 3 8 3 3 16 16 16 8 16 16 47 8 3 35 16 16 16 3 0 0 3 16 3 8 3 3 16 16 8 8 16 16 16 8 8 8 16 3 16 3 16 3 3 3 16 3 16 8 8 3 16 3 16 3 8 8 35 3 8 3 8 34 3 3 3 34 35 35 8 16 3 16 3 8 8 8 35 34 3 8 8 35 3 27 16 3 8 16
27 41 41 38 27 35 27 0 27 38 35 0 38 27 38 38 35 41 35 27 35 35 66 27 38 0 35 35 41 38 35 35 38 35 38 27 38 38 35 41 27 27 41 35 35 27 27 27 35 38 35 38 35 38 38 38 35 38 35 27 27 38 41 38 35 38 27 27 0 38 27 38 27 69 38 38 38 69 0 0 27 35 38 35 38 27 27 27 0 69 38 27 27 0 38 46 35 38 27 41
39 53 53 50 39 47 39 66 39 50 47 66 50 39 50 50 47 53 47 39 47 47 0 39 50 66 47 47 53 50 47 47 50 47 50 39 50 50 47 53 39 39 53 47 47 39 39 39 47 50 47 50 47 50 50 50 47 50 47 39 39 50 53 50 47 50 39 39 66 50 39 50 39 81 50 50 50 81 66 66 39 47 50 47 50 39 39 39 66 81 50 39 39 66 50 58 47 50 39 53
8 22 22 17 8 0 8 35 8 17 11 35 17 8 17 17 0 22 11 8 0 11 47 8 17 35 0 11 22 17 16 16 17 0 17 8 17 17 0 22 8 8 22 0 11 8 8 8 0 17 11 17 0 17 17 17 0 17 0 8 8 17 22 17 0 17 8 8 35 17 8 17 8 50 17 17 17 50 35 35 8 11 17 0 17 8 8 8 35 50 17 8 8 35 17 22 0 17 8 22
14 0 0 13 14 22 14 41 14 13 22 41 13 14 13 13 22 0 22 14 22 22 53 14 13 41 22 22 0 13 16 16 13 22 13 14 13 13 22 0 14 14 0 22 22 14 14 14 22 13 22 13 22 13 13 13 22 13 22 14 14 13 0 13 22 13 14 14 41 13 14 13 14 50 13 13 13 50 41 41 14 22 13 22 13 14 14 14 41 50 13 14 14 41 13 33 22 13 14 0
14 0 0 13 14 22 14 41 14 13 22 41 13 14 13 13 22 0 22 14 22 22 53 14 13 41 22 22 0 13 16 16 13 22 13 14 13 13 22 0 14 14 0 22 22 14 14 14 22 13 22 13 22 13 13 13 22 13 22 14 14 13 0 13 22 13 14 14 41 13 14 13 14 50 13 13 13 50 41 41 14 22 13 22 13 14 14 14 41 50 13 14 14 41 13 33 22 13 14 0
267 281 281 278 267 275 267 294 267 278 275 294 278 267 278 278 275 281 275 267 275 275 228 267 278 294 275 275 281 278 275 275 278 275 278 267 278 278 275 281 267 267 281 275 275 267 267 267 275 278 275 278 275 278 278 278 275 278 275 267 267 278 281 278 275 278 267 267 294 278 267 278 267 309 278 278 278 309 294 294 267 275 278 275 278 267 267 267 294 309 278 267 267 294 278 286 275 278 267 281
42 50 50 37 42 50 42 69 42 37 50 69 37 42 37 37 50 50 50 42 50 50 81 42 37 69 50 50 50 37 34 34 37 50 37 42 37 37 50 50 42 42 50 50 50 42 42 42 50 37 50 37 50 37 37 37 50 37 50 42 42 37 50 37 50 37 42 42 69 37 42 37 42 0 37 37 37 0 69 69 42 50 37 50 37 42 42 42 69 0 37 42 42 69 37 61 50 37 42 50
0 14 14 11 0 8 0 27 0 11 8 27 11 0 11 11 8 14 8 0 8 8 39 0 11 27 8 8 14 11 8 8 11 8 11 0 11 11 8 14 0 0 14 8 8 0 0 0 8 11 8 11 8 11 11 11 8 11 8 0 0 11 14 11 8 11 0 0 27 11 0 11 0 42 11 11 11 42 27 27 0 8 11 8 11 0 0 0 27 42 11 0 0 27 11 19 8 11 0 14
8 16 16 3 8 16 8 35 8 3 16 35 3 8 3 3 16 16 16 8 16 16 47 8 3 35 16 16 16 3 0 0 3 16 3 8 3 3 16 16 8 8 16 16 16 8 8 8 16 3 16 3 16 3 3 3 16 3 16 8 8 3 16 3 16 3 8 8 35 3 8 3 8 34 3 3 3 34 35 35 8 16 3 16 3 8 8 8 35 34 3 8 8 35 3 27 16 3 8 16
50 52 52 39 50 56 50 77 50 39 58 77 39 50 39 39 56 52 58 50 56 58 89 50 39 77 56 58 52 39 42 42 39 56 39 50 39 39 56 52 50 50 52 56 58 50 50 50 56 39 58 39 56 39 39 39 56 39 56 50 50 39 52 39 56 39 50 50 77 39 50 39 50 76 39 39 39 76 77 77 50 58 39 56 39 50 50 50 77 76 39 50 50 77 39 69 56 39 50 52
8 16 16 3 8 16 8 35 8 3 16 35 3 8 3 3 16 16 16 8 16 16 47 8 3 35 16 16 16 3 0 0 3 16 3 8 3 3 16 16 8 8 16 16 16 8 8 8 16 3 16 3 16 3 3 3 16 3 16 8 8 3 16 3 16 3 8 8 35 3 8 3 8 34 3 3 3 34 35 35 8 16 3 16 3 8 8 8 35 34 3 8 8 35 3 27 16 3 8 16
80 94 94 91 80 88 80 53 80 91 88 53 91 80 91 91 88 94 88 80 88 88 119 80 91 53 88 88 94 91 88 88 91 88 91 80 91 91 88 94 80 80 94 88 88 80 80 80 88 91 88 91 88 91 91 91 88 91 88 80 80 91 94 91 88 91 80 80 53 91 80 91 80 122 91 91 91 122 53 53 80 88 91 88 91 80 80 80 53 122 91 80 80 53 91 99 88 91 80 94
40 54 54 49 40 32 40 67 40 49 43 67 49 40 49 49 32 54 43 40 32 43 79 40 49 67 32 43 54 49 48 48 49 32 49 40 49 49 32 54 40 40 54 32 43 40 40 40 32 49 43 49 32 49 49 49 32 49 32 40 40 49 54 49 32 49 40 40 67 49 40 49 40 82 49 49 49 82 67 67 40 43 49 32 49 40 40 40 67 82 49 40 40 67 49 54 32 49 40 54
19 33 33 30 19 22 19 46 19 30 11 46 30 19 30 30 22 33 11 19 22 11 58 19 30 46 22 11 33 30 27 27 30 22 30 19 30 30 22 33 19 19 33 22 11 19 19 19 22 30 11 30 22 30 30 30 22 30 22 19 19 30 33 30 22 30 19 19 46 30 19 30 19 61 30 30 30 61 46 46 19 11 30 22 30 19 19 19 46 61 30 19 19 46 30 0 22 30 19 33
42 50 50 37 42 50 42 69 42 37 50 69 37 42 37 37 50 50 50 42 50 50 81 42 37 69 50 50 50 37 34 34 37 50 37 42 37 37 50 50 42 42 50 50 50 42 42 42 50 37 50 37 50 37 37 37 50 37 50 42 42 37 50 37 50 37 42 42 69 37 42 37 42 0 37 37 37 0 69 69 42 50 37 50 37 42 42 42 69 0 37 42 42 69 37 61 50 37 42 50
58 72 72 67 58 50 58 85 58 67 61 85 67 58 67 67 50 72 61 58 50 61 97 58 67 85 50 61 72 67 66 66 67 50 67 58 67 67 50 72 58 58 72 50 61 58 58 58 50 67 61 67 50 67 67 67 50 67 50 58 58 67 72 67 50 67 58 58 85 67 58 67 58 100 67 67 67 100 85 85 58 61 67 50 67 58 58 58 85 100 67 58 58 85 67 72 50 67 58 72
50 64 64 59 50 42 50 77 50 59 53 77 59 50 59 59 42 64 53 50 42 53 89 50 59 77 42 53 64 59 58 58 59 42 59 50 59 59 42 64 50 50 64 42 53 50 50 50 42 59 53 59 42 59 59 59 42 59 42 50 50 59 64 59 42 59 50 50 77 59 50 59 50 92 59 59 59 92 77 77 50 53 59 42 59 50 50 50 77 92 59 50 50 77 59 64 42 59 50 64
8 16 16 3 8 16 8 35 8 3 16 35 3 8 3 3 16 16 16 8 16 16 47 8 3 35 16 16 16 3 0 0 3 16 3 8 3 3 16 16 8 8 16 16 16 8 8 8 16 3 16 3 16 3 3 3 16 3 16 8 8 3 16 3 16 3 8 8 35 3 8 3 8 34 3 3 3 34 35 35 8 16 3 16 3 8 8 8 35 34 3 8 8 35 3 27 16 3 8 16
19 33 33 30 19 22 19 46 19 30 11 46 30 19 30 30 22 33 11 19 22 11 58 19 30 46 22 11 33 30 27 27 30 22 30 19 30 30 22 33 19 19 33 22 11 19 19 19 22 30 11 30 22 30 30 30 22 30 22 19 19 30 33 30 22 30 19 19 46 30 19 30 19 61 30 30 30 61 46 46 19 11 30 22 30 19 19 19 46 61 30 19 19 46 30 0 22 30 19 33
39 53 53 50 39 47 39 66 39 50 47 66 50 39 50 50 47 53 47 39 47 47 0 39 50 66 47 47 53 50 47 47 50 47 50 39 50 50 47 53 39 39 53 47 47 39 39 39 47 50 47 50 47 50 50 50 47 50 47 39 39 50 53 50 47 50 39 39 66 50 39 50 39 81 50 50 50 81 66 66 39 47 50 47 50 39 39 39 66 81 50 39 39 66 50 58 47 50 39 53
27 41 41 38 27 35 27 0 27 38 35 0 38 27 38 38 35 41 35 27 35 35 66 27 38 0 35 35 41 38 35 35 38 35 38 27 38 38 35 41 27 27 41 35 35 27 27 27 35 38 35 38 35 38 38 38 35 38 35 27 27 38 41 38 35 38 27 27 0 38 27 38 27 69 38 38 38 69 0 0 27 35 38 35 38 27 27 27 0 69 38 27 27 0 38 46 35 38 27 41
8 22 22 19 8 11 8 35 8 19 0 35 19 8 19 19 11 22 0 8 11 0 47 8 19 35 11 0 22 19 16 16 19 11 19 8 19 19 11 22 8 8 22 11 0 8 8 8 11 19 0 19 11 19 19 19 11 19 11 8 8 19 22 19 11 19 8 8 35 19 8 19 8 50 19 19 19 50 35 35 8 0 19 11 19 8 8 8 35 50 19 8 8 35 19 11 11 19 8 22
280 288 288 275 280 288 280 307 280 275 288 307 275 280 275 275 288 288 288 280 288 288 319 280 275 307 288 288 288 275 272 272 275 288 275 280 275 275 288 288 280 280 288 288 288 280 280 280 288 275 288 275 288 275 275 275 288 275 288 280 280 275 288 275 288 275 280 280 307 275 280 275 280 306 275 275 275 306 307 307 280 288 275 288 275 280 280 280 307 306 275 280 280 307 275 299 288 275 280 288
14 0 0 13 14 22 14 41 14 13 22 41 13 14 13 13 22 0 22 14 22 22 53 14 13 41 22 22 0 13 16 16 13 22 13 14 13 13 22 0 14 14 0 22 22 14 14 14 22 13 22 13 22 13 13 13 22 13 22 14 14 13 0 13 22 13 14 14 41 13 14 13 14 50 13 13 13 50 41 41 14 22 13 22 13 14 14 14 41 50 13 14 14 41 13 33 22 13 14 0
446 451 451 438 446 454 446 428 446 438 454 428 438 446 438 438 454 451 454 446 454 454 485 446 438 428 454 454 451 438 441 441 438 454 438 446 438 438 454 451 446 446 451 454 454 446 446 446 454 438 454 438 454 438 438 438 454 438 454 446 446 438 451 438 454 438 446 446 428 438 446 438 446 475 438 438 438 475 428 428 446 454 438 454 438 446 446 446 428 475 438 446 446 428 438 465 454 438 446 451
8 16 16 3 8 16 8 35 8 3 16 35 3 8 3 3 16 16 16 8 16 16 47 8 3 35 16 16 16 3 0 0 3 16 3 8 3 3 16 16 8 8 16 16 16 8 8 8 16 3 16 3 16 3 3 3 16 3 16 8 8 3 16 3 16 3 8 8 35 3 8 3 8 34 3 3 3 34 35 35 8 16 3 16 3 8 8 8 35 34 3 8 8 35 3 27 16 3 8 16
8 22 22 17 8 0 8 35 8 17 11 35 17 8 17 17 0 22 11 8 0 11 47 8 17 35 0 11 22 17 16 16 17 0 17 8 17 17 0 22 8 8 22 0 11 8 8 8 0 17 11 17 0 17 17 17 0 17 0 8 8 17 22 17 0 17 8 8 35 17 8 17 8 50 17 17 17 50 35 35 8 11 17 0 17 8 8 8 35 50 17 8 8 35 17 22 0 17 8 22
153 167 167 162 153 161 153 180 153 162 161 180 162 153 162 162 161 167 161 153 161 161 192 153 162 180 161 161 167 162 161 161 162 161 162 153 162 162 161 167 153 153 167 161 161 153 153 153 161 162 161 162 161 162 162 162 161 162 161 153 153 162 167 162 161 162 153 153 180 162 153 162 153 195 162 162 162 195 180 180 153 161 162 161 162 153 153 153 180 195 162 153 153 180 162 172 161 162 153 167
8 22 22 19 8 11 8 35 8 19 0 35 19 8 19 19 11 22 0 8 11 0 47 8 19 35 11 0 22 19 16 16 19 11 19 8 19 19 11 22 8 8 22 11 0 8 8 8 11 19 0 19 11 19 19 19 11 19 11 8 8 19 22 19 11 19 8 8 35 19 8 19 8 50 19 19 19 50 35 35 8 0 19 11 19 8 8 8 35 50 19 8 8 35 19 11 11 19 8 22
8 22 22 19 8 11 8 35 8 19 0 35 19 8 19 19 11 22 0 8 11 0 47 8 19 35 11 0 22 19 16 16 19 11 19 8 19 19 11 22 8 8 22 11 0 8 8 8 11 19 0 19 11 19 19 19 11 19 11 8 8 19 22 19 11 19 8 8 35 19 8 19 8 50 19 19 19 50 35 35 8 0 19 11 19 8 8 8 35 50 19 8 8 35 19 11 11 19 8 22
8 22 22 19 8 11 8 35 8 19 0 35 19 8 19 19 11 22 0 8 11 0 47 8 19 35 11 0 22 19 16 16 19 11 19 8 19 19 11 22 8 8 22 11 0 8 8 8 11 19 0 19 11 19 19 19 11 19 11 8 8 19 22 19 11 19 8 8 35 19 8 19 8 50 19 19 19 50 35 35 8 0 19 11 19 8 8 8 35 50 19 8 8 35 19 11 11 19 8 22
42 50 50 37 42 50 42 69 42 37 50 69 37 42 37 37 50 50 50 42 50 50 81 42 37 69 50 50 50 37 34 34 37 50 37 42 37 37 50 50 42 42 50 50 50 42 42 42 50 37 50 37 50 37 37 37 50 37 50 42 42 37 50 37 50 37 42 42 69 37 42 37 42 0 37 37 37 0 69 69 42 50 37 50 37 42 42 42 69 0 37 42 42 69 37 61 50 37 42 50
27 41 41 38 27 30 27 54 27 38 19 54 38 27 38 38 30 41 19 27 30 19 66 27 38 54 30 19 41 38 35 35 38 30 38 27 38 38 30 41 27 27 41 30 19 27 27 27 30 38 19 38 30 38 38 38 30 38 30 27 27 38 41 38 30 38 27 27 54 38 27 38 27 69 38 38 38 69 54 54 27 19 38 30 38 27 27 27 54 69 38 27 27 54 38 30 30 38 27 41
19 33 33 30 19 22 19 46 19 30 11 46 30 19 30 30 22 33 11 19 22 11 58 19 30 46 22 11 33 30 27 27 30 22 30 19 30 30 22 33 19 19 33 22 11 19 19 19 22 30 11 30 22 30 30 30 22 30 22 19 19 30 33 30 22 30 19 19 46 30 19 30 19 61 30 30 30 61 46 46 19 11 30 22 30 19 19 19 46 61 30 19 19 46 30 0 22 30 19 33
14 0 0 13 14 22 14 41 14 13 22 41 13 14 13 13 22 0 22 14 22 22 53 14 13 41 22 22 0 13 16 16 13 22 13 14 13 13 22 0 14 14 0 22 22 14 14 14 22 13 22 13 22 13 13 13 22 13 22 14 14 13 0 13 22 13 14 14 41 13 14 13 14 50 13 13 13 50 41 41 14 22 13 22 13 14 14 14 41 50 13 14 14 41 13 33 22 13 14 0
42 50 50 37 42 50 42 69 42 37 50 69 37 42 37 37 50 50 50 42 50 50 81 42 37 69 50 50 50 37 34 34 37 50 37 42 37 37 50 50 42 42 50 50 50 42 42 42 50 37 50 37 50 37 37 37 50 37 50 42 42 37 50 37 50 37 42 42 69 37 42 37 42 0 37 37 37 0 69 69 42 50 37 50 37 42 42 42 69 0 37 42 42 69 37 61 50 37 42 50
115 129 129 126 115 118 115 142 115 126 107 142 126 115 126 126 118 129 107 115 118 107 154 115 126 142 118 107 129 126 123 123 126 118 126 115 126 126 118 129 115 115 129 118 107 115 115 115 118 126 107 126 118 126 126 126 118 126 118 115 115 126 129 126 118 126 115 115 142 126 115 126 115 157 126 126 126 157 142 142 115 107 126 118 126 115 115 115 142 157 126 115 115 142 126 118 118 126 115 129
8 22 22 19 8 11 8 35 8 19 0 35 19 8 19 19 11 22 0 8 11 0 47 8 19 35 11 0 22 19 16 16 19 11 19 8 19 19 11 22 8 8 22 11 0 8 8 8 11 19 0 19 11 19 19 19 11 19 11 8 8 19 22 19 11 19 8 8 35 19 8 19 8 50 19 19 19 50 35 35 8 0 19 11 19 8 8 8 35 50 19 8 8 35 19 11 11 19 8 22
14 0 0 13 14 22 14 41 14 13 22 41 13 14 13 13 22 0 22 14 22 22 53 14 13 41 22 22 0 13 16 16 13 22 13 14 13 13 22 0 14 14 0 22 22 14 14 14 22 13 22 13 22 13 13 13 22 13 22 14 14 13 0 13 22 13 14 14 41 13 14 13 14 50 13 13 13 50 41 41 14 22 13 22 13 14 14 14 41 50 13 14 14 41 13 33 22 13 14 0
