68 88 21
54 146 17 144 2 66 93 51 67 60 95 206 37 133 70 95 144 114 133 93 95 17 70 51 156 17 2 51 57 57 140 146 17 156 140 156 54 17 2 95 0 99 55 144 83 60 51 51 67 93 51 51 133 70 93 60 60 60 51 144 67 133 66 93 54 140 54 60 51 114 54 2 2 83 37 95 83 109 143 60 109 51 133 95 17 144 114 95
25 79 50 97 65 86 64 16 0 34 50 235 57 96 41 50 97 85 96 64 50 50 41 22 89 50 65 16 10 10 73 79 50 89 73 89 25 50 65 66 67 70 26 97 16 34 22 16 0 64 16 16 96 41 64 34 34 34 22 97 0 96 86 64 25 73 25 34 16 85 25 65 65 16 57 50 16 80 106 34 80 16 96 50 50 97 85 50
41 95 34 93 49 83 80 0 16 50 66 231 54 92 57 66 93 101 92 80 66 34 57 38 105 34 49 0 6 6 89 95 34 105 89 105 41 34 49 82 51 86 42 93 32 50 38 0 16 80 0 0 92 57 80 50 50 50 38 93 16 92 83 80 41 89 41 50 0 101 41 49 49 32 54 66 32 96 102 50 96 0 92 66 34 93 101 66
38 136 20 147 35 29 77 54 57 23 79 239 0 117 54 79 147 98 117 77 79 20 54 35 138 20 35 54 60 60 130 136 20 146 130 146 38 20 35 79 37 83 39 147 65 23 35 54 57 77 54 54 117 54 77 23 23 23 35 147 57 117 29 77 38 130 38 23 54 98 38 35 35 65 0 79 65 93 127 23 93 54 117 79 20 147 98 79
38 136 20 147 35 29 77 54 57 23 79 239 0 117 54 79 147 98 117 77 79 20 54 35 138 20 35 54 60 60 130 136 20 146 130 146 38 20 35 79 37 83 39 147 65 23 35 54 57 77 54 54 117 54 77 23 23 23 35 147 57 117 29 77 38 130 38 23 54 98 38 35 35 65 0 79 65 93 127 23 93 54 117 79 20 147 98 79
85 100 126 173 135 146 124 92 96 94 100 311 117 0 63 100 173 142 0 124 100 126 63 82 185 126 135 92 86 86 169 100 126 185 169 185 85 126 135 126 133 130 86 173 112 94 82 92 96 124 92 92 0 63 124 94 94 94 82 173 96 0 146 124 85 169 85 94 92 142 85 135 135 112 117 100 112 140 10 94 140 92 0 100 126 173 142 100
3 101 55 114 53 64 42 38 22 12 44 246 35 82 19 44 114 63 82 42 44 55 19 0 111 55 53 38 32 32 95 101 55 111 95 111 3 55 53 44 51 48 4 114 38 12 0 38 22 42 38 38 82 19 42 12 12 12 0 114 22 82 64 42 3 95 3 12 38 63 3 53 53 38 35 44 38 58 92 12 58 38 82 44 55 114 63 44
90 188 119 201 104 151 45 125 109 99 131 249 122 169 106 131 201 150 169 45 131 119 106 87 198 119 104 125 119 119 182 188 119 198 182 198 90 119 104 131 102 135 91 201 125 99 87 125 109 45 125 125 169 106 45 99 99 99 87 201 109 169 151 45 90 182 90 99 125 150 90 104 104 125 122 131 125 145 179 99 145 125 169 131 119 201 150 131
41 95 66 113 81 94 80 32 16 42 66 251 65 112 57 66 113 101 112 80 66 66 57 38 73 66 81 32 26 26 89 95 66 105 89 105 41 66 81 82 83 86 42 113 0 42 38 32 16 80 32 32 112 57 80 42 42 42 38 113 16 112 94 80 41 89 41 42 32 101 41 81 81 0 65 66 0 96 122 42 96 32 112 66 66 113 101 66
41 95 66 113 81 94 80 32 16 42 66 251 65 112 57 66 113 101 112 80 66 66 57 38 73 66 81 32 26 26 89 95 66 105 89 105 41 66 81 82 83 86 42 113 0 42 38 32 16 80 32 32 112 57 80 42 42 42 38 113 16 112 94 80 41 89 41 42 32 101 41 81 81 0 65 66 0 96 122 42 96 32 112 66 66 113 101 66
249 314 219 138 204 268 204 231 235 258 285 0 239 311 265 285 138 309 311 204 285 219 265 246 324 219 204 231 225 225 187 314 219 203 187 203 249 219 204 290 206 237 250 138 251 258 246 231 235 204 231 231 311 265 204 258 258 258 246 138 235 311 268 204 249 187 249 258 231 309 249 204 204 251 239 285 251 224 321 258 224 231 311 285 219 138 309 285
3 101 55 114 53 64 42 38 22 12 44 246 35 82 19 44 114 63 82 42 44 55 19 0 111 55 53 38 32 32 95 101 55 111 95 111 3 55 53 44 51 48 4 114 38 12 0 38 22 42 38 38 82 19 42 12 12 12 0 114 22 82 64 42 3 95 3 12 38 63 3 53 53 38 35 44 38 58 92 12 58 38 82 44 55 114 63 44
35 89 40 87 55 89 74 6 10 44 60 225 60 86 51 60 87 95 86 74 60 40 51 32 99 40 55 6 0 0 83 89 40 99 83 99 35 40 55 76 57 80 36 87 26 44 32 6 10 74 6 6 86 51 74 44 44 44 32 87 10 86 89 74 35 83 35 44 6 95 35 55 55 26 60 60 26 90 96 44 90 6 86 60 40 87 95 60
3 101 55 114 53 64 42 38 22 12 44 246 35 82 19 44 114 63 82 42 44 55 19 0 111 55 53 38 32 32 95 101 55 111 95 111 3 55 53 44 51 48 4 114 38 12 0 38 22 42 38 38 82 19 42 12 12 12 0 114 22 82 64 42 3 95 3 12 38 63 3 53 53 38 35 44 38 58 92 12 58 38 82 44 55 114 63 44
66 164 118 177 116 127 105 101 85 75 90 309 98 142 79 90 177 0 142 105 90 118 79 63 174 118 116 101 95 95 158 164 118 174 158 174 66 118 116 107 114 111 67 177 101 75 63 101 85 105 101 101 142 79 105 75 75 75 63 177 85 142 127 105 66 158 66 75 101 0 66 116 116 101 98 90 101 121 152 75 121 101 142 90 118 177 0 90
58 129 0 127 15 49 97 34 50 43 99 219 20 126 74 99 127 118 126 97 99 0 74 55 139 0 15 34 40 40 123 129 0 139 123 139 58 0 15 99 17 103 59 127 66 43 55 34 50 97 34 34 126 74 97 43 43 43 55 127 50 126 49 97 58 123 58 43 34 118 58 15 15 66 20 99 66 113 136 43 113 34 126 99 0 127 118 99
1 105 59 118 57 68 46 42 26 16 42 250 39 86 23 42 118 67 86 46 42 59 23 4 115 59 57 42 36 36 99 105 59 115 99 115 1 59 57 48 55 46 0 118 42 16 4 42 26 46 42 42 86 23 46 16 16 16 4 118 26 86 68 46 1 99 1 16 42 67 1 57 57 42 39 42 42 56 96 16 56 42 86 42 59 118 67 42
41 95 66 113 81 94 80 32 16 42 66 251 65 112 57 66 113 101 112 80 66 66 57 38 73 66 81 32 26 26 89 95 66 105 89 105 41 66 81 82 83 86 42 113 0 42 38 32 16 80 32 32 112 57 80 42 42 42 38 113 16 112 94 80 41 89 41 42 32 101 41 81 81 0 65 66 0 96 122 42 96 32 112 66 66 113 101 66
55 159 113 86 111 122 100 96 80 70 96 224 93 140 77 96 86 121 140 100 96 113 77 58 169 113 111 96 90 90 153 159 113 169 153 169 55 113 111 102 109 100 56 86 96 70 58 96 80 100 96 96 140 77 100 70 70 70 58 86 80 140 122 100 55 153 55 70 96 121 55 111 111 96 93 96 96 0 150 70 0 96 140 96 113 86 121 96
249 314 219 138 204 268 204 231 235 258 285 0 239 311 265 285 138 309 311 204 285 219 265 246 324 219 204 231 225 225 187 314 219 203 187 203 249 219 204 290 206 237 250 138 251 258 246 231 235 204 231 231 311 265 204 258 258 258 246 138 235 311 268 204 249 187 249 258 231 309 249 204 204 251 239 285 251 224 321 258 224 231 311 285 219 138 309 285
117 176 127 0 142 176 156 93 97 126 147 138 147 173 133 147 0 177 173 156 147 127 133 114 186 127 142 93 87 87 170 176 127 186 170 186 117 127 142 158 144 162 118 0 113 126 114 93 97 156 93 93 173 133 156 126 126 126 114 0 97 173 176 156 117 170 117 126 93 177 117 142 142 113 147 147 113 86 183 126 86 93 173 147 127 0 177 147
35 89 40 87 55 89 74 6 10 44 60 225 60 86 51 60 87 95 86 74 60 40 51 32 99 40 55 6 0 0 83 89 40 99 83 99 35 40 55 76 57 80 36 87 26 44 32 6 10 74 6 6 86 51 74 44 44 44 32 87 10 86 89 74 35 83 35 44 6 95 35 55 55 26 60 60 26 90 96 44 90 6 86 60 40 87 95 60
45 143 97 156 95 106 0 80 64 54 86 204 77 124 61 86 156 105 124 0 86 97 61 42 153 97 95 80 74 74 137 143 97 153 137 153 45 97 95 86 93 90 46 156 80 54 42 80 64 0 80 80 124 61 0 54 54 54 42 156 64 124 106 0 45 137 45 54 80 105 45 95 95 80 77 86 80 100 134 54 100 80 124 86 97 156 105 86
3 101 55 114 53 64 42 38 22 12 44 246 35 82 19 44 114 63 82 42 44 55 19 0 111 55 53 38 32 32 95 101 55 111 95 111 3 55 53 44 51 48 4 114 38 12 0 38 22 42 38 38 82 19 42 12 12 12 0 114 22 82 64 42 3 95 3 12 38 63 3 53 53 38 35 44 38 58 92 12 58 38 82 44 55 114 63 44
0 104 58 117 56 67 45 41 25 15 41 249 38 85 22 41 117 66 85 45 41 58 22 3 114 58 56 41 35 35 98 104 58 114 98 114 0 58 56 47 54 45 1 117 41 15 3 41 25 45 41 41 85 22 45 15 15 15 3 117 25 85 67 45 0 98 0 15 41 66 0 56 56 41 38 41 41 55 95 15 55 41 85 41 58 117 66 41
114 168 139 186 154 175 153 105 89 123 139 203 146 185 130 139 186 174 185 153 139 139 130 111 178 139 154 105 99 99 16 168 139 0 16 0 114 139 154 155 156 159 115 186 105 123 111 105 89 153 105 105 185 130 153 123 123 123 111 186 89 185 175 153 114 16 114 123 105 174 114 154 154 105 146 139 105 169 195 123 169 105 185 139 139 186 174 139
67 165 49 176 64 0 106 83 86 52 108 268 29 146 83 108 176 127 146 106 108 49 83 64 167 49 64 83 89 89 159 165 49 175 159 175 67 49 64 108 66 112 68 176 94 52 64 83 86 106 83 83 146 83 106 52 52 52 64 176 86 146 0 106 67 159 67 52 83 127 67 64 64 94 29 108 94 122 156 52 122 83 146 108 49 176 127 108
22 120 74 133 72 83 61 57 41 31 41 265 54 63 0 41 133 79 63 61 41 74 0 19 130 74 72 57 51 51 114 120 74 130 114 130 22 74 72 63 70 67 23 133 57 31 19 57 41 61 57 57 63 0 61 31 31 31 19 133 41 63 83 61 22 114 22 31 57 79 22 72 72 57 54 41 57 77 73 31 77 57 63 41 74 133 79 41
45 143 97 156 95 106 0 80 64 54 86 204 77 124 61 86 156 105 124 0 86 97 61 42 153 97 95 80 74 74 137 143 97 153 137 153 45 97 95 86 93 90 46 156 80 54 42 80 64 0 80 80 124 61 0 54 54 54 42 156 64 124 106 0 45 137 45 54 80 105 45 95 95 80 77 86 80 100 134 54 100 80 124 86 97 156 105 86
25 79 50 97 65 86 64 16 0 34 50 235 57 96 41 50 97 85 96 64 50 50 41 22 89 50 65 16 10 10 73 79 50 89 73 89 25 50 65 66 67 70 26 97 16 34 22 16 0 64 16 16 96 41 64 34 34 34 22 97 0 96 86 64 25 73 25 34 16 85 25 65 65 16 57 50 16 80 106 34 80 16 96 50 50 97 85 50
98 152 123 170 138 159 137 89 73 107 123 187 130 169 114 123 170 158 169 137 123 123 114 95 162 123 138 89 83 83 0 152 123 16 0 16 98 123 138 139 140 143 99 170 89 107 95 89 73 137 89 89 169 114 137 107 107 107 95 170 73 169 159 137 98 0 98 107 89 158 98 138 138 89 130 123 89 153 179 107 153 89 169 123 123 170 158 123
41 129 99 147 97 108 86 66 50 56 0 285 79 100 41 0 147 90 100 86 0 99 41 44 139 99 97 66 60 60 123 129 99 139 123 139 41 99 97 88 95 86 42 147 66 56 44 66 50 86 66 66 100 41 86 56 56 56 44 147 50 100 108 86 41 123 41 56 66 90 41 97 97 66 79 0 66 96 90 56 96 66 100 0 99 147 90 0
3 101 55 114 53 64 42 38 22 12 44 246 35 82 19 44 114 63 82 42 44 55 19 0 111 55 53 38 32 32 95 101 55 111 95 111 3 55 53 44 51 48 4 114 38 12 0 38 22 42 38 38 82 19 42 12 12 12 0 114 22 82 64 42 3 95 3 12 38 63 3 53 53 38 35 44 38 58 92 12 58 38 82 44 55 114 63 44
56 144 15 142 0 64 95 49 65 58 97 204 35 135 72 97 142 116 135 95 97 15 72 53 154 15 0 49 55 55 138 144 15 154 138 154 56 15 0 97 2 101 57 142 81 58 53 49 65 95 49 49 135 72 95 58 58 58 53 142 65 135 64 95 56 138 56 58 49 116 56 0 0 81 35 97 81 111 145 58 111 49 135 97 15 142 116 97
114 168 139 186 154 175 153 105 89 123 139 203 146 185 130 139 186 174 185 153 139 139 130 111 178 139 154 105 99 99 16 168 139 0 16 0 114 139 154 155 156 159 115 186 105 123 111 105 89 153 105 105 185 130 153 123 123 123 111 186 89 185 175 153 114 16 114 123 105 174 114 154 154 105 146 139 105 169 195 123 169 105 185 139 139 186 174 139
85 100 126 173 135 146 124 92 96 94 100 311 117 0 63 100 173 142 0 124 100 126 63 82 185 126 135 92 86 86 169 100 126 185 169 185 85 126 135 126 133 130 86 173 112 94 82 92 96 124 92 92 0 63 124 94 94 94 82 173 96 0 146 124 85 169 85 94 92 142 85 135 135 112 117 100 112 140 10 94 140 92 0 100 126 173 142 100
114 168 139 186 154 175 153 105 89 123 139 203 146 185 130 139 186 174 185 153 139 139 130 111 178 139 154 105 99 99 16 168 139 0 16 0 114 139 154 155 156 159 115 186 105 123 111 105 89 153 105 105 185 130 153 123 123 123 111 186 89 185 175 153 114 16 114 123 105 174 114 154 154 105 146 139 105 169 195 123 169 105 185 139 139 186 174 139
45 143 97 156 95 106 0 80 64 54 86 204 77 124 61 86 156 105 124 0 86 97 61 42 153 97 95 80 74 74 137 143 97 153 137 153 45 97 95 86 93 90 46 156 80 54 42 80 64 0 80 80 124 61 0 54 54 54 42 156 64 124 106 0 45 137 45 54 80 105 45 95 95 80 77 86 80 100 134 54 100 80 124 86 97 156 105 86
249 314 219 138 204 268 204 231 235 258 285 0 239 311 265 285 138 309 311 204 285 219 265 246 324 219 204 231 225 225 187 314 219 203 187 203 249 219 204 290 206 237 250 138 251 258 246 231 235 204 231 231 311 265 204 258 258 258 246 138 235 311 268 204 249 187 249 258 231 309 249 204 204 251 239 285 251 224 321 258 224 231 311 285 219 138 309 285
41 129 99 147 97 108 86 66 50 56 0 285 79 100 41 0 147 90 100 86 0 99 41 44 139 99 97 66 60 60 123 129 99 139 123 139 41 99 97 88 95 86 42 147 66 56 44 66 50 86 66 66 100 41 86 56 56 56 44 147 50 100 108 86 41 123 41 56 66 90 41 97 97 66 79 0 66 96 90 56 96 66 100 0 99 147 90 0
45 143 97 156 95 106 0 80 64 54 86 204 77 124 61 86 156 105 124 0 86 97 61 42 153 97 95 80 74 74 137 143 97 153 137 153 45 97 95 86 93 90 46 156 80 54 42 80 64 0 80 80 124 61 0 54 54 54 42 156 64 124 106 0 45 137 45 54 80 105 45 95 95 80 77 86 80 100 134 54 100 80 124 86 97 156 105 86
104 0 129 176 144 165 143 95 79 113 129 314 136 100 120 129 176 164 100 143 129 129 120 101 168 129 144 95 89 89 152 0 129 168 152 168 104 129 144 145 146 149 105 176 95 113 101 95 79 143 95 95 100 120 143 113 113 113 101 176 79 100 165 143 104 152 104 113 95 164 104 144 144 95 136 129 95 159 110 113 159 95 100 129 129 176 164 129
41 129 99 147 97 108 86 66 50 56 0 285 79 100 41 0 147 90 100 86 0 99 41 44 139 99 97 66 60 60 123 129 99 139 123 139 41 99 97 88 95 86 42 147 66 56 44 66 50 86 66 66 100 41 86 56 56 56 44 147 50 100 108 86 41 123 41 56 66 90 41 97 97 66 79 0 66 96 90 56 96 66 100 0 99 147 90 0
114 168 139 186 154 175 153 105 89 123 139 203 146 185 130 139 186 174 185 153 139 139 130 111 178 139 154 105 99 99 16 168 139 0 16 0 114 139 154 155 156 159 115 186 105 123 111 105 89 153 105 105 185 130 153 123 123 123 111 186 89 185 175 153 114 16 114 123 105 174 114 154 154 105 146 139 105 169 195 123 169 105 185 139 139 186 174 139
25 79 50 97 65 86 64 16 0 34 50 235 57 96 41 50 97 85 96 64 50 50 41 22 89 50 65 16 10 10 73 79 50 89 73 89 25 50 65 66 67 70 26 97 16 34 22 16 0 64 16 16 96 41 64 34 34 34 22 97 0 96 86 64 25 73 25 34 16 85 25 65 65 16 57 50 16 80 106 34 80 16 96 50 50 97 85 50
1 105 59 118 57 68 46 42 26 16 42 250 39 86 23 42 118 67 86 46 42 59 23 4 115 59 57 42 36 36 99 105 59 115 99 115 1 59 57 48 55 46 0 118 42 16 4 42 26 46 42 42 86 23 46 16 16 16 4 118 26 86 68 46 1 99 1 16 42 67 1 57 57 42 39 42 42 56 96 16 56 42 86 42 59 118 67 42
3 101 55 114 53 64 42 38 22 12 44 246 35 82 19 44 114 63 82 42 44 55 19 0 111 55 53 38 32 32 95 101 55 111 95 111 3 55 53 44 51 48 4 114 38 12 0 38 22 42 38 38 82 19 42 12 12 12 0 114 22 82 64 42 3 95 3 12 38 63 3 53 53 38 35 44 38 58 92 12 58 38 82 44 55 114 63 44
41 95 66 113 81 94 80 32 16 42 66 251 65 112 57 66 113 101 112 80 66 66 57 38 73 66 81 32 26 26 89 95 66 105 89 105 41 66 81 82 83 86 42 113 0 42 38 32 16 80 32 32 112 57 80 42 42 42 38 113 16 112 94 80 41 89 41 42 32 101 41 81 81 0 65 66 0 96 122 42 96 32 112 66 66 113 101 66
58 129 0 127 15 49 97 34 50 43 99 219 20 126 74 99 127 118 126 97 99 0 74 55 139 0 15 34 40 40 123 129 0 139 123 139 58 0 15 99 17 103 59 127 66 43 55 34 50 97 34 34 126 74 97 43 43 43 55 127 50 126 49 97 58 123 58 43 34 118 58 15 15 66 20 99 66 113 136 43 113 34 126 99 0 127 118 99
58 129 0 127 15 49 97 34 50 43 99 219 20 126 74 99 127 118 126 97 99 0 74 55 139 0 15 34 40 40 123 129 0 139 123 139 58 0 15 99 17 103 59 127 66 43 55 34 50 97 34 34 126 74 97 43 43 43 55 127 50 126 49 97 58 123 58 43 34 118 58 15 15 66 20 99 66 113 136 43 113 34 126 99 0 127 118 99
45 149 103 162 101 112 90 86 70 60 86 237 83 130 67 86 162 111 130 90 86 103 67 48 159 103 101 86 80 80 143 149 103 159 143 159 45 103 101 92 99 0 46 162 86 60 48 86 70 90 86 86 130 67 90 60 60 60 48 162 70 130 112 90 45 143 45 60 86 111 45 101 101 86 83 86 86 100 140 60 100 86 130 86 103 162 111 86
38 136 20 147 35 29 77 54 57 23 79 239 0 117 54 79 147 98 117 77 79 20 54 35 138 20 35 54 60 60 130 136 20 146 130 146 38 20 35 79 37 83 39 147 65 23 35 54 57 77 54 54 117 54 77 23 23 23 35 147 57 117 29 77 38 130 38 23 54 98 38 35 35 65 0 79 65 93 127 23 93 54 117 79 20 147 98 79
55 159 113 86 111 122 100 96 80 70 96 224 93 140 77 96 86 121 140 100 96 113 77 58 169 113 111 96 90 90 153 159 113 169 153 169 55 113 111 102 109 100 56 86 96 70 58 96 80 100 96 96 140 77 100 70 70 70 58 86 80 140 122 100 55 153 55 70 96 121 55 111 111 96 93 96 96 0 150 70 0 96 140 96 113 86 121 96
114 168 139 186 154 167 153 105 89 115 139 324 138 185 130 139 186 174 185 153 139 139 130 111 0 139 154 105 99 99 162 168 139 178 162 178 114 139 154 155 156 159 115 186 73 115 111 105 89 153 105 105 185 130 153 115 115 115 111 186 89 185 167 153 114 162 114 115 105 174 114 154 154 73 138 139 73 169 195 115 169 105 185 139 139 186 174 139
0 104 58 117 56 67 45 41 25 15 41 249 38 85 22 41 117 66 85 45 41 58 22 3 114 58 56 41 35 35 98 104 58 114 98 114 0 58 56 47 54 45 1 117 41 15 3 41 25 45 41 41 85 22 45 15 15 15 3 117 25 85 67 45 0 98 0 15 41 66 0 56 56 41 38 41 41 55 95 15 55 41 85 41 58 117 66 41
47 145 99 158 97 108 86 82 66 56 88 290 79 126 63 88 158 107 126 86 88 99 63 44 155 99 97 82 76 76 139 145 99 155 139 155 47 99 97 0 95 92 48 158 82 56 44 82 66 86 82 82 126 63 86 56 56 56 44 158 66 126 108 86 47 139 47 56 82 107 47 97 97 82 79 88 82 102 136 56 102 82 126 88 99 158 107 88
41 95 34 93 49 83 80 0 16 50 66 231 54 92 57 66 93 101 92 80 66 34 57 38 105 34 49 0 6 6 89 95 34 105 89 105 41 34 49 82 51 86 42 93 32 50 38 0 16 80 0 0 92 57 80 50 50 50 38 93 16 92 83 80 41 89 41 50 0 101 41 49 49 32 54 66 32 96 102 50 96 0 92 66 34 93 101 66
3 101 55 114 53 64 42 38 22 12 44 246 35 82 19 44 114 63 82 42 44 55 19 0 111 55 53 38 32 32 95 101 55 111 95 111 3 55 53 44 51 48 4 114 38 12 0 38 22 42 38 38 82 19 42 12 12 12 0 114 22 82 64 42 3 95 3 12 38 63 3 53 53 38 35 44 38 58 92 12 58 38 82 44 55 114 63 44
3 101 55 114 53 64 42 38 22 12 44 246 35 82 19 44 114 63 82 42 44 55 19 0 111 55 53 38 32 32 95 101 55 111 95 111 3 55 53 44 51 48 4 114 38 12 0 38 22 42 38 38 82 19 42 12 12 12 0 114 22 82 64 42 3 95 3 12 38 63 3 53 53 38 35 44 38 58 92 12 58 38 82 44 55 114 63 44
95 110 136 183 145 156 134 102 106 104 90 321 127 10 73 90 183 152 10 134 90 136 73 92 195 136 145 102 96 96 179 110 136 195 179 195 95 136 145 136 143 140 96 183 122 104 92 102 106 134 102 102 10 73 134 104 104 104 92 183 106 10 156 134 95 179 95 104 102 152 95 145 145 122 127 90 122 150 0 104 150 102 10 90 136 183 152 90
15 113 43 126 58 52 54 50 34 0 56 258 23 94 31 56 126 75 94 54 56 43 31 12 115 43 58 50 44 44 107 113 43 123 107 123 15 43 58 56 60 60 16 126 42 0 12 50 34 54 50 50 94 31 54 0 0 0 12 126 34 94 52 54 15 107 15 0 50 75 15 58 58 42 23 56 42 70 104 0 70 50 94 56 43 126 75 56
35 89 40 87 55 89 74 6 10 44 60 225 60 86 51 60 87 95 86 74 60 40 51 32 99 40 55 6 0 0 83 89 40 99 83 99 35 40 55 76 57 80 36 87 26 44 32 6 10 74 6 6 86 51 74 44 44 44 32 87 10 86 89 74 35 83 35 44 6 95 35 55 55 26 60 60 26 90 96 44 90 6 86 60 40 87 95 60
56 144 15 142 0 64 95 49 65 58 97 204 35 135 72 97 142 116 135 95 97 15 72 53 154 15 0 49 55 55 138 144 15 154 138 154 56 15 0 97 2 101 57 142 81 58 53 49 65 95 49 49 135 72 95 58 58 58 53 142 65 135 64 95 56 138 56 58 49 116 56 0 0 81 35 97 81 111 145 58 111 49 135 97 15 142 116 97
22 120 74 133 72 83 61 57 41 31 41 265 54 63 0 41 133 79 63 61 41 74 0 19 130 74 72 57 51 51 114 120 74 130 114 130 22 74 72 63 70 67 23 133 57 31 19 57 41 61 57 57 63 0 61 31 31 31 19 133 41 63 83 61 22 114 22 31 57 79 22 72 72 57 54 41 57 77 73 31 77 57 63 41 74 133 79 41
3 101 55 114 53 64 42 38 22 12 44 246 35 82 19 44 114 63 82 42 44 55 19 0 111 55 53 38 32 32 95 101 55 111 95 111 3 55 53 44 51 48 4 114 38 12 0 38 22 42 38 38 82 19 42 12 12 12 0 114 22 82 64 42 3 95 3 12 38 63 3 53 53 38 35 44 38 58 92 12 58 38 82 44 55 114 63 44
25 79 50 97 65 86 64 16 0 34 50 235 57 96 41 50 97 85 96 64 50 50 41 22 89 50 65 16 10 10 73 79 50 89 73 89 25 50 65 66 67 70 26 97 16 34 22 16 0 64 16 16 96 41 64 34 34 34 22 97 0 96 86 64 25 73 25 34 16 85 25 65 65 16 57 50 16 80 106 34 80 16 96 50 50 97 85 50
41 95 34 93 49 83 80 0 16 50 66 231 54 92 57 66 93 101 92 80 66 34 57 38 105 34 49 0 6 6 89 95 34 105 89 105 41 34 49 82 51 86 42 93 32 50 38 0 16 80 0 0 92 57 80 50 50 50 38 93 16 92 83 80 41 89 41 50 0 101 41 49 49 32 54 66 32 96 102 50 96 0 92 66 34 93 101 66
3 101 55 114 53 64 42 38 22 12 44 246 35 82 19 44 114 63 82 42 44 55 19 0 111 55 53 38 32 32 95 101 55 111 95 111 3 55 53 44 51 48 4 114 38 12 0 38 22 42 38 38 82 19 42 12 12 12 0 114 22 82 64 42 3 95 3 12 38 63 3 53 53 38 35 44 38 58 92 12 58 38 82 44 55 114 63 44
