56 86 46
203 205 168 91 91 234 157 168 122 414 177 66 148 91 61 97 104 168 83 0 395 104 69 134 168 119 215 122 146 205 520 381 215 200 237 381 237 157 117 300 353 137 229 204 191 137 66 137 211 203 148 104 283 310 134 274 203 91 91 191 353 177 221 203 191 138 61 411 163 119 205 251 215 122 0 353 205 283 104 414 117 395 177 122 70 157
314 342 330 327 327 415 294 330 284 525 339 317 300 327 312 289 355 330 334 251 560 355 320 289 330 311 377 274 298 342 631 286 377 337 369 286 369 294 269 481 534 248 381 385 346 248 317 248 392 314 300 355 465 447 289 393 314 327 327 302 534 339 383 314 302 305 312 563 262 370 342 0 377 284 251 534 342 465 355 525 269 560 339 274 181 294
146 88 61 58 58 157 40 61 15 357 70 83 31 58 174 20 115 61 66 117 302 115 80 20 61 42 108 5 29 88 442 264 108 83 123 264 123 40 0 223 276 21 112 127 77 21 83 21 134 146 31 115 302 193 20 157 146 58 58 151 276 70 114 146 151 36 174 294 72 136 88 269 108 15 117 276 88 302 115 357 0 302 70 5 88 40
133 176 149 146 146 234 128 149 103 344 158 136 119 146 131 108 174 149 153 70 390 174 139 108 149 130 196 93 117 176 450 352 196 171 188 352 188 128 88 300 353 67 200 204 165 67 136 67 211 133 119 174 284 281 108 245 133 146 146 121 353 158 202 133 121 124 131 382 160 189 176 181 196 103 70 353 176 284 174 344 88 390 158 93 0 128
208 150 285 292 292 333 194 285 239 419 294 317 255 292 328 254 310 285 300 351 72 310 314 254 285 276 332 229 263 150 525 337 332 151 292 337 292 194 234 399 452 255 300 303 311 255 317 255 310 208 255 310 383 41 254 230 208 292 292 220 452 294 338 208 220 270 328 528 226 342 150 488 332 239 351 452 150 383 310 419 234 72 294 229 322 194
203 205 168 91 91 234 157 168 122 414 177 66 148 91 61 97 104 168 83 0 395 104 69 134 168 119 215 122 146 205 520 381 215 200 237 381 237 157 117 300 353 137 229 204 191 137 66 137 211 203 148 104 283 310 134 274 203 91 91 191 353 177 221 203 191 138 61 411 163 119 205 251 215 122 0 353 205 283 104 414 117 395 177 122 70 157
151 154 127 8 8 223 106 127 81 362 136 17 97 8 144 86 49 127 0 83 321 49 14 71 127 108 174 71 95 154 468 330 174 149 174 330 174 106 66 289 342 87 178 193 128 87 17 87 200 151 97 49 326 259 71 223 151 8 8 163 342 136 148 151 163 55 144 360 138 70 154 334 174 81 83 342 154 326 49 362 66 321 136 71 153 106
102 160 195 192 192 37 174 195 149 313 204 217 165 192 272 114 204 195 200 211 382 204 214 154 195 136 154 139 163 160 419 338 154 208 257 338 257 174 134 103 156 155 170 7 211 155 217 155 0 102 165 204 182 269 154 280 102 192 192 90 156 204 248 102 90 170 272 428 206 236 160 392 154 149 211 156 160 182 204 313 134 382 204 139 211 174
141 83 56 63 63 162 35 56 10 352 65 88 26 63 169 25 120 56 71 122 301 120 85 25 56 47 103 0 34 83 437 269 103 78 128 269 128 35 5 228 281 26 107 132 82 26 88 26 139 141 26 120 307 188 25 162 141 63 63 153 281 65 109 141 153 41 169 299 67 132 83 274 103 10 122 281 83 307 120 352 5 301 65 0 93 35
137 168 132 22 22 237 120 132 95 348 141 3 111 22 130 100 35 132 14 69 335 35 0 85 132 122 188 85 109 168 454 344 188 163 188 344 188 120 80 303 356 101 192 207 142 101 3 101 214 137 111 35 312 273 85 237 137 22 22 149 356 141 162 137 149 69 130 374 152 56 168 320 188 95 69 356 168 312 35 348 80 335 141 85 139 120
167 109 82 89 89 188 61 82 36 378 91 114 0 89 195 51 146 82 97 148 319 146 111 37 82 73 129 26 60 109 411 295 129 104 140 295 140 61 31 254 307 52 81 158 87 52 114 52 165 167 0 146 324 214 37 188 167 89 89 161 307 91 135 167 161 53 195 325 93 158 109 300 129 36 148 307 109 324 146 378 31 319 91 26 119 61
141 83 56 63 63 162 35 56 10 352 65 88 26 63 169 25 120 56 71 122 301 120 85 25 56 47 103 0 34 83 437 269 103 78 128 269 128 35 5 228 281 26 107 132 82 26 88 26 139 141 26 120 307 188 25 162 141 63 63 153 281 65 109 141 153 41 169 299 67 132 83 274 103 10 122 281 83 307 120 352 5 301 65 0 93 35
175 233 363 334 334 205 281 363 317 386 364 315 324 334 344 282 277 363 326 283 455 277 312 322 363 304 317 307 331 233 492 506 317 281 364 506 364 281 302 271 324 293 243 175 379 293 315 293 182 175 324 277 0 342 322 430 175 334 334 163 324 364 416 175 163 338 344 596 313 309 233 465 317 317 283 324 233 0 277 386 302 455 364 307 284 281
240 182 225 152 152 295 134 225 179 451 234 127 195 152 0 158 165 225 144 61 400 165 130 194 225 180 272 169 203 182 552 438 272 177 297 438 297 134 174 361 414 195 276 265 251 195 127 195 272 240 195 165 344 287 194 331 240 152 152 252 414 234 278 240 252 199 0 468 102 180 182 312 272 179 61 414 182 344 165 451 174 400 234 169 131 134
314 342 330 327 327 415 294 330 284 525 339 317 300 327 312 289 355 330 334 251 560 355 320 289 330 311 377 274 298 342 631 286 377 337 369 286 369 294 269 481 534 248 381 385 346 248 317 248 392 314 300 355 465 447 289 393 314 327 327 302 534 339 383 314 302 305 312 563 262 370 342 0 377 284 251 534 342 465 355 525 269 560 339 274 181 294
197 139 0 119 119 218 91 0 46 408 9 129 82 119 225 81 108 0 127 168 357 108 132 81 0 103 139 56 90 139 493 325 139 134 138 325 138 91 61 284 337 82 163 188 138 82 129 82 195 197 82 108 363 244 81 218 197 119 119 209 337 9 145 197 209 97 225 355 123 76 139 330 139 46 168 337 139 363 108 408 61 357 9 56 149 91
142 186 139 166 166 117 138 139 93 353 148 191 129 166 272 128 223 139 174 215 404 223 188 128 139 150 0 103 137 186 459 267 0 181 136 267 136 138 108 243 296 129 200 147 185 129 191 129 154 142 129 223 317 291 128 265 142 166 166 154 296 148 192 142 154 144 272 402 170 215 186 377 0 93 215 296 186 317 223 353 108 404 148 103 196 138
12 70 209 171 171 113 118 209 163 223 218 152 161 171 252 171 114 209 163 191 292 114 149 171 209 193 154 153 180 70 329 374 154 118 201 374 201 118 151 179 232 130 80 83 228 130 152 130 90 12 161 114 163 179 171 267 12 171 171 0 232 218 262 12 0 187 252 445 150 146 70 302 154 163 191 232 70 163 114 223 151 292 218 153 121 118
58 0 139 146 146 183 48 139 93 269 148 171 109 146 182 108 160 139 154 205 222 160 168 108 139 130 186 83 117 0 375 352 186 91 211 352 211 48 88 249 302 109 150 153 165 109 171 109 160 58 109 160 233 109 108 245 58 146 146 70 302 148 192 58 70 124 182 382 80 192 0 342 186 93 205 302 0 233 160 269 88 222 148 83 176 48
440 382 355 352 352 451 334 355 309 651 364 377 325 352 468 314 409 355 360 411 596 409 374 314 355 336 402 299 323 382 736 558 402 377 417 558 417 334 294 517 570 315 406 421 371 315 377 315 428 440 325 409 596 487 314 451 440 352 352 445 570 364 408 440 445 330 468 0 366 430 382 563 402 309 411 570 382 596 409 651 294 596 364 299 382 334
95 153 188 185 185 30 167 188 142 306 197 210 158 185 265 107 197 188 193 204 375 197 207 147 188 129 147 132 156 153 412 331 147 201 250 331 250 167 127 96 149 148 163 0 204 148 210 148 7 95 158 197 175 262 147 273 95 185 185 83 149 197 241 95 83 163 265 421 199 229 153 385 147 142 204 149 153 175 197 306 127 375 197 132 204 167
175 117 90 87 87 186 69 90 44 386 99 112 60 87 203 49 144 90 95 146 331 144 109 49 90 71 137 34 0 117 471 293 137 112 152 293 152 69 29 252 305 50 141 156 106 50 112 50 163 175 60 144 331 222 49 186 175 87 87 180 305 99 143 175 180 65 203 323 101 165 117 298 137 44 146 305 117 331 144 386 29 331 99 34 117 69
12 70 209 171 171 113 118 209 163 223 218 152 161 171 252 171 114 209 163 191 292 114 149 171 209 193 154 153 180 70 329 374 154 118 201 374 201 118 151 179 232 130 80 83 228 130 152 130 90 12 161 114 163 179 171 267 12 171 171 0 232 218 262 12 0 187 252 445 150 146 70 302 154 163 191 232 70 163 114 223 151 292 218 153 121 118
159 146 119 0 0 215 98 119 73 370 128 25 89 0 152 78 57 119 8 91 313 57 22 63 119 100 166 63 87 146 476 322 166 141 166 322 166 98 58 281 334 79 170 185 120 79 25 79 192 159 89 57 334 251 63 215 159 0 0 171 334 128 140 159 171 47 152 352 130 78 146 327 166 73 91 334 146 334 57 370 58 313 128 63 146 98
244 302 337 334 334 179 316 337 291 455 346 359 307 334 414 256 346 337 342 353 452 346 356 296 337 278 296 281 305 302 561 480 296 350 399 480 399 316 276 245 0 297 312 149 353 297 359 297 156 244 307 346 324 411 296 422 244 334 334 232 0 346 390 244 232 312 414 570 348 378 302 534 296 291 353 0 302 324 346 455 276 452 346 281 353 316
102 160 108 57 57 227 155 108 130 313 117 38 146 57 165 135 0 108 49 104 370 0 35 120 108 157 223 120 144 160 419 379 223 198 223 379 223 155 115 293 346 136 194 197 177 136 38 136 204 102 146 0 277 269 120 272 102 57 57 114 346 117 197 102 114 104 165 409 187 32 160 355 223 130 104 346 160 277 0 313 115 370 117 120 174 155
0 58 197 159 159 125 106 197 151 211 206 140 167 159 240 166 102 197 151 203 280 102 137 166 197 188 142 141 175 58 317 364 142 106 213 364 213 106 146 191 244 142 92 95 223 142 140 142 102 0 167 102 175 167 166 279 0 159 159 12 244 206 250 0 12 182 240 440 138 134 58 314 142 151 203 244 58 175 102 211 146 280 206 141 133 106
191 249 284 281 281 126 263 284 238 402 293 306 254 281 361 203 293 284 289 300 471 293 303 243 284 225 243 228 252 249 508 427 243 297 207 427 207 263 223 0 245 244 259 96 300 244 306 244 103 191 254 293 271 358 243 369 191 281 281 179 245 293 337 191 179 259 361 517 295 325 249 481 243 238 300 245 249 271 293 402 223 471 293 228 300 263
280 222 357 313 313 405 266 357 311 491 366 338 319 313 400 322 370 357 321 395 0 370 335 282 357 344 404 301 331 222 597 409 404 223 364 409 364 266 302 471 452 323 372 375 339 323 338 323 382 280 319 370 455 113 282 302 280 313 313 292 452 366 359 280 292 266 400 596 298 391 222 560 404 311 395 452 222 455 370 491 302 0 366 301 390 266
223 165 138 120 120 234 117 138 92 434 147 145 87 120 251 97 177 138 128 191 339 177 142 57 138 119 185 82 106 165 498 341 185 160 160 341 160 117 77 300 353 98 168 204 0 98 145 98 211 223 87 177 379 270 57 234 223 120 120 228 353 147 166 223 228 73 251 371 149 198 165 346 185 92 191 353 165 379 177 434 77 339 147 82 165 117
317 375 493 476 476 442 423 493 447 528 502 457 411 476 552 462 419 493 468 520 597 419 454 448 493 484 459 437 471 375 0 681 459 423 530 681 530 423 442 508 561 459 330 412 498 459 457 459 419 317 411 419 492 484 448 596 317 476 476 329 561 502 546 317 329 464 552 736 450 451 375 631 459 447 520 561 375 492 419 528 442 597 502 437 450 423
146 88 61 58 58 157 40 61 15 357 70 83 31 58 174 20 115 61 66 117 302 115 80 20 61 42 108 5 29 88 442 264 108 83 123 264 123 40 0 223 276 21 112 127 77 21 83 21 134 146 31 115 302 193 20 157 146 58 58 151 276 70 114 146 151 36 174 294 72 136 88 269 108 15 117 276 88 302 115 357 0 302 70 5 88 40
213 211 138 166 166 253 163 138 138 424 147 191 140 166 297 143 223 138 174 237 364 223 188 103 138 165 136 128 152 211 530 387 136 141 0 387 0 163 123 207 399 121 221 250 160 121 191 121 257 213 140 223 364 251 103 280 213 166 166 201 399 147 212 213 201 119 297 417 195 214 211 369 136 138 237 399 211 364 223 424 123 364 147 128 188 163
125 183 218 215 215 0 197 218 172 336 227 240 188 215 295 137 227 218 223 234 405 227 237 177 218 159 117 162 186 183 442 301 117 231 253 301 253 197 157 126 179 178 193 30 234 178 240 178 37 125 188 227 205 292 177 303 125 215 215 113 179 227 271 125 113 193 295 451 229 259 183 415 117 172 234 179 183 205 227 336 157 405 227 162 234 197
134 192 76 78 78 259 167 76 122 345 85 53 158 78 180 156 32 76 70 119 391 32 56 141 76 178 215 132 165 192 451 400 215 210 214 400 214 167 136 325 378 157 226 229 198 157 53 157 236 134 158 32 309 301 141 293 134 78 78 146 378 85 218 134 146 125 180 430 199 0 192 370 215 122 119 378 192 309 32 345 136 391 85 132 189 167
213 211 138 166 166 253 163 138 138 424 147 191 140 166 297 143 223 138 174 237 364 223 188 103 138 165 136 128 152 211 530 387 136 141 0 387 0 163 123 207 399 121 221 250 160 121 191 121 257 213 140 223 364 251 103 280 213 166 166 201 399 147 212 213 201 119 297 417 195 214 211 369 136 138 237 399 211 364 223 424 123 364 147 128 188 163
211 269 408 370 370 336 317 408 362 0 417 351 378 370 451 377 313 408 362 414 491 313 348 377 408 399 353 352 386 269 528 575 353 317 424 575 424 317 357 402 455 353 303 306 434 353 351 353 313 211 378 313 386 378 377 490 211 370 370 223 455 417 461 211 223 393 451 651 349 345 269 525 353 362 414 455 269 386 313 0 357 491 417 352 344 317
142 186 139 166 166 117 138 139 93 353 148 191 129 166 272 128 223 139 174 215 404 223 188 128 139 150 0 103 137 186 459 267 0 181 136 267 136 138 108 243 296 129 200 147 185 129 191 129 154 142 129 223 317 291 128 265 142 166 166 154 296 148 192 142 154 144 272 402 170 215 186 377 0 93 215 296 186 317 223 353 108 404 148 103 196 138
137 168 132 22 22 237 120 132 95 348 141 3 111 22 130 100 35 132 14 69 335 35 0 85 132 122 188 85 109 168 454 344 188 163 188 344 188 120 80 303 356 101 192 207 142 101 3 101 214 137 111 35 312 273 85 237 137 22 22 149 356 141 162 137 149 69 130 374 152 56 168 320 188 95 69 356 168 312 35 348 80 335 141 85 139 120
166 108 81 78 78 137 60 81 35 377 90 103 51 78 158 0 135 81 86 97 322 135 100 40 81 22 128 25 49 108 462 284 128 103 143 284 143 60 20 203 256 41 132 107 97 41 103 41 114 166 51 135 282 213 40 177 166 78 78 171 256 90 134 166 171 56 158 314 92 156 108 289 128 35 97 256 108 282 135 377 20 322 90 25 108 60
106 91 134 141 141 231 43 134 88 317 143 166 104 141 177 103 198 134 149 200 223 198 163 103 134 125 181 78 112 91 423 347 181 0 141 347 141 43 83 297 350 104 185 201 160 104 166 104 208 106 104 198 281 110 103 240 106 141 141 118 350 143 187 106 118 119 177 377 75 210 91 337 181 88 200 350 91 281 198 317 83 223 143 78 171 43
279 245 218 215 215 303 197 218 172 490 227 240 188 215 331 177 272 218 223 274 302 272 237 177 218 199 265 162 186 245 596 107 265 240 280 107 280 197 157 369 422 178 269 273 234 178 240 178 280 279 188 272 430 189 177 0 279 215 215 267 422 227 271 279 267 193 331 451 229 293 245 393 265 172 274 422 245 430 272 490 157 302 227 162 245 197
250 192 145 140 140 271 144 145 99 461 154 165 135 140 278 134 197 145 148 221 359 197 162 109 145 156 192 109 143 192 546 378 192 187 212 378 212 144 114 337 390 135 216 241 166 135 165 135 248 250 135 197 416 297 109 271 250 140 140 262 390 154 0 250 262 93 278 408 176 218 192 383 192 99 221 390 192 416 197 461 114 359 154 109 202 144
106 48 91 98 98 197 0 91 45 317 100 123 61 98 134 60 155 91 106 157 266 155 120 60 91 82 138 35 69 48 423 304 138 43 163 304 163 0 40 263 316 61 142 167 117 61 123 61 174 106 61 155 281 153 60 197 106 98 98 118 316 100 144 106 118 76 134 334 32 167 48 294 138 45 157 316 48 281 155 317 40 266 100 35 128 0
138 80 123 130 130 229 32 123 77 349 132 155 93 130 102 92 187 123 138 163 298 187 152 92 123 114 170 67 101 80 450 336 170 75 195 336 195 32 72 295 348 93 174 199 149 93 155 93 206 138 93 187 313 185 92 229 138 130 130 150 348 132 176 138 150 108 102 366 0 199 80 262 170 77 163 348 80 313 187 349 72 298 132 67 160 32
188 130 103 100 100 159 82 103 57 399 112 125 73 100 180 22 157 103 108 119 344 157 122 62 103 0 150 47 71 130 484 306 150 125 165 306 165 82 42 225 278 63 154 129 119 63 125 63 136 188 73 157 304 235 62 199 188 100 100 193 278 112 156 188 193 78 180 336 114 178 130 311 150 57 119 278 130 304 157 399 42 344 112 47 130 82
140 171 129 25 25 240 123 129 98 351 138 0 114 25 127 103 38 129 17 66 338 38 3 88 129 125 191 88 112 171 457 347 191 166 191 347 191 123 83 306 359 104 195 210 145 104 0 104 217 140 114 38 315 276 88 240 140 25 25 152 359 138 165 140 152 72 127 377 155 53 171 317 191 98 66 359 171 315 38 351 83 338 138 88 136 123
167 109 244 251 251 292 153 244 198 378 253 276 214 251 287 213 269 244 259 310 113 269 273 213 244 235 291 188 222 109 484 296 291 110 251 296 251 153 193 358 411 214 259 262 270 214 276 214 269 167 214 269 342 0 213 189 167 251 251 179 411 253 297 167 179 229 287 487 185 301 109 447 291 198 310 411 109 342 269 378 193 113 253 188 281 153
364 352 325 322 322 301 304 325 279 575 334 347 295 322 438 284 379 325 330 381 409 379 344 284 325 306 267 269 293 352 681 0 267 347 387 0 387 304 264 427 480 285 376 331 341 285 347 285 338 364 295 379 506 296 284 107 364 322 322 374 480 334 378 364 374 300 438 558 336 400 352 286 267 279 381 480 352 506 379 575 264 409 334 269 352 304
92 150 163 170 170 193 142 163 117 303 172 195 81 170 276 132 194 163 178 229 372 194 192 118 163 154 200 107 141 150 330 376 200 185 221 376 221 142 112 259 312 133 0 163 168 133 195 133 170 92 81 194 243 259 118 269 92 170 170 80 312 172 216 92 80 134 276 406 174 226 150 381 200 117 229 312 150 243 194 303 112 372 172 107 200 142
166 108 81 63 63 177 60 81 35 377 90 88 37 63 194 40 120 81 71 134 282 120 85 0 81 62 128 25 49 108 448 284 128 103 103 284 103 60 20 243 296 41 118 147 57 41 88 41 154 166 37 120 322 213 0 177 166 63 63 171 296 90 109 166 171 16 194 314 92 141 108 289 128 35 134 296 108 322 120 377 20 282 90 25 108 60
206 148 9 128 128 227 100 9 55 417 0 138 91 128 234 90 117 9 136 177 366 117 141 90 9 112 148 65 99 148 502 334 148 143 147 334 147 100 70 293 346 91 172 197 147 91 138 91 204 206 91 117 364 253 90 227 206 128 128 218 346 0 154 206 218 106 234 364 132 85 148 339 148 55 177 346 148 364 117 417 70 366 0 65 158 100
182 124 97 47 47 193 76 97 51 393 106 72 53 47 199 56 104 97 55 138 266 104 69 16 97 78 144 41 65 124 464 300 144 119 119 300 119 76 36 259 312 57 134 163 73 57 72 57 170 182 53 104 338 229 16 193 182 47 47 187 312 106 93 182 187 0 199 330 108 125 124 305 144 51 138 312 124 338 104 393 36 266 106 41 124 76
151 93 46 73 73 172 45 46 0 362 55 98 36 73 179 35 130 46 81 122 311 130 95 35 46 57 93 10 44 93 447 279 93 88 138 279 138 45 15 238 291 36 117 142 92 36 98 36 149 151 36 130 317 198 35 172 151 73 73 163 291 55 99 151 163 51 179 309 77 122 93 284 93 0 122 291 93 317 130 362 15 311 55 10 103 45
142 109 82 79 79 178 61 82 36 353 91 104 52 79 195 41 136 82 87 137 323 136 101 41 82 63 129 26 50 109 459 285 129 104 121 285 121 61 21 244 297 0 133 148 98 0 104 0 155 142 52 136 293 214 41 178 142 79 79 130 297 91 135 142 130 57 195 315 93 157 109 248 129 36 137 297 109 293 136 353 21 323 91 26 67 61
203 205 168 91 91 234 157 168 122 414 177 66 148 91 61 97 104 168 83 0 395 104 69 134 168 119 215 122 146 205 520 381 215 200 237 381 237 157 117 300 353 137 229 204 191 137 66 137 211 203 148 104 283 310 134 274 203 91 91 191 353 177 221 203 191 138 61 411 163 119 205 251 215 122 0 353 205 283 104 414 117 395 177 122 70 157
