69 71 61
259 387 313 380 391 269 291 351 173 72 286 361 501 243 298 202 448 0 378 254 466 259 324 174 423 259 255 200 263 72 473 276 355 391 345 269 169 311 232 586 286 318 408 232 237 419 387 467 381 342 200 83 286 203 169 355 263 248 237 409 234 330 114 294 308 270 293 263 313 172 194
297 252 329 335 256 192 317 269 279 198 324 284 405 313 221 275 482 232 429 242 303 297 92 230 479 297 226 256 487 198 511 382 461 417 164 192 157 79 0 595 324 86 311 0 343 407 348 537 183 305 188 187 324 174 157 461 333 416 208 519 36 195 338 400 217 308 216 333 81 228 426
386 325 250 149 352 191 387 217 390 182 413 200 575 370 220 203 578 254 467 0 427 386 334 96 345 386 215 122 515 182 470 365 444 479 305 191 85 321 242 583 413 328 262 242 326 165 296 434 353 401 54 193 413 163 85 444 350 350 129 393 206 291 368 511 269 397 253 350 323 94 448
275 230 155 312 234 341 292 247 295 275 302 341 507 291 370 364 535 203 372 163 353 275 266 246 472 275 52 272 466 275 489 270 349 392 142 341 248 253 174 593 302 220 425 174 231 328 326 515 285 358 217 286 302 0 248 349 311 245 34 459 138 173 317 416 195 286 90 311 255 248 397
16 175 210 260 179 378 221 192 70 315 43 286 398 0 349 297 276 243 148 370 298 16 405 358 326 16 239 384 211 315 230 173 252 307 149 378 285 392 313 343 43 227 287 313 134 436 271 224 343 99 316 326 43 291 285 252 20 258 325 357 313 118 129 191 140 27 201 20 394 356 437
226 385 0 399 360 441 359 402 140 385 253 407 468 210 470 453 486 313 217 250 464 226 421 346 396 226 207 372 348 385 406 115 194 459 297 441 335 408 329 519 253 375 497 329 76 415 354 434 440 309 304 396 253 155 335 194 230 200 121 414 293 328 199 261 350 237 245 230 410 344 507
301 366 335 234 370 168 460 302 342 97 328 260 490 285 197 118 493 169 433 85 410 301 249 73 322 301 300 99 430 97 447 412 491 497 318 168 0 236 157 560 328 243 239 157 406 250 381 469 268 316 31 108 328 248 0 491 265 327 214 370 121 309 283 463 287 312 320 265 238 71 363
205 346 359 283 350 426 0 215 291 363 178 334 588 221 397 432 411 291 283 387 411 205 409 465 547 205 344 491 400 363 365 394 434 100 320 426 460 238 317 478 178 398 476 317 355 552 294 445 366 234 441 374 178 292 460 434 241 479 258 546 353 289 350 412 267 216 372 241 398 463 485
195 354 348 439 358 532 400 371 208 335 222 465 536 211 528 465 185 263 327 515 477 195 579 437 464 195 418 463 0 335 409 311 390 486 328 532 430 483 487 522 222 406 445 487 272 615 422 435 522 278 461 346 222 466 430 390 231 360 469 146 451 297 149 329 319 184 380 231 568 435 457
260 419 486 504 423 622 411 436 346 497 233 530 674 276 593 375 0 448 338 578 542 260 574 566 602 260 483 592 185 497 420 449 528 497 393 622 493 561 482 533 233 471 531 482 410 609 515 500 587 177 524 508 233 535 493 528 296 534 569 331 518 362 334 467 384 271 445 296 563 564 642
389 344 421 427 348 284 409 361 371 290 416 376 497 405 313 367 574 324 521 334 395 389 0 322 571 389 318 348 579 290 603 448 527 509 256 284 249 171 92 687 416 178 403 92 409 499 430 629 275 397 280 279 416 266 249 527 425 508 300 449 128 287 430 492 309 400 308 425 11 320 518
223 178 207 263 182 380 344 195 309 327 250 289 559 239 352 312 483 255 355 215 301 223 318 285 420 223 0 311 418 327 437 278 357 353 90 380 300 268 226 541 250 168 477 226 283 380 274 463 337 306 269 338 250 52 300 357 259 193 86 407 190 121 368 430 143 234 38 259 307 287 449
376 331 408 414 335 271 238 348 358 277 403 363 484 392 300 337 561 311 508 321 382 376 171 309 558 376 268 335 483 277 590 461 540 338 243 271 236 0 79 536 403 165 390 79 422 486 427 616 262 384 267 266 403 253 236 540 412 461 287 598 115 274 334 479 296 387 295 412 160 307 505
36 195 230 280 199 398 241 212 90 335 63 306 418 20 369 317 296 263 168 350 318 36 425 338 346 36 259 364 231 335 250 193 272 327 169 398 265 412 333 363 63 247 276 333 154 456 291 204 363 119 296 346 63 311 265 272 0 278 345 377 333 138 149 211 160 47 221 0 414 336 457
309 264 121 278 268 320 258 281 261 309 336 329 541 325 349 332 569 237 338 129 387 309 300 225 474 309 86 251 469 309 523 236 315 358 176 320 214 287 208 627 336 254 391 208 197 294 360 549 319 392 183 320 336 34 214 315 345 279 0 493 172 207 320 382 229 320 124 345 289 223 431
274 278 200 258 160 299 479 295 188 320 301 207 516 258 270 412 534 248 265 350 401 274 508 258 398 274 193 284 360 320 488 85 164 453 252 299 327 461 416 519 301 330 504 416 124 515 374 482 446 357 296 331 301 245 327 164 278 0 279 214 383 221 247 309 243 285 231 278 497 256 442
124 79 350 120 83 263 267 52 210 236 151 171 425 140 234 169 384 308 256 269 158 124 309 338 321 124 143 364 319 236 338 313 377 210 53 263 287 296 217 442 151 131 395 217 274 418 131 364 203 207 318 247 151 195 287 377 160 243 229 457 253 22 269 331 0 135 105 160 298 336 407
214 373 406 458 377 469 365 390 300 476 187 484 628 230 498 441 420 473 292 470 496 214 603 374 556 214 437 348 409 476 0 403 482 451 347 469 447 590 511 113 187 425 485 511 364 580 469 454 541 243 416 487 187 489 447 482 250 488 523 555 543 316 359 421 338 225 399 250 592 376 667
255 210 354 147 214 290 294 79 214 367 282 198 452 271 261 300 515 387 387 296 289 255 430 385 452 255 274 411 422 367 469 317 396 341 184 290 381 427 348 573 282 262 526 348 278 461 0 495 230 338 350 378 282 326 381 396 291 374 360 568 377 153 273 335 131 266 236 291 419 387 538
259 387 313 380 391 269 291 351 173 72 286 361 501 243 298 202 448 0 378 254 466 259 324 174 423 259 255 200 263 72 473 276 355 391 345 269 169 311 232 586 286 318 408 232 237 419 387 467 381 342 200 83 286 203 169 355 263 248 237 409 234 330 114 294 308 270 293 263 313 172 194
331 315 385 308 319 197 363 288 245 0 358 289 531 315 226 215 497 72 450 182 394 331 290 102 351 331 327 128 335 0 476 348 427 446 289 197 97 277 198 589 358 284 336 198 309 347 367 534 309 413 128 11 358 275 97 427 335 320 309 399 162 258 186 366 236 342 341 335 279 100 266
176 131 402 68 135 211 215 0 262 288 203 119 373 192 182 221 436 351 308 217 210 176 361 306 373 176 195 332 371 288 390 365 325 262 105 211 302 348 269 494 203 183 447 269 326 382 79 416 151 259 271 299 203 247 302 325 212 295 281 509 298 74 237 383 52 187 157 212 350 308 459
145 304 199 305 308 383 350 237 59 186 172 356 387 129 412 316 334 114 264 368 427 145 430 288 315 145 368 314 149 186 359 162 241 436 278 383 283 334 338 472 172 356 416 338 123 533 273 353 388 228 314 197 172 317 283 241 149 247 320 295 302 247 0 180 269 156 330 149 419 286 308
205 346 359 283 350 426 0 215 291 363 178 334 588 221 397 432 411 291 283 387 411 205 409 465 547 205 344 491 400 363 365 394 434 100 320 426 460 238 317 478 178 398 476 317 355 552 294 445 366 234 441 374 178 292 460 434 241 479 258 546 353 289 350 412 267 216 372 241 398 463 485
271 430 497 411 434 345 476 447 357 336 298 385 685 287 322 357 531 408 403 262 553 271 403 250 499 271 477 276 445 336 485 460 539 562 404 345 239 390 311 598 298 397 0 311 421 427 526 480 494 354 208 347 298 425 239 539 276 504 391 547 347 373 416 478 395 282 456 276 392 248 602
244 176 399 0 203 143 283 68 330 308 271 51 441 260 114 289 504 380 376 149 278 244 427 238 441 244 263 264 439 308 458 343 393 330 173 143 234 414 335 546 271 251 411 335 382 314 147 484 219 327 203 319 271 312 234 393 280 258 278 472 355 142 305 451 120 255 225 280 416 240 527
270 225 407 51 229 92 334 119 356 289 297 0 492 286 63 340 530 361 402 200 329 270 376 187 436 270 289 213 465 289 484 292 371 381 199 92 260 363 284 495 297 277 385 284 331 365 198 510 270 353 229 300 297 341 260 371 306 207 329 421 320 168 356 477 171 281 251 306 365 189 548
333 288 470 114 292 29 397 182 416 226 360 63 555 349 0 315 593 298 465 220 392 333 313 124 373 333 352 150 528 226 498 355 434 444 262 29 197 300 221 432 360 307 322 221 394 385 261 556 333 416 166 237 360 370 197 434 369 270 349 421 257 231 412 537 234 344 314 369 302 126 485
240 399 434 484 403 527 445 416 294 534 267 510 622 224 556 521 500 467 372 434 405 240 629 432 550 240 463 458 435 534 454 397 476 531 373 527 469 616 537 567 267 451 480 537 358 269 495 0 567 323 474 545 267 515 469 476 204 482 549 581 537 342 353 293 364 251 425 204 618 434 661
185 140 245 225 144 342 372 157 271 341 212 251 530 201 314 274 445 293 317 253 263 185 308 247 382 185 38 273 380 341 399 316 395 315 52 342 320 295 216 503 212 130 456 216 321 417 236 425 308 268 289 352 212 90 320 395 221 231 124 445 228 83 330 392 105 196 0 221 297 249 468
102 57 328 142 61 260 289 74 188 258 129 168 447 118 231 191 362 330 234 291 180 102 287 330 299 102 121 356 297 258 316 291 370 232 31 260 309 274 195 420 129 109 373 195 252 396 153 342 225 185 340 269 129 173 309 370 138 221 207 435 231 0 247 309 22 113 83 138 276 332 385
374 387 346 238 391 95 465 306 347 102 401 187 563 358 124 191 566 174 506 96 337 374 322 0 249 374 285 26 437 102 374 343 422 548 299 95 73 309 230 487 401 316 250 230 382 261 385 432 341 389 42 113 401 246 73 422 338 258 225 297 194 330 288 468 338 385 247 338 311 2 368
327 282 440 219 286 362 366 151 390 309 354 270 222 343 333 372 587 381 459 353 361 327 275 341 301 327 337 367 522 309 541 493 476 413 256 362 268 262 183 645 354 269 494 183 454 518 230 567 0 410 299 298 354 285 268 476 363 446 319 638 147 225 388 511 203 338 308 363 264 339 575
378 333 410 416 337 273 398 350 360 279 405 365 486 394 302 356 563 313 510 323 384 378 11 311 560 378 307 337 568 279 592 437 516 498 245 273 238 160 81 676 405 167 392 81 398 488 419 618 264 386 269 268 405 255 238 516 414 497 289 438 117 276 419 481 298 389 297 414 0 309 507
414 504 468 441 508 584 588 373 328 531 441 492 0 398 555 594 674 501 533 575 583 414 497 563 523 414 559 589 536 531 628 431 510 635 478 584 490 484 405 741 441 491 685 405 392 740 452 622 222 497 521 520 441 507 490 510 418 516 541 682 369 447 387 449 425 425 530 418 486 561 695
362 317 441 143 321 0 426 211 442 197 389 92 584 378 29 286 622 269 494 191 421 362 284 95 344 362 380 121 532 197 469 384 463 473 291 0 168 271 192 403 389 278 345 192 423 356 290 527 362 445 137 208 389 341 168 463 398 299 320 392 228 260 383 563 263 373 342 398 273 97 456
189 348 115 343 245 384 394 365 103 348 216 292 431 173 355 470 449 276 180 365 349 189 448 343 359 189 278 369 311 348 403 0 79 413 322 384 412 461 382 516 216 400 460 382 39 530 317 397 493 272 381 359 216 270 412 79 193 85 236 299 346 291 162 224 313 200 316 193 437 341 470
400 413 372 264 417 121 491 332 373 128 427 213 589 384 150 217 592 200 532 122 363 400 348 26 275 400 311 0 463 128 348 369 448 555 325 121 99 335 256 461 427 342 276 256 408 287 411 458 367 415 68 139 427 272 99 448 364 284 251 323 220 356 314 494 364 411 273 364 337 28 394
332 379 304 203 401 137 441 271 373 128 359 229 521 316 166 149 524 200 464 54 379 332 280 42 291 332 269 68 461 128 416 381 460 528 341 137 31 267 188 529 359 274 208 188 380 219 350 474 299 347 0 139 359 217 31 460 296 296 183 339 152 340 314 494 318 343 289 296 269 40 394
211 166 375 251 170 278 398 183 297 284 238 277 491 227 307 300 471 318 343 328 217 211 178 316 408 211 168 342 406 284 425 400 479 341 78 278 243 165 86 529 238 0 397 86 361 443 262 451 269 294 274 273 238 220 243 479 247 330 254 544 122 109 356 418 131 222 130 247 167 314 494
83 242 309 327 246 445 234 259 169 413 56 353 497 99 416 198 177 342 161 401 365 83 397 389 425 83 306 415 278 413 243 272 351 320 216 445 316 384 305 356 56 294 354 305 233 449 338 323 410 0 347 424 56 358 316 351 119 357 392 424 341 185 228 290 207 94 268 119 386 387 536
133 88 297 173 92 291 320 105 219 289 160 199 478 149 262 222 393 345 265 305 211 133 256 299 330 133 90 325 328 289 347 322 401 263 0 291 318 243 164 451 160 78 404 164 283 365 184 373 256 216 341 300 160 142 318 401 169 252 176 466 200 31 278 340 53 144 52 169 245 301 416
297 252 329 335 256 192 317 269 279 198 324 284 405 313 221 275 482 232 429 242 303 297 92 230 479 297 226 256 487 198 511 382 461 417 164 192 157 79 0 595 324 86 311 0 343 407 348 537 183 305 188 187 324 174 157 461 333 416 208 519 36 195 338 400 217 308 216 333 81 228 426
268 427 194 393 324 463 434 325 182 427 295 371 510 252 434 546 528 355 259 444 428 268 527 422 438 268 357 448 390 427 482 79 0 334 401 463 491 540 461 595 295 479 539 461 118 609 396 476 476 351 460 438 295 349 491 0 272 164 315 378 425 370 241 303 377 279 395 272 516 420 549
374 387 346 238 391 95 465 306 347 102 401 187 563 358 124 191 566 174 506 96 337 374 322 0 249 374 285 26 437 102 374 343 422 548 299 95 73 309 230 487 401 316 250 230 382 261 385 432 341 389 42 113 401 246 73 422 338 258 225 297 194 330 288 468 338 385 247 338 311 2 368
341 425 414 472 374 392 546 509 354 399 368 421 682 357 421 488 331 409 473 393 615 341 449 297 546 341 407 323 146 399 555 299 378 632 466 392 370 598 519 668 368 544 547 519 338 558 568 581 638 424 339 410 368 459 370 378 377 214 493 0 491 435 295 475 457 330 445 377 438 299 603
159 0 385 176 118 317 346 131 245 315 186 225 504 175 288 248 419 387 291 325 237 159 344 387 356 159 178 413 354 315 373 348 427 289 88 317 366 331 252 477 186 166 430 252 309 453 210 399 282 242 379 326 186 230 366 427 195 278 264 425 288 57 304 366 79 170 140 195 333 389 442
291 289 459 330 293 473 100 262 377 446 264 381 635 307 444 379 497 391 369 479 311 291 509 548 531 291 353 555 486 446 451 413 334 0 263 473 497 338 417 564 264 341 562 417 441 628 341 531 413 320 528 457 264 392 497 334 327 453 358 632 453 232 436 498 210 302 315 327 498 546 585
11 170 237 255 174 373 216 187 97 342 38 281 425 27 344 292 271 270 143 397 293 11 400 385 353 11 234 411 184 342 225 200 279 302 144 373 312 387 308 338 38 222 282 308 161 431 266 251 338 94 343 353 38 286 312 279 47 285 320 330 340 113 156 218 135 0 196 47 389 383 464
342 356 396 441 238 344 547 373 256 351 369 436 523 326 373 440 602 423 461 345 479 342 571 249 0 342 420 275 464 351 556 359 438 531 330 344 322 558 479 597 369 408 499 479 320 510 452 550 301 425 291 362 369 472 322 438 346 398 474 546 443 299 315 377 321 353 382 346 560 251 617
333 288 470 114 292 29 397 182 416 226 360 63 555 349 0 315 593 298 465 220 392 333 313 124 373 333 352 150 528 226 498 355 434 444 262 29 197 300 221 432 360 307 322 221 394 385 261 556 333 416 166 237 360 370 197 434 369 270 349 421 257 231 412 537 234 344 314 369 302 126 485
453 442 507 527 446 456 485 459 367 266 480 548 695 437 485 396 642 194 572 448 565 453 518 368 617 453 449 394 457 266 667 470 549 585 416 456 363 505 426 780 480 494 602 426 431 613 538 661 575 536 394 277 480 397 363 549 457 442 431 603 428 385 308 488 407 464 468 457 507 366 0
327 477 519 546 359 403 478 494 413 589 300 495 741 343 432 554 533 586 405 583 600 327 687 487 597 327 541 461 522 589 113 516 595 564 451 403 560 536 595 0 300 529 598 595 477 693 573 567 645 356 529 600 300 593 560 595 363 519 627 668 631 420 472 534 442 338 503 363 676 489 780
329 288 293 355 292 228 353 298 243 162 356 320 369 313 257 239 518 234 448 206 339 329 128 194 443 329 190 220 451 162 543 346 425 453 200 228 121 115 36 631 356 122 347 36 307 371 377 537 147 341 152 151 356 138 121 425 333 383 172 491 0 231 302 364 253 340 228 333 117 192 428
150 309 76 382 284 423 355 326 64 309 177 331 392 134 394 431 410 237 141 326 388 150 409 382 320 150 283 408 272 309 364 39 118 441 283 423 406 422 343 477 177 361 421 343 0 491 278 358 454 233 380 320 177 231 406 118 154 124 197 338 307 252 123 185 274 161 321 154 398 380 431
0 159 226 244 163 362 205 176 86 331 27 270 414 16 333 281 260 259 132 386 282 0 389 374 342 0 223 400 195 331 214 189 268 291 133 362 301 376 297 327 27 211 271 297 150 420 255 240 327 83 332 342 27 275 301 268 36 274 309 341 329 102 145 207 124 11 185 36 378 372 453
86 245 140 330 249 442 291 262 0 245 113 356 328 70 416 367 346 173 205 390 368 86 371 347 256 86 309 373 208 245 300 103 182 377 219 442 342 358 279 413 113 297 357 279 64 506 214 294 390 169 373 256 113 295 342 182 90 188 261 354 243 188 59 121 210 97 271 90 360 345 367
207 366 261 451 370 563 412 383 121 366 234 477 449 191 537 488 467 294 326 511 489 207 492 468 377 207 430 494 329 366 421 224 303 498 340 563 463 479 400 534 234 418 478 400 185 562 335 293 511 290 494 377 234 416 463 303 211 309 382 475 364 309 180 0 331 218 392 211 481 466 488
329 288 293 355 292 228 353 298 243 162 356 320 369 313 257 239 518 234 448 206 339 329 128 194 443 329 190 220 451 162 543 346 425 453 200 228 121 115 36 631 356 122 347 36 307 371 377 537 147 341 152 151 356 138 121 425 333 383 172 491 0 231 302 364 253 340 228 333 117 192 428
163 118 360 203 0 321 350 135 249 319 190 229 508 179 292 252 423 391 295 352 241 163 348 391 238 163 182 417 358 319 377 245 324 293 92 321 370 335 256 359 190 170 434 256 284 457 214 403 286 246 401 330 190 234 370 324 199 160 268 374 292 61 308 370 83 174 144 199 337 393 446
282 237 464 278 241 421 411 210 368 394 309 329 583 298 392 327 542 466 414 427 0 282 395 337 479 282 301 363 477 394 496 349 428 311 211 421 410 382 303 600 309 217 553 303 388 576 289 405 361 365 379 405 309 353 410 428 318 401 387 615 339 180 427 489 158 293 263 318 384 339 565
342 326 396 319 330 208 374 299 256 11 369 300 520 326 237 226 508 83 461 193 405 342 279 113 362 342 338 139 346 11 487 359 438 457 300 208 108 266 187 600 369 273 347 187 320 358 378 545 298 424 139 0 369 286 108 438 346 331 320 410 151 269 197 377 247 353 352 346 268 111 277
281 248 453 289 252 286 432 221 367 215 254 340 594 297 315 0 375 202 359 203 327 281 367 191 440 281 312 217 465 215 441 470 546 379 222 286 118 337 275 554 254 300 357 275 431 368 300 521 372 198 149 226 254 364 118 546 317 412 332 488 239 191 316 488 169 292 274 317 356 189 396
132 291 217 376 295 494 283 308 205 450 105 402 533 148 465 359 338 378 0 467 414 132 521 506 461 132 355 532 327 450 292 180 259 369 265 494 433 508 429 405 105 343 403 429 141 498 387 372 459 161 464 461 105 372 433 259 168 265 338 473 448 234 264 326 256 143 317 168 510 504 572
420 453 415 314 457 356 552 382 506 347 393 365 740 436 385 368 609 419 498 165 576 420 499 261 510 420 380 287 615 347 580 530 609 628 365 356 250 486 407 693 393 443 427 407 491 0 461 269 518 449 219 358 393 328 250 609 456 515 294 558 371 396 533 562 418 431 417 456 488 259 613
372 389 344 240 393 97 463 308 345 100 399 189 561 356 126 189 564 172 504 94 339 372 320 2 251 372 287 28 435 100 376 341 420 546 301 97 71 307 228 489 399 314 248 228 380 259 387 434 339 387 40 111 399 248 71 420 336 256 223 299 192 332 286 466 336 383 249 336 309 0 366
27 186 253 271 190 389 178 203 113 358 0 297 441 43 360 254 233 286 105 413 309 27 416 401 369 27 250 427 222 358 187 216 295 264 160 389 328 403 324 300 0 238 298 324 177 393 282 267 354 56 359 369 0 302 328 295 63 301 336 368 356 129 172 234 151 38 212 63 405 399 480
196 151 360 236 155 290 383 168 282 352 223 262 541 212 319 285 456 408 328 368 274 196 319 362 393 196 153 388 391 352 410 385 464 326 63 290 381 306 227 514 223 141 467 227 346 428 247 436 319 279 404 363 223 205 381 464 232 315 239 529 263 94 341 403 116 207 115 232 308 364 479
86 245 140 330 249 442 291 262 0 245 113 356 328 70 416 367 346 173 205 390 368 86 371 347 256 86 309 373 208 245 300 103 182 377 219 442 342 358 279 413 113 297 357 279 64 506 214 294 390 169 373 256 113 295 342 182 90 188 261 354 243 188 59 121 210 97 271 90 360 345 367
