67 73 61
278 521 166 395 284 247 259 0 262 335 379 288 356 288 276 337 333 301 233 322 346 333 258 367 387 137 247 278 250 388 201 286 588 60 235 319 497 245 218 166 305 288 250 143 474 545 171 331 329 329 320 331 253 406 276 335 286 269 326 236 210 224 172 269 254 253 282 291 348 242 401 258 190
259 279 345 464 224 332 199 322 202 221 303 122 250 122 242 236 314 282 199 0 210 167 333 333 295 339 225 259 164 310 160 252 566 262 175 272 437 211 338 345 180 228 164 448 414 449 308 297 354 354 165 297 193 185 242 221 252 183 292 217 412 190 150 344 456 193 40 291 208 223 287 224 171
99 359 185 358 83 266 58 201 61 186 213 87 215 87 166 201 154 122 123 160 175 132 225 257 221 257 196 99 140 187 0 176 504 261 34 164 331 93 204 185 145 87 140 340 273 435 199 180 323 323 130 180 52 251 166 186 176 159 216 57 342 114 166 236 374 52 120 131 173 63 252 106 11
361 571 494 567 380 435 373 497 358 393 428 315 387 315 221 408 241 209 264 437 382 270 406 312 436 416 397 361 299 503 331 231 730 437 365 418 0 294 466 494 373 402 299 521 541 490 428 276 410 410 358 276 367 505 221 393 231 318 357 366 441 273 325 417 369 367 397 393 384 372 459 307 320
218 401 197 401 190 278 165 346 168 11 164 88 40 88 161 26 306 274 163 210 0 133 218 211 156 209 296 218 198 276 175 171 611 286 141 279 382 193 128 197 146 194 198 238 380 389 274 106 425 425 131 106 159 338 161 11 171 217 256 232 354 172 224 207 326 159 170 201 2 238 77 206 186
222 412 186 412 201 267 176 335 179 0 153 99 29 99 172 15 317 285 152 221 11 144 207 200 145 198 285 222 187 287 186 182 618 275 152 268 393 182 117 186 157 205 187 227 391 378 285 117 414 414 142 117 170 349 172 0 182 206 245 243 343 161 213 196 315 170 181 190 13 249 66 195 197
237 427 171 427 216 252 191 337 194 15 138 114 44 114 187 0 332 300 167 236 26 159 222 215 130 213 300 237 202 302 201 197 624 290 167 283 408 197 132 171 172 220 202 242 406 393 300 132 429 429 157 132 185 364 187 15 197 221 260 258 328 176 228 211 330 185 196 205 28 264 81 210 212
150 360 339 444 169 370 162 286 147 182 217 227 176 227 10 197 135 103 53 252 171 272 195 101 225 185 186 150 88 363 176 0 517 226 174 207 231 83 255 339 285 191 88 310 330 279 217 65 304 304 270 65 156 294 10 182 0 107 146 211 335 62 114 206 302 156 212 182 173 186 248 96 165
372 170 564 376 428 629 421 545 406 378 321 477 349 477 269 393 414 382 312 449 389 522 454 178 329 464 445 372 347 531 435 279 778 485 433 461 490 342 477 564 535 447 347 569 465 0 476 324 583 583 520 324 415 436 269 378 279 366 405 470 561 321 373 465 581 415 409 404 391 408 444 355 424
429 0 544 546 423 531 398 521 401 412 491 321 441 321 350 427 495 463 393 279 401 366 414 348 494 538 424 429 363 509 359 360 765 461 374 353 571 410 504 544 379 427 363 529 613 170 507 295 435 435 364 295 392 266 350 412 360 382 486 416 611 389 349 425 655 392 239 461 403 393 478 423 370
151 392 237 306 31 281 6 253 9 170 161 71 199 71 146 185 206 174 103 193 159 116 277 237 169 296 218 151 120 239 52 156 452 258 18 216 367 115 256 237 129 35 120 392 221 415 249 201 375 375 114 201 0 303 146 170 156 139 196 109 394 94 146 288 413 0 153 183 157 115 236 128 63
231 348 386 525 250 451 243 367 228 200 143 299 171 299 91 215 236 204 134 333 211 344 276 0 151 286 267 231 169 353 257 101 600 307 255 283 312 164 317 386 357 269 169 391 287 178 298 146 405 405 342 146 237 370 91 200 101 188 227 292 436 143 195 287 403 237 293 263 213 267 266 177 246
229 302 364 463 188 355 187 311 172 244 242 145 219 145 139 259 284 252 96 103 233 190 311 230 250 328 211 229 61 333 183 149 552 251 198 250 360 108 286 364 203 216 61 426 373 408 242 194 453 453 188 194 181 288 139 244 149 80 189 236 401 87 139 322 445 181 63 213 231 242 293 121 190
220 403 199 403 188 280 163 348 166 13 166 86 42 86 163 28 308 276 165 208 2 131 220 213 158 211 298 220 200 274 173 173 609 288 139 281 384 195 130 199 144 192 200 240 378 391 272 108 427 427 129 108 157 340 163 13 173 219 258 230 356 174 226 209 328 157 168 203 0 236 79 208 184
114 423 269 416 141 300 134 258 119 195 121 193 166 193 86 210 231 199 43 224 206 238 258 177 129 272 116 114 60 293 106 96 457 198 140 197 307 13 219 269 251 163 60 373 320 355 147 141 400 400 236 141 128 284 86 195 96 79 136 141 348 34 86 269 389 128 184 146 208 147 240 0 95
275 655 420 529 444 501 407 254 422 315 468 343 344 343 312 330 437 405 355 456 326 388 288 403 460 117 381 275 384 415 374 302 722 194 396 349 369 379 198 420 285 448 384 397 632 581 425 367 463 463 300 367 413 436 312 315 302 403 448 409 344 358 306 277 0 413 416 271 328 311 381 389 363
244 379 330 400 160 268 135 305 138 157 239 58 186 58 275 172 299 267 232 180 146 103 318 357 231 168 283 244 249 130 145 285 581 245 111 257 373 238 249 330 0 164 249 384 350 535 244 252 468 468 15 252 129 344 275 157 285 268 325 202 303 223 208 328 285 129 140 276 144 208 223 251 156
127 410 256 403 128 287 121 245 106 182 134 180 153 180 73 197 218 186 30 211 193 225 245 164 142 262 103 127 47 280 93 83 444 185 127 184 294 0 232 256 238 150 47 360 307 342 134 128 387 387 223 128 115 271 73 182 83 66 123 128 335 21 73 256 379 115 171 159 195 134 227 13 82
250 486 379 484 209 410 202 326 187 245 257 267 216 267 136 260 281 249 93 292 256 312 308 227 265 331 226 250 128 403 216 146 373 266 214 247 357 123 355 379 325 231 128 423 184 405 257 191 450 450 310 191 196 334 136 245 146 147 0 251 416 102 154 319 448 196 252 282 258 257 290 136 205
186 427 272 341 66 316 41 288 44 205 126 106 234 106 181 220 241 209 138 228 194 151 312 269 134 331 253 186 155 274 87 191 417 293 53 251 402 150 291 272 164 0 155 427 256 447 284 236 410 410 149 236 35 338 181 205 191 174 231 144 429 129 181 323 448 35 188 218 192 150 263 163 98
174 363 303 402 127 334 126 250 111 187 181 191 158 191 78 202 223 191 35 164 198 236 250 169 189 267 150 174 0 327 140 88 491 190 138 189 299 47 279 303 249 155 0 365 312 347 181 133 392 392 234 133 120 276 78 187 88 19 128 175 340 26 78 261 384 120 124 206 200 181 232 60 129
227 424 359 506 231 390 224 247 209 285 237 225 256 225 176 300 321 289 133 225 296 270 348 267 245 264 0 227 150 383 196 186 341 187 230 287 397 103 332 359 283 253 150 390 410 445 237 231 456 456 268 231 218 374 176 285 186 169 226 231 337 124 75 359 381 218 185 259 298 191 330 116 185
140 350 329 434 159 360 152 276 137 172 207 217 166 217 0 187 145 113 43 242 161 262 185 91 215 195 176 140 78 353 166 10 509 216 164 197 221 73 245 329 275 181 78 300 320 269 207 55 314 314 260 55 146 284 0 172 10 97 136 201 345 52 104 196 312 146 202 172 163 176 238 86 155
105 504 303 493 287 384 262 218 265 117 270 216 146 216 245 132 336 304 262 338 128 261 90 317 262 81 332 105 279 379 204 255 673 158 238 151 466 232 0 303 249 291 279 205 477 477 366 234 407 407 259 234 256 238 245 117 255 298 355 239 308 253 270 79 198 256 298 73 130 141 183 219 193
36 393 226 421 146 307 121 242 124 249 268 150 278 150 176 264 195 163 164 223 238 195 231 267 276 194 191 36 181 250 63 186 532 271 97 205 372 134 141 226 208 150 181 346 336 408 262 221 364 364 193 221 115 292 176 249 186 200 257 98 383 155 207 220 311 115 183 68 236 0 315 147 52
288 478 252 478 267 333 242 401 245 66 219 165 95 165 238 81 383 351 197 287 77 210 273 266 211 264 330 288 232 324 252 248 663 341 218 334 459 227 183 252 223 263 232 293 457 444 351 183 480 480 208 183 236 415 238 66 248 251 290 309 409 206 258 262 381 236 247 256 79 315 0 240 263
184 425 382 572 319 463 294 269 297 196 349 295 225 295 196 211 341 309 226 344 207 340 11 287 341 160 359 184 261 389 236 206 692 237 270 72 417 256 79 382 328 323 261 126 503 465 390 251 328 328 338 251 288 159 196 196 206 280 319 271 387 235 287 0 277 288 356 152 209 220 262 269 225
195 295 303 489 214 384 207 331 192 117 262 194 146 194 55 132 200 168 98 297 106 239 240 146 262 250 231 195 133 367 180 65 564 271 214 252 276 128 234 303 252 236 133 344 375 324 262 0 369 369 237 0 201 232 55 117 65 152 191 215 400 107 159 251 367 201 257 227 108 221 183 141 169
195 414 388 567 308 469 283 258 286 207 360 306 236 306 185 222 330 298 215 333 218 351 0 276 352 171 348 195 250 378 225 195 681 248 259 61 406 245 90 388 318 312 250 115 492 454 379 240 317 317 333 240 277 148 185 207 195 269 308 260 398 224 276 11 288 277 345 163 220 231 273 258 214
88 370 174 369 94 255 69 190 72 197 216 98 226 98 155 212 143 111 112 171 186 143 214 246 224 246 185 88 129 198 11 165 515 250 45 153 320 82 193 174 156 98 129 329 284 424 210 169 312 312 141 169 63 240 155 197 165 148 205 46 331 103 155 225 363 63 131 120 184 52 263 95 0
105 504 303 493 287 384 262 218 265 117 270 216 146 216 245 132 336 304 262 338 128 261 90 317 262 81 332 105 279 379 204 255 673 158 238 151 466 232 0 303 249 291 279 205 477 477 366 234 407 407 259 234 256 238 245 117 255 298 355 239 308 253 270 79 198 256 298 73 130 141 183 219 193
134 416 220 415 140 301 115 236 118 243 262 144 272 144 201 258 189 157 158 217 232 189 260 292 270 292 231 134 175 244 57 211 561 296 91 199 366 128 239 220 202 144 175 375 330 470 256 215 358 358 187 215 109 235 201 243 211 194 251 0 377 149 201 271 409 109 177 166 230 98 309 141 46
235 461 226 335 271 307 264 60 249 275 319 262 296 262 216 290 361 329 173 262 286 307 248 307 327 77 187 235 190 375 261 226 528 0 276 309 437 185 158 226 245 293 190 203 450 485 231 271 269 269 260 271 258 396 216 275 226 209 266 296 150 164 112 237 194 258 222 231 288 271 341 198 250
133 374 219 324 49 263 24 235 27 152 179 53 181 53 164 167 188 156 121 175 141 98 259 255 187 279 230 133 138 221 34 174 470 276 0 198 365 127 238 219 111 53 138 374 239 433 233 214 357 357 96 214 18 285 164 152 174 157 214 91 376 112 164 270 396 18 135 165 139 97 218 140 45
32 461 294 489 214 375 189 291 192 190 267 218 219 218 172 205 263 231 189 291 201 263 163 263 275 154 259 32 206 318 131 182 600 231 165 224 393 159 73 294 276 218 206 278 404 404 293 227 432 432 261 227 183 311 172 190 182 225 282 166 381 180 232 152 271 183 251 0 203 68 256 146 120
385 611 157 185 421 238 400 210 399 343 466 361 372 361 345 328 264 232 323 412 354 403 398 436 458 227 337 385 340 433 342 335 678 150 376 459 441 335 308 157 303 429 340 353 600 561 381 400 419 419 318 400 394 546 345 343 335 359 416 377 0 314 262 387 344 394 372 381 356 383 409 348 331
148 389 277 382 107 308 100 224 85 161 155 165 132 165 52 176 197 165 9 190 172 210 224 143 163 241 124 148 26 301 114 62 465 164 112 163 273 21 253 277 223 129 26 339 286 321 155 107 366 366 208 107 94 250 52 161 62 45 102 149 314 0 52 235 358 94 150 180 174 155 206 34 103
219 239 305 424 184 292 159 282 162 181 263 82 210 82 202 196 274 242 159 40 170 127 345 293 255 299 185 219 124 270 120 212 526 222 135 284 397 171 298 305 140 188 124 408 374 409 268 257 394 394 125 257 153 225 202 181 212 143 252 177 372 150 110 356 416 153 0 251 168 183 247 184 131
243 494 301 475 200 382 175 387 178 145 8 173 174 173 215 130 360 328 172 295 156 218 352 151 0 343 245 243 189 218 221 225 494 327 187 326 436 142 262 301 231 134 189 365 307 329 276 262 529 529 216 262 169 413 215 145 225 208 265 270 458 163 215 341 460 169 255 275 158 276 211 129 224
235 491 309 467 192 390 167 379 170 153 0 181 182 181 207 138 352 320 164 303 164 226 360 143 8 351 237 235 181 210 213 217 502 319 179 318 428 134 270 309 239 126 181 373 315 321 268 262 521 521 224 262 161 405 207 153 217 200 257 262 466 155 207 349 468 161 263 267 166 268 219 121 216
182 423 268 275 0 312 37 284 22 201 192 102 230 102 159 216 237 205 116 224 190 147 308 250 200 327 231 182 127 209 83 169 483 271 49 247 380 128 287 268 160 66 127 423 190 428 262 214 406 406 145 214 31 334 159 201 169 146 209 140 421 107 159 319 444 31 184 214 188 146 267 141 94
286 509 372 484 209 398 245 388 231 287 210 188 316 188 353 302 341 309 310 310 276 233 378 353 218 298 383 286 327 0 187 363 691 375 221 351 503 280 379 372 130 274 327 263 399 531 374 367 510 510 145 367 239 438 353 287 363 346 403 244 433 301 338 389 415 239 270 318 274 250 324 293 198
400 435 401 604 406 320 381 329 384 414 521 410 385 410 314 429 233 201 357 354 425 455 317 405 529 346 456 400 392 510 323 304 797 269 357 256 410 387 407 401 468 410 392 432 596 583 473 369 0 0 453 369 375 169 314 414 304 411 450 358 419 366 381 328 463 375 394 432 427 364 480 400 312
568 765 689 758 483 731 458 588 461 618 502 523 589 523 509 624 652 620 466 566 611 568 681 600 494 605 341 568 491 691 504 517 0 528 470 620 730 444 673 689 581 417 491 731 557 778 578 564 797 797 566 564 452 707 509 618 517 510 373 561 678 465 416 692 722 452 526 600 609 532 663 457 515
199 463 285 417 205 366 180 301 183 285 320 209 279 209 113 300 32 0 156 282 274 254 298 204 328 288 289 199 191 309 122 103 620 329 156 264 209 186 304 285 267 209 191 413 395 382 320 168 201 201 252 168 174 351 113 285 103 210 249 157 232 165 217 309 405 174 242 231 276 163 351 199 111
251 441 215 441 230 296 205 356 208 29 182 128 0 128 166 44 311 279 123 250 40 173 236 171 174 227 256 251 158 316 215 176 589 296 181 277 387 153 146 215 186 234 158 256 400 349 287 146 385 385 171 146 199 364 166 29 176 177 216 272 372 132 184 225 344 199 210 219 42 278 95 166 226
0 429 262 457 182 343 157 278 160 222 235 186 251 186 140 237 231 199 157 259 218 231 195 231 243 158 227 0 174 286 99 150 568 235 133 241 361 127 105 262 244 186 174 310 372 372 261 195 400 400 229 195 151 328 140 222 150 193 250 134 385 148 200 184 275 151 219 32 220 36 288 114 88
231 366 246 297 147 165 122 333 125 144 226 45 173 45 262 159 286 254 219 167 133 0 351 344 218 271 270 231 236 233 132 272 568 307 98 296 270 225 261 246 103 151 236 371 337 522 231 239 455 455 88 239 116 352 262 144 272 255 312 189 403 210 195 340 388 116 127 263 131 195 210 238 143
200 349 329 434 159 360 152 172 137 213 207 150 184 150 104 228 249 217 61 150 224 195 276 195 215 189 75 200 78 338 166 114 416 112 164 215 325 73 270 329 208 181 78 315 338 373 207 159 381 381 193 159 146 302 104 213 114 97 154 201 262 52 0 287 306 146 110 232 226 207 258 86 155
193 382 322 421 146 353 145 269 130 206 200 210 177 210 97 221 242 210 54 183 217 255 269 188 208 286 169 193 19 346 159 107 510 209 157 208 318 66 298 322 268 174 19 384 331 366 200 152 411 411 253 152 139 295 97 206 107 0 147 194 359 45 97 280 403 139 143 225 219 200 251 79 148
157 398 243 312 37 287 0 259 15 176 167 77 205 77 152 191 212 180 109 199 165 122 283 243 175 290 224 157 126 245 58 162 458 264 24 222 373 121 262 243 135 41 126 398 227 421 255 207 381 381 120 207 6 309 152 176 162 145 202 115 400 100 152 294 407 6 159 189 163 121 242 134 69
262 544 0 342 268 81 243 166 246 186 309 272 215 272 329 171 317 285 286 345 197 246 388 386 301 303 359 262 303 372 185 339 689 226 219 327 494 256 303 0 330 272 303 309 458 564 234 303 401 401 315 303 237 414 329 186 339 322 379 220 157 277 329 382 420 237 305 294 199 226 252 269 174
310 529 309 538 423 390 398 143 401 227 373 326 256 326 300 242 445 413 330 448 238 371 115 391 365 280 390 310 365 263 340 310 731 203 374 176 521 360 205 309 384 427 365 0 607 569 314 344 432 432 369 344 392 263 300 227 310 384 423 375 353 339 315 126 397 392 408 278 240 346 293 373 329
328 266 414 609 334 489 309 406 312 349 405 307 364 307 284 364 383 351 241 185 338 352 148 370 413 319 374 328 276 438 251 294 707 396 285 87 505 271 238 414 344 338 276 263 518 436 405 232 169 169 350 232 303 0 284 349 294 295 334 235 546 250 302 159 436 303 225 311 340 292 415 284 240
241 353 327 522 247 408 222 319 225 268 318 251 277 251 197 283 296 264 154 272 279 296 61 283 326 232 287 241 189 351 164 207 620 309 198 0 418 184 151 327 257 251 189 176 431 461 318 252 256 256 272 252 216 87 197 268 207 208 247 199 459 163 215 72 349 216 284 224 281 205 334 197 153
261 507 234 528 262 153 255 171 240 285 268 186 287 186 207 300 352 320 164 308 274 231 379 298 276 308 237 261 181 374 199 217 578 231 233 318 428 134 366 234 244 284 181 314 441 476 0 262 473 473 229 262 249 405 207 285 217 200 257 256 381 155 207 390 425 249 268 293 272 262 351 147 210
158 538 303 412 327 384 290 137 305 198 351 226 227 226 195 213 320 288 238 339 209 271 171 286 343 0 264 158 267 298 257 185 605 77 279 232 416 262 81 303 168 331 267 280 515 464 308 250 346 346 183 250 296 319 195 198 185 286 331 292 227 241 189 160 117 296 299 154 211 194 264 272 246
157 393 286 391 116 317 109 233 94 152 164 174 123 174 43 167 188 156 0 199 163 219 215 134 172 238 133 157 35 310 123 53 466 173 121 154 264 30 262 286 232 138 35 330 277 312 164 98 357 357 217 98 103 241 43 152 53 54 93 158 323 9 61 226 355 103 159 189 165 164 197 43 112
343 531 81 423 312 0 287 247 290 267 390 210 296 210 360 252 398 366 317 332 278 165 469 451 382 384 390 343 334 398 266 370 731 307 263 408 435 287 384 81 268 316 334 390 502 629 153 384 320 320 253 384 281 489 360 267 370 353 410 301 238 308 360 463 501 281 292 375 280 307 333 300 255
457 546 342 0 275 423 312 395 297 412 467 342 441 342 434 427 449 417 391 464 401 297 567 525 475 412 506 457 402 484 358 444 758 335 324 522 567 403 493 342 400 341 402 538 465 376 528 489 604 604 385 489 306 609 434 412 444 421 484 415 185 382 434 572 529 306 424 489 403 421 478 416 369
372 613 458 465 190 502 227 474 212 391 315 292 400 292 320 406 427 395 277 414 380 337 492 287 307 515 410 372 312 399 273 330 557 450 239 431 541 307 477 458 350 256 312 607 0 465 441 375 596 596 335 375 221 518 320 391 330 331 184 330 600 286 338 503 632 221 374 404 378 336 457 320 284
186 321 272 342 102 210 77 288 80 99 181 0 128 0 217 114 241 209 174 122 88 45 306 299 173 226 225 186 191 188 87 227 523 262 53 251 315 180 216 272 58 106 191 326 292 477 186 194 410 410 43 194 71 307 217 99 227 210 267 144 361 165 150 295 343 71 82 218 86 150 165 193 98
160 401 246 297 22 290 15 262 0 179 170 80 208 80 137 194 215 183 94 202 168 125 286 228 178 305 209 160 111 231 61 147 461 249 27 225 358 106 265 246 138 44 111 401 212 406 240 192 384 384 123 192 9 312 137 179 147 130 187 118 399 85 137 297 422 9 162 192 166 124 245 119 72
231 495 317 449 237 398 212 333 215 317 352 241 311 241 145 332 0 32 188 314 306 286 330 236 360 320 321 231 223 341 154 135 652 361 188 296 241 218 336 317 299 241 223 445 427 414 352 200 233 233 284 200 206 383 145 317 135 242 281 189 264 197 249 341 437 206 274 263 308 195 383 231 143
261 507 234 528 262 153 255 171 240 285 268 186 287 186 207 300 352 320 164 308 274 231 379 298 276 308 237 261 181 374 199 217 578 231 233 318 428 134 366 234 244 284 181 314 441 476 0 262 473 473 229 262 249 405 207 285 217 200 257 256 381 155 207 390 425 249 268 293 272 262 351 147 210
229 364 315 385 145 253 120 320 123 142 224 43 171 43 260 157 284 252 217 165 131 88 333 342 216 183 268 229 234 145 130 270 566 260 96 272 358 223 259 315 15 149 234 369 335 520 229 237 453 453 0 237 114 350 260 142 270 253 310 187 318 208 193 338 300 114 125 261 129 193 208 236 141
231 348 386 525 250 451 243 367 228 200 143 299 171 299 91 215 236 204 134 333 211 344 276 0 151 286 267 231 169 353 257 101 600 307 255 283 312 164 317 386 357 269 169 391 287 178 298 146 405 405 342 146 237 370 91 200 101 188 227 292 436 143 195 287 403 237 293 263 213 267 266 177 246
