51 73 31
28 28 12 26 12 28 12 12 12 28 120 12 12 28 28 12 26 26 26 12 28 26 22 12 26 12 12 22 28 120 28 12 12 12 12 50 12 28 120 0 0 12 22 28 12 12 28 12 12 12 120 22 12 0 28 28 26 120 28 28 12 12 12 28 28 28 12 28 12 120 26 12 28
41 0 40 54 40 0 40 40 40 41 145 40 40 0 0 40 54 54 54 40 0 54 50 40 54 40 40 50 0 145 0 40 40 40 40 54 40 0 145 28 28 40 50 41 40 40 0 40 40 40 145 50 40 28 0 41 54 145 41 41 40 40 40 0 0 0 40 0 40 145 54 40 0
28 28 12 26 12 28 12 12 12 28 120 12 12 28 28 12 26 26 26 12 28 26 22 12 26 12 12 22 28 120 28 12 12 12 12 50 12 28 120 0 0 12 22 28 12 12 28 12 12 12 120 22 12 0 28 28 26 120 28 28 12 12 12 28 28 28 12 28 12 120 26 12 28
28 28 12 26 12 28 12 12 12 28 120 12 12 28 28 12 26 26 26 12 28 26 22 12 26 12 12 22 28 120 28 12 12 12 12 50 12 28 120 0 0 12 22 28 12 12 28 12 12 12 120 22 12 0 28 28 26 120 28 28 12 12 12 28 28 28 12 28 12 120 26 12 28
28 28 12 26 12 28 12 12 12 28 120 12 12 28 28 12 26 26 26 12 28 26 22 12 26 12 12 22 28 120 28 12 12 12 12 50 12 28 120 0 0 12 22 28 12 12 28 12 12 12 120 22 12 0 28 28 26 120 28 28 12 12 12 28 28 28 12 28 12 120 26 12 28
54 54 38 52 38 54 38 38 38 54 170 38 38 54 54 38 52 52 52 38 54 52 48 38 52 38 38 48 54 170 54 38 38 38 38 0 38 54 170 50 50 38 48 54 38 38 54 38 38 38 170 48 38 50 54 54 52 170 54 54 38 38 38 54 54 54 38 54 38 170 52 38 54
100 134 94 80 94 134 94 94 94 100 217 94 94 134 134 94 80 80 80 94 134 80 84 94 80 94 94 84 134 217 134 94 94 94 94 132 94 134 217 106 106 94 84 100 94 94 134 94 94 94 217 84 94 106 134 100 80 217 100 100 94 94 94 134 134 134 94 134 94 217 80 94 134
26 50 10 4 10 50 10 10 10 26 133 10 10 50 50 10 4 4 4 10 50 4 0 10 4 10 10 0 50 133 50 10 10 10 10 48 10 50 133 22 22 10 0 26 10 10 50 10 10 10 133 0 10 22 50 26 4 133 26 26 10 10 10 50 50 50 10 50 10 133 4 10 50
16 40 0 14 0 40 0 0 0 16 132 0 0 40 40 0 14 14 14 0 40 14 10 0 14 0 0 10 40 132 40 0 0 0 0 38 0 40 132 12 12 0 10 16 0 0 40 0 0 0 132 10 0 12 40 16 14 132 16 16 0 0 0 40 40 40 0 40 0 132 14 0 40
30 54 14 0 14 54 14 14 14 30 137 14 14 54 54 14 0 0 0 14 54 0 4 14 0 14 14 4 54 137 54 14 14 14 14 52 14 54 137 26 26 14 4 30 14 14 54 14 14 14 137 4 14 26 54 30 0 137 30 30 14 14 14 54 54 54 14 54 14 137 0 14 54
41 0 40 54 40 0 40 40 40 41 145 40 40 0 0 40 54 54 54 40 0 54 50 40 54 40 40 50 0 145 0 40 40 40 40 54 40 0 145 28 28 40 50 41 40 40 0 40 40 40 145 50 40 28 0 41 54 145 41 41 40 40 40 0 0 0 40 0 40 145 54 40 0
0 41 16 30 16 41 16 16 16 0 148 16 16 41 41 16 30 30 30 16 41 30 26 16 30 16 16 26 41 148 41 16 16 16 16 54 16 41 148 28 28 16 26 0 16 16 41 16 16 16 148 26 16 28 41 0 30 148 0 0 16 16 16 41 41 41 16 41 16 148 30 16 41
0 41 16 30 16 41 16 16 16 0 148 16 16 41 41 16 30 30 30 16 41 30 26 16 30 16 16 26 41 148 41 16 16 16 16 54 16 41 148 28 28 16 26 0 16 16 41 16 16 16 148 26 16 28 41 0 30 148 0 0 16 16 16 41 41 41 16 41 16 148 30 16 41
28 28 12 26 12 28 12 12 12 28 120 12 12 28 28 12 26 26 26 12 28 26 22 12 26 12 12 22 28 120 28 12 12 12 12 50 12 28 120 0 0 12 22 28 12 12 28 12 12 12 120 22 12 0 28 28 26 120 28 28 12 12 12 28 28 28 12 28 12 120 26 12 28
28 28 12 26 12 28 12 12 12 28 120 12 12 28 28 12 26 26 26 12 28 26 22 12 26 12 12 22 28 120 28 12 12 12 12 50 12 28 120 0 0 12 22 28 12 12 28 12 12 12 120 22 12 0 28 28 26 120 28 28 12 12 12 28 28 28 12 28 12 120 26 12 28
113 72 112 126 112 72 112 112 112 113 217 112 112 72 72 112 126 126 126 112 72 126 122 112 126 112 112 122 72 217 72 112 112 112 112 79 112 72 217 100 100 112 122 113 112 112 72 112 112 112 217 122 112 100 72 113 126 217 113 113 112 112 112 72 72 72 112 72 112 217 126 112 72
16 40 0 14 0 40 0 0 0 16 132 0 0 40 40 0 14 14 14 0 40 14 10 0 14 0 0 10 40 132 40 0 0 0 0 38 0 40 132 12 12 0 10 16 0 0 40 0 0 0 132 10 0 12 40 16 14 132 16 16 0 0 0 40 40 40 0 40 0 132 14 0 40
26 50 10 4 10 50 10 10 10 26 133 10 10 50 50 10 4 4 4 10 50 4 0 10 4 10 10 0 50 133 50 10 10 10 10 48 10 50 133 22 22 10 0 26 10 10 50 10 10 10 133 0 10 22 50 26 4 133 26 26 10 10 10 50 50 50 10 50 10 133 4 10 50
28 28 12 26 12 28 12 12 12 28 120 12 12 28 28 12 26 26 26 12 28 26 22 12 26 12 12 22 28 120 28 12 12 12 12 50 12 28 120 0 0 12 22 28 12 12 28 12 12 12 120 22 12 0 28 28 26 120 28 28 12 12 12 28 28 28 12 28 12 120 26 12 28
16 40 0 14 0 40 0 0 0 16 132 0 0 40 40 0 14 14 14 0 40 14 10 0 14 0 0 10 40 132 40 0 0 0 0 38 0 40 132 12 12 0 10 16 0 0 40 0 0 0 132 10 0 12 40 16 14 132 16 16 0 0 0 40 40 40 0 40 0 132 14 0 40
148 177 137 123 137 177 137 137 137 148 260 137 137 177 177 137 123 123 123 137 177 123 127 137 123 137 137 127 177 260 177 137 137 137 137 175 137 177 260 149 149 137 127 148 137 137 177 137 137 137 260 127 137 149 177 148 123 260 148 148 137 137 137 177 177 177 137 177 137 260 123 137 177
26 50 10 4 10 50 10 10 10 26 133 10 10 50 50 10 4 4 4 10 50 4 0 10 4 10 10 0 50 133 50 10 10 10 10 48 10 50 133 22 22 10 0 26 10 10 50 10 10 10 133 0 10 22 50 26 4 133 26 26 10 10 10 50 50 50 10 50 10 133 4 10 50
148 145 132 137 132 145 132 132 132 148 0 132 132 145 145 132 137 137 137 132 145 137 133 132 137 132 132 133 145 0 145 132 132 132 132 170 132 145 0 120 120 132 133 148 132 132 145 132 132 132 0 133 132 120 145 148 137 0 148 148 132 132 132 145 145 145 132 145 132 0 137 132 145
16 40 0 14 0 40 0 0 0 16 132 0 0 40 40 0 14 14 14 0 40 14 10 0 14 0 0 10 40 132 40 0 0 0 0 38 0 40 132 12 12 0 10 16 0 0 40 0 0 0 132 10 0 12 40 16 14 132 16 16 0 0 0 40 40 40 0 40 0 132 14 0 40
28 28 12 26 12 28 12 12 12 28 120 12 12 28 28 12 26 26 26 12 28 26 22 12 26 12 12 22 28 120 28 12 12 12 12 50 12 28 120 0 0 12 22 28 12 12 28 12 12 12 120 22 12 0 28 28 26 120 28 28 12 12 12 28 28 28 12 28 12 120 26 12 28
41 0 40 54 40 0 40 40 40 41 145 40 40 0 0 40 54 54 54 40 0 54 50 40 54 40 40 50 0 145 0 40 40 40 40 54 40 0 145 28 28 40 50 41 40 40 0 40 40 40 145 50 40 28 0 41 54 145 41 41 40 40 40 0 0 0 40 0 40 145 54 40 0
26 50 10 4 10 50 10 10 10 26 133 10 10 50 50 10 4 4 4 10 50 4 0 10 4 10 10 0 50 133 50 10 10 10 10 48 10 50 133 22 22 10 0 26 10 10 50 10 10 10 133 0 10 22 50 26 4 133 26 26 10 10 10 50 50 50 10 50 10 133 4 10 50
41 0 40 54 40 0 40 40 40 41 145 40 40 0 0 40 54 54 54 40 0 54 50 40 54 40 40 50 0 145 0 40 40 40 40 54 40 0 145 28 28 40 50 41 40 40 0 40 40 40 145 50 40 28 0 41 54 145 41 41 40 40 40 0 0 0 40 0 40 145 54 40 0
41 0 40 54 40 0 40 40 40 41 145 40 40 0 0 40 54 54 54 40 0 54 50 40 54 40 40 50 0 145 0 40 40 40 40 54 40 0 145 28 28 40 50 41 40 40 0 40 40 40 145 50 40 28 0 41 54 145 41 41 40 40 40 0 0 0 40 0 40 145 54 40 0
0 41 16 30 16 41 16 16 16 0 148 16 16 41 41 16 30 30 30 16 41 30 26 16 30 16 16 26 41 148 41 16 16 16 16 54 16 41 148 28 28 16 26 0 16 16 41 16 16 16 148 26 16 28 41 0 30 148 0 0 16 16 16 41 41 41 16 41 16 148 30 16 41
41 0 40 54 40 0 40 40 40 41 145 40 40 0 0 40 54 54 54 40 0 54 50 40 54 40 40 50 0 145 0 40 40 40 40 54 40 0 145 28 28 40 50 41 40 40 0 40 40 40 145 50 40 28 0 41 54 145 41 41 40 40 40 0 0 0 40 0 40 145 54 40 0
148 145 132 137 132 145 132 132 132 148 0 132 132 145 145 132 137 137 137 132 145 137 133 132 137 132 132 133 145 0 145 132 132 132 132 170 132 145 0 120 120 132 133 148 132 132 145 132 132 132 0 133 132 120 145 148 137 0 148 148 132 132 132 145 145 145 132 145 132 0 137 132 145
26 50 10 4 10 50 10 10 10 26 133 10 10 50 50 10 4 4 4 10 50 4 0 10 4 10 10 0 50 133 50 10 10 10 10 48 10 50 133 22 22 10 0 26 10 10 50 10 10 10 133 0 10 22 50 26 4 133 26 26 10 10 10 50 50 50 10 50 10 133 4 10 50
54 54 38 52 38 54 38 38 38 54 170 38 38 54 54 38 52 52 52 38 54 52 48 38 52 38 38 48 54 170 54 38 38 38 38 0 38 54 170 50 50 38 48 54 38 38 54 38 38 38 170 48 38 50 54 54 52 170 54 54 38 38 38 54 54 54 38 54 38 170 52 38 54
26 50 10 4 10 50 10 10 10 26 133 10 10 50 50 10 4 4 4 10 50 4 0 10 4 10 10 0 50 133 50 10 10 10 10 48 10 50 133 22 22 10 0 26 10 10 50 10 10 10 133 0 10 22 50 26 4 133 26 26 10 10 10 50 50 50 10 50 10 133 4 10 50
26 50 10 4 10 50 10 10 10 26 133 10 10 50 50 10 4 4 4 10 50 4 0 10 4 10 10 0 50 133 50 10 10 10 10 48 10 50 133 22 22 10 0 26 10 10 50 10 10 10 133 0 10 22 50 26 4 133 26 26 10 10 10 50 50 50 10 50 10 133 4 10 50
26 50 10 4 10 50 10 10 10 26 133 10 10 50 50 10 4 4 4 10 50 4 0 10 4 10 10 0 50 133 50 10 10 10 10 48 10 50 133 22 22 10 0 26 10 10 50 10 10 10 133 0 10 22 50 26 4 133 26 26 10 10 10 50 50 50 10 50 10 133 4 10 50
26 50 10 4 10 50 10 10 10 26 133 10 10 50 50 10 4 4 4 10 50 4 0 10 4 10 10 0 50 133 50 10 10 10 10 48 10 50 133 22 22 10 0 26 10 10 50 10 10 10 133 0 10 22 50 26 4 133 26 26 10 10 10 50 50 50 10 50 10 133 4 10 50
26 50 10 4 10 50 10 10 10 26 133 10 10 50 50 10 4 4 4 10 50 4 0 10 4 10 10 0 50 133 50 10 10 10 10 48 10 50 133 22 22 10 0 26 10 10 50 10 10 10 133 0 10 22 50 26 4 133 26 26 10 10 10 50 50 50 10 50 10 133 4 10 50
159 156 143 148 143 156 143 143 143 159 11 143 143 156 156 143 148 148 148 143 156 148 144 143 148 143 143 144 156 11 156 143 143 143 143 181 143 156 11 131 131 143 144 159 143 143 156 143 143 143 11 144 143 131 156 159 148 11 159 159 143 143 143 156 156 156 143 156 143 11 148 143 156
26 50 10 4 10 50 10 10 10 26 133 10 10 50 50 10 4 4 4 10 50 4 0 10 4 10 10 0 50 133 50 10 10 10 10 48 10 50 133 22 22 10 0 26 10 10 50 10 10 10 133 0 10 22 50 26 4 133 26 26 10 10 10 50 50 50 10 50 10 133 4 10 50
26 50 10 4 10 50 10 10 10 26 133 10 10 50 50 10 4 4 4 10 50 4 0 10 4 10 10 0 50 133 50 10 10 10 10 48 10 50 133 22 22 10 0 26 10 10 50 10 10 10 133 0 10 22 50 26 4 133 26 26 10 10 10 50 50 50 10 50 10 133 4 10 50
219 243 203 197 203 243 203 203 203 219 193 203 203 243 243 203 197 197 197 203 243 197 193 203 197 203 203 193 243 193 243 203 203 203 203 241 203 243 193 215 215 203 193 219 203 203 243 203 203 203 193 193 203 215 243 219 197 193 219 219 203 203 203 243 243 243 203 243 203 193 197 203 243
28 28 12 26 12 28 12 12 12 28 120 12 12 28 28 12 26 26 26 12 28 26 22 12 26 12 12 22 28 120 28 12 12 12 12 50 12 28 120 0 0 12 22 28 12 12 28 12 12 12 120 22 12 0 28 28 26 120 28 28 12 12 12 28 28 28 12 28 12 120 26 12 28
54 54 38 52 38 54 38 38 38 54 170 38 38 54 54 38 52 52 52 38 54 52 48 38 52 38 38 48 54 170 54 38 38 38 38 0 38 54 170 50 50 38 48 54 38 38 54 38 38 38 170 48 38 50 54 54 52 170 54 54 38 38 38 54 54 54 38 54 38 170 52 38 54
54 78 38 39 38 78 38 38 38 54 168 38 38 78 78 38 39 39 39 38 78 39 35 38 39 38 38 35 78 168 78 38 38 38 38 76 38 78 168 50 50 38 35 54 38 38 78 38 38 38 168 35 38 50 78 54 39 168 54 54 38 38 38 78 78 78 38 78 38 168 39 38 78
41 0 40 54 40 0 40 40 40 41 145 40 40 0 0 40 54 54 54 40 0 54 50 40 54 40 40 50 0 145 0 40 40 40 40 54 40 0 145 28 28 40 50 41 40 40 0 40 40 40 145 50 40 28 0 41 54 145 41 41 40 40 40 0 0 0 40 0 40 145 54 40 0
46 5 45 59 45 5 45 45 45 46 150 45 45 5 5 45 59 59 59 45 5 59 55 45 59 45 45 55 5 150 5 45 45 45 45 59 45 5 150 33 33 45 55 46 45 45 5 45 45 45 150 55 45 33 5 46 59 150 46 46 45 45 45 5 5 5 45 5 45 150 59 45 5
137 161 121 135 121 161 121 121 121 137 253 121 121 161 161 121 135 135 135 121 161 135 131 121 135 121 121 131 161 253 161 121 121 121 121 159 121 161 253 133 133 121 131 137 121 121 161 121 121 121 253 131 121 133 161 137 135 253 137 137 121 121 121 161 161 161 121 161 121 253 135 121 161
28 28 12 26 12 28 12 12 12 28 120 12 12 28 28 12 26 26 26 12 28 26 22 12 26 12 12 22 28 120 28 12 12 12 12 50 12 28 120 0 0 12 22 28 12 12 28 12 12 12 120 22 12 0 28 28 26 120 28 28 12 12 12 28 28 28 12 28 12 120 26 12 28
26 50 10 4 10 50 10 10 10 26 133 10 10 50 50 10 4 4 4 10 50 4 0 10 4 10 10 0 50 133 50 10 10 10 10 48 10 50 133 22 22 10 0 26 10 10 50 10 10 10 133 0 10 22 50 26 4 133 26 26 10 10 10 50 50 50 10 50 10 133 4 10 50
