76 100 67
219 237 113 201 127 227 161 355 205 186 105 213 290 238 229 240 241 380 219 127 200 157 242 152 321 154 200 264 136 152 287 270 227 200 76 112 197 152 120 132 392 133 199 0 233 112 247 194 200 163 0 182 118 200 127 182 112 118 113 186 341 200 199 113 167 199 186 315 188 127 112 280 345 250 154 190 112 50 392 355 238 163 130 154 130 112 176 127 192 188 133 127 112 373 233 118 154 143 133 167
198 217 196 9 170 271 138 298 190 192 87 208 283 174 224 172 218 386 198 109 206 200 145 131 156 233 177 258 251 134 309 200 271 219 165 80 280 131 163 151 401 254 178 192 212 80 226 124 219 206 192 201 100 206 170 201 80 100 196 192 323 177 178 196 210 178 192 306 196 170 80 363 351 259 233 279 80 142 401 298 168 169 62 233 98 80 158 109 0 196 139 109 80 335 212 100 233 49 139 210
207 226 205 0 179 264 147 289 199 201 96 204 292 183 220 181 227 395 207 118 215 209 154 140 147 242 186 267 260 143 318 209 264 228 174 89 289 140 172 160 392 263 187 201 221 89 235 133 228 215 201 210 109 215 179 210 89 109 205 201 332 186 187 205 219 187 201 315 187 179 89 372 360 268 242 288 89 151 392 289 177 178 71 242 107 89 167 118 9 187 148 118 89 344 221 109 242 58 148 219
142 146 204 215 36 215 98 324 128 227 145 122 221 161 138 163 178 317 142 137 241 66 165 75 208 136 137 196 154 112 253 220 215 123 127 152 126 75 43 55 229 157 122 163 199 152 170 144 123 0 163 105 132 241 36 105 152 132 204 227 335 137 122 204 76 122 227 246 212 36 152 325 282 159 136 161 152 141 229 324 188 100 147 136 170 152 140 137 206 212 70 137 152 331 199 132 136 160 70 76
206 210 267 242 100 266 162 347 192 91 196 158 285 225 142 227 153 349 206 201 105 130 229 139 205 0 194 152 18 176 255 284 266 84 191 189 262 139 107 119 365 21 186 154 233 189 234 208 84 136 154 81 196 105 100 81 189 196 267 91 199 201 186 267 140 186 91 310 188 100 189 389 336 223 0 212 189 204 365 347 252 164 171 0 207 189 204 201 233 188 134 201 189 292 233 196 0 184 134 140
155 174 241 228 87 182 149 263 165 175 176 173 258 174 189 176 163 265 155 188 189 117 178 88 121 84 179 233 102 163 243 233 182 0 178 183 249 88 80 68 308 105 135 200 170 183 183 157 0 123 200 18 183 189 87 18 183 183 241 175 283 188 135 241 127 135 175 283 125 87 183 376 252 210 84 212 183 178 308 263 201 151 198 84 201 183 191 188 219 125 121 188 183 208 170 183 84 211 121 127
67 86 193 140 39 140 101 249 117 230 88 125 210 126 141 128 181 320 67 110 244 69 90 0 209 139 140 185 157 111 178 145 140 88 130 95 201 0 32 20 304 160 47 152 164 95 95 69 88 75 152 70 101 244 39 70 95 101 193 230 324 140 47 193 79 47 230 235 145 39 95 328 285 128 139 164 95 130 304 249 113 103 113 139 113 95 143 110 131 145 73 110 95 280 164 101 139 126 73 79
214 320 328 315 210 141 210 269 118 352 235 296 25 136 312 134 290 429 214 249 366 240 305 235 258 310 249 186 320 224 269 304 141 283 239 228 282 235 203 215 348 317 282 315 174 228 186 304 283 246 315 265 248 366 210 265 228 248 328 352 471 249 234 328 250 282 352 0 219 210 228 437 387 275 310 218 228 265 348 269 348 158 244 310 246 228 298 249 306 219 182 249 228 270 174 248 310 257 182 250
197 205 63 151 105 270 111 324 172 136 55 176 240 192 192 190 191 330 197 77 150 135 216 130 298 204 150 240 186 102 237 220 270 178 26 62 147 130 98 110 370 183 166 50 230 62 225 144 178 141 50 160 68 150 105 160 62 68 63 136 291 150 177 63 145 166 136 265 199 105 62 230 295 228 204 230 62 0 370 324 188 113 80 204 80 62 126 77 142 199 83 77 62 323 230 68 204 93 83 145
137 156 223 210 69 200 131 281 147 172 158 155 240 156 171 158 181 283 137 170 186 99 160 70 139 81 161 215 99 145 225 215 200 18 160 165 231 70 62 50 326 102 117 182 152 165 165 139 18 105 182 0 165 186 69 0 165 165 223 172 280 170 117 223 109 117 172 265 107 69 165 358 270 192 81 194 165 160 326 281 183 133 180 81 183 165 173 170 201 107 103 170 165 226 152 165 81 193 103 109
214 270 277 267 160 231 222 359 68 207 185 246 161 271 262 273 269 441 214 207 221 190 275 185 348 152 261 0 134 232 103 330 231 233 251 178 322 185 153 165 325 131 232 264 309 178 186 254 233 196 264 215 198 221 160 215 178 198 277 207 351 261 232 277 200 232 207 186 292 160 178 444 406 275 152 285 178 240 325 359 298 224 196 152 196 178 249 207 258 292 194 207 178 441 309 198 152 209 194 200
140 144 146 148 34 213 28 322 126 170 83 120 157 159 136 161 108 247 140 67 184 64 163 73 242 134 67 194 152 42 251 218 213 121 57 86 154 73 41 53 299 155 106 133 197 86 168 142 121 70 133 103 70 184 34 103 86 70 146 170 293 67 120 146 74 106 170 182 201 34 86 255 212 157 134 159 86 83 299 322 186 30 77 134 104 86 116 67 139 201 0 67 86 263 197 70 134 90 0 74
134 212 246 183 125 151 187 272 203 235 137 211 161 0 227 2 267 406 134 159 249 155 169 126 268 225 226 271 243 184 189 168 151 174 215 130 287 126 118 106 358 246 173 238 38 130 106 195 174 161 238 156 150 249 125 156 130 150 246 235 373 226 154 246 165 173 235 136 83 125 130 413 371 195 225 250 130 192 358 272 239 189 112 225 148 130 208 159 174 83 159 159 130 303 38 150 225 125 159 165
190 295 331 147 208 117 270 142 286 296 243 294 233 268 310 266 284 386 190 265 310 238 151 209 0 205 300 348 223 284 245 246 117 121 299 236 334 209 201 189 245 226 256 321 291 236 162 234 121 208 321 139 256 310 208 139 236 256 331 296 404 309 210 331 248 256 296 258 246 208 236 497 373 251 205 333 236 298 245 142 278 272 218 205 254 236 312 265 156 246 242 265 236 329 291 256 205 205 242 248
178 103 112 143 76 251 70 306 164 175 47 124 199 184 140 182 150 289 178 25 176 106 182 111 284 176 109 232 194 0 286 202 251 163 99 54 196 111 83 95 341 197 64 152 210 54 206 136 163 112 152 145 34 176 76 145 54 34 112 175 257 109 158 112 116 64 175 224 165 76 54 279 254 199 176 201 54 102 341 306 180 72 72 176 72 54 74 25 134 165 42 25 54 221 210 34 176 85 42 116
192 196 186 204 86 265 148 367 178 209 121 0 271 211 16 213 228 367 192 99 223 116 215 125 294 158 187 246 176 124 303 270 265 173 177 128 248 125 93 105 351 179 172 213 249 128 220 194 173 122 213 155 108 223 86 155 128 108 186 209 331 187 172 186 126 172 209 296 239 86 128 353 332 209 158 211 128 176 351 367 238 150 146 158 146 128 50 99 208 239 120 99 128 345 249 108 158 159 120 126
178 103 112 143 76 251 70 306 164 175 47 124 199 184 140 182 150 289 178 25 176 106 182 111 284 176 109 232 194 0 286 202 251 163 99 54 196 111 83 95 341 197 64 152 210 54 206 136 163 112 152 145 34 176 76 145 54 34 112 175 257 109 158 112 116 64 175 224 165 76 54 279 254 199 176 201 54 102 341 306 180 72 72 176 72 54 74 25 134 165 42 25 54 221 210 34 176 85 42 116
302 279 213 215 205 371 156 424 272 14 168 223 341 249 207 251 76 431 302 164 0 235 303 244 310 105 117 221 87 176 324 320 371 189 176 162 297 244 212 224 466 90 240 200 211 162 330 244 189 241 200 186 155 0 205 186 162 155 213 14 304 195 291 213 245 240 14 366 256 205 162 380 333 241 105 281 162 150 466 424 288 214 144 105 180 162 213 164 206 256 184 164 162 397 211 155 105 157 184 245
157 176 180 154 129 230 191 263 207 289 161 215 300 169 231 171 271 410 157 157 303 159 0 90 151 229 230 275 247 182 268 159 230 178 220 165 264 90 122 110 394 250 137 242 207 165 185 83 178 165 242 160 148 303 129 160 165 148 180 289 371 230 137 180 169 137 289 305 235 129 165 347 375 218 229 238 165 216 394 263 127 193 183 229 183 165 206 157 145 235 163 157 165 294 207 148 229 194 163 169
180 175 134 107 134 253 76 280 128 166 25 146 221 148 162 146 156 351 180 47 180 164 183 113 254 207 115 196 225 72 291 176 253 201 103 18 218 113 141 133 385 228 136 130 186 18 208 100 201 170 130 183 38 180 134 183 18 38 134 166 225 115 160 134 174 136 166 246 169 134 18 301 316 239 207 255 18 80 385 280 144 134 36 207 0 18 96 47 98 169 104 47 18 293 186 38 207 49 104 174
210 177 136 167 104 283 134 330 181 199 71 50 273 208 66 206 214 363 210 49 213 134 206 143 312 204 173 249 222 74 310 226 283 191 152 78 220 143 111 123 369 225 138 176 234 78 238 160 191 140 176 173 58 213 104 173 78 58 136 199 281 173 190 136 144 138 199 298 189 104 78 303 328 227 204 229 78 126 369 330 204 146 96 204 96 78 0 49 158 189 116 49 78 295 234 58 204 109 116 144
136 155 198 133 108 209 140 180 186 230 89 194 279 195 210 197 220 389 136 111 244 138 83 69 234 208 179 254 226 136 247 76 209 157 167 82 270 69 101 89 373 229 116 194 206 82 164 0 157 144 194 139 102 244 108 139 82 102 198 230 325 179 116 198 148 116 230 304 214 108 82 365 354 197 208 155 82 144 373 180 44 172 100 208 100 82 160 111 124 214 142 111 82 211 206 102 208 113 142 148
180 199 242 177 152 253 184 224 230 274 133 238 323 239 254 241 264 433 180 155 288 182 127 113 278 252 223 298 270 180 291 120 253 201 211 126 314 113 145 133 417 273 160 238 235 126 208 44 201 188 238 183 146 288 152 183 126 146 242 274 369 223 160 242 192 160 274 348 190 152 126 409 398 241 252 199 126 188 417 224 0 216 144 252 144 126 204 155 168 190 186 155 126 255 235 146 252 157 186 192
189 295 303 292 185 116 185 244 93 327 210 271 0 161 287 159 265 404 189 224 341 215 300 210 233 285 224 161 295 199 244 329 116 258 214 203 257 210 178 190 323 292 257 290 199 203 161 279 258 221 290 240 223 341 185 240 203 223 303 327 446 224 209 303 225 257 327 25 244 185 203 412 369 250 285 193 203 240 323 244 323 133 221 285 221 203 273 224 283 244 157 224 203 295 199 223 285 234 157 225
78 231 227 187 176 151 207 279 254 242 144 239 244 83 255 85 287 390 78 140 256 206 235 145 246 188 246 292 206 165 189 175 151 125 225 151 311 145 169 157 358 209 192 188 45 151 106 214 125 212 188 107 131 256 176 107 151 131 227 242 354 246 98 227 216 192 242 219 0 176 151 394 377 139 188 301 151 199 358 279 190 231 169 188 169 151 189 140 196 0 201 140 151 310 45 131 188 182 201 216
263 272 84 289 162 336 182 450 254 283 193 248 257 287 264 289 262 401 263 171 297 192 264 201 334 262 221 322 280 196 258 346 336 249 173 200 0 201 169 181 355 283 248 197 325 200 291 270 249 126 197 231 180 297 162 231 200 180 84 283 403 221 243 84 202 248 283 282 311 162 200 251 366 285 262 287 200 147 355 450 314 124 218 262 218 200 220 171 280 311 154 171 200 417 325 180 262 231 154 202
0 153 260 207 106 73 168 201 184 288 155 192 189 134 208 132 226 387 0 177 302 136 157 67 190 206 185 214 224 178 111 212 73 155 197 162 263 67 99 87 280 227 114 219 123 162 28 136 155 142 219 137 168 302 106 137 162 168 260 288 391 207 20 260 144 114 288 214 78 106 162 395 352 61 206 231 162 197 280 201 180 170 180 206 180 162 210 177 198 78 140 177 162 347 123 168 206 193 140 144
170 174 176 178 64 243 58 352 156 200 113 150 133 189 166 191 138 277 170 97 214 94 193 103 272 164 97 224 182 72 281 248 243 151 87 116 124 103 71 83 329 185 136 163 227 116 198 172 151 100 163 133 100 214 64 133 116 100 176 200 323 97 150 176 104 136 200 158 231 64 116 285 242 187 164 189 116 113 329 352 216 0 107 164 134 116 146 97 169 231 30 97 116 293 227 100 164 120 30 104
111 264 174 318 217 128 279 256 171 310 266 303 244 189 319 187 337 498 111 261 324 247 268 178 245 255 296 103 237 286 0 323 128 243 263 273 258 178 210 198 335 234 225 287 227 273 83 247 243 253 287 225 270 324 217 225 273 270 174 310 454 318 131 174 255 225 310 269 189 217 273 341 463 172 255 342 273 237 335 256 291 281 291 255 291 273 310 261 309 189 251 261 273 451 227 270 255 304 251 255
280 375 433 392 265 207 327 335 257 452 374 351 323 358 367 356 407 434 280 366 466 295 394 304 245 365 366 325 379 341 335 439 207 308 356 367 355 304 272 284 0 376 351 392 396 367 252 373 308 229 392 326 361 466 265 326 367 361 433 452 564 366 300 433 305 351 452 348 358 265 367 554 511 341 365 390 367 370 0 335 417 329 376 365 385 367 369 366 401 358 299 366 367 516 396 361 365 389 299 305
123 240 272 221 163 189 225 234 241 197 175 249 199 38 265 40 259 435 123 185 211 193 207 164 291 233 264 309 251 210 227 130 189 170 253 168 325 164 156 144 396 254 211 233 0 168 144 206 170 199 233 152 176 211 163 152 168 176 272 197 399 264 143 272 203 211 197 174 45 163 168 439 409 184 233 288 168 230 396 234 235 227 150 233 186 168 234 185 212 45 197 185 168 265 0 176 233 163 197 203
210 177 136 167 104 283 134 330 181 199 71 50 273 208 66 206 214 363 210 49 213 134 206 143 312 204 173 249 222 74 310 226 283 191 152 78 220 143 111 123 369 225 138 176 234 78 238 160 191 140 176 173 58 213 104 173 78 58 136 199 281 173 190 136 144 138 199 298 189 104 78 303 328 227 204 229 78 126 369 330 204 146 96 204 96 78 0 49 158 189 116 49 78 295 234 58 204 109 116 144
395 382 167 372 289 468 283 535 381 366 276 353 412 413 369 411 363 502 395 254 380 319 347 328 497 389 322 444 407 279 341 431 468 376 256 283 251 328 296 308 554 410 343 280 439 283 423 365 376 325 280 358 263 380 289 358 283 263 167 366 486 322 375 167 329 343 366 437 394 289 283 0 467 412 389 414 283 230 554 535 409 285 301 389 301 283 303 254 363 394 255 254 283 500 439 263 389 314 255 329
155 150 109 96 109 228 65 269 117 154 0 121 210 137 137 135 145 330 155 22 168 139 161 88 243 196 104 185 214 47 266 165 228 176 81 7 193 88 116 108 374 217 111 105 175 7 183 89 176 145 105 158 13 168 109 158 7 13 109 154 236 104 135 109 149 111 154 235 144 109 7 276 295 216 196 234 7 55 374 269 133 113 25 196 25 7 71 22 87 144 83 22 7 268 175 13 196 38 83 149
136 140 198 209 30 209 92 318 122 221 139 116 215 155 132 157 172 311 136 131 235 0 159 69 238 130 131 190 148 106 247 214 209 117 121 146 192 69 37 49 295 151 116 157 193 146 164 138 117 66 157 99 126 235 30 99 146 126 198 221 329 131 116 198 70 116 221 240 206 30 146 319 276 153 130 95 146 135 295 318 182 94 141 130 164 146 134 131 200 206 64 131 146 325 193 126 130 154 64 70
184 202 226 199 92 209 154 337 0 258 117 178 93 203 194 205 234 373 184 139 272 122 207 117 286 192 193 68 202 164 171 262 209 165 183 110 254 117 85 97 257 199 164 205 241 110 212 186 165 128 205 147 130 272 92 147 110 130 226 258 353 193 164 226 132 164 258 118 254 92 110 381 338 215 192 217 110 172 257 337 230 156 128 192 128 110 181 139 190 254 126 139 110 373 241 130 192 141 126 132
201 214 368 289 288 128 320 0 337 410 269 367 244 272 383 274 400 331 201 281 424 318 263 249 142 347 359 359 365 306 256 104 128 263 347 262 450 249 281 269 335 368 253 355 234 262 173 180 263 324 355 281 282 424 288 281 262 282 368 410 505 359 221 368 328 253 410 269 279 288 262 535 515 262 347 335 262 324 335 0 224 352 280 347 280 262 330 281 298 279 322 281 262 239 234 282 347 293 322 328
184 202 226 199 92 209 154 337 0 258 117 178 93 203 194 205 234 373 184 139 272 122 207 117 286 192 193 68 202 164 171 262 209 165 183 110 254 117 85 97 257 199 164 205 241 110 212 186 165 128 205 147 130 272 92 147 110 130 226 258 353 193 164 226 132 164 258 118 254 92 110 381 338 215 192 217 110 172 257 337 230 156 128 192 128 110 181 139 190 254 126 139 110 373 241 130 192 141 126 132
105 124 229 102 77 178 139 211 155 261 120 163 248 164 179 166 219 358 105 142 275 107 52 38 203 177 178 223 195 149 216 107 178 126 168 113 239 38 70 58 342 198 85 190 202 113 133 31 126 113 190 108 133 275 77 108 113 133 229 261 356 178 85 229 117 85 261 273 183 77 113 366 323 166 177 186 113 168 342 211 75 141 131 177 131 113 181 142 93 183 111 142 113 242 202 133 177 142 111 117
180 175 134 71 111 253 76 280 128 130 25 146 221 112 162 110 156 324 180 47 144 141 183 113 218 171 115 196 189 72 291 176 253 198 103 18 218 113 118 130 376 192 136 130 150 18 208 100 198 147 130 180 38 144 111 180 18 38 134 130 261 115 160 134 151 136 130 244 169 111 18 301 289 234 171 236 18 80 376 280 144 107 0 171 36 18 96 47 62 169 77 47 18 293 150 38 171 13 77 151
288 278 199 201 191 357 142 410 258 0 154 209 327 235 193 237 62 417 288 150 14 221 289 230 296 91 103 207 73 175 310 306 357 175 162 148 283 230 198 210 452 76 239 186 197 148 316 230 175 227 186 172 141 14 191 172 148 141 199 0 290 181 277 199 231 239 0 352 242 191 148 366 319 227 91 267 148 136 452 410 274 200 130 91 166 148 199 150 192 242 170 150 148 383 197 141 91 143 170 231
61 214 291 268 123 134 163 262 215 227 216 209 250 195 225 193 165 404 61 224 241 153 218 128 251 223 124 275 231 199 172 273 134 210 214 221 285 128 130 142 341 234 175 250 184 221 89 197 210 159 250 192 219 241 123 192 221 219 291 227 422 202 81 291 83 175 227 275 139 123 221 412 340 0 223 248 221 228 341 262 241 187 234 223 239 221 227 224 259 139 157 224 221 408 184 219 223 247 157 83
231 235 293 288 125 304 187 335 217 267 234 211 193 250 227 252 267 406 231 226 281 95 238 164 333 212 226 285 194 201 342 231 304 212 216 237 287 164 132 144 390 191 211 190 288 237 259 155 212 161 190 194 221 281 125 194 237 221 293 267 411 226 211 293 165 211 267 218 301 125 237 414 371 248 212 0 237 230 390 335 199 189 236 212 255 237 229 226 279 301 159 226 237 366 288 221 212 249 159 165
132 214 244 181 127 149 186 274 205 237 135 213 159 2 229 0 266 408 132 157 251 157 171 128 266 227 225 273 245 182 187 170 149 176 213 128 289 128 120 108 356 248 175 240 40 128 104 197 176 163 240 158 148 251 127 158 128 148 244 237 371 225 152 244 167 175 237 134 85 127 128 411 373 193 227 252 128 190 356 274 241 191 110 227 146 128 206 157 172 85 161 157 128 305 40 148 227 123 161 167
226 252 252 227 142 299 80 400 234 62 145 228 265 267 244 266 0 355 226 165 76 172 271 181 284 153 41 269 135 150 337 296 299 163 165 138 262 181 149 161 407 138 214 241 259 138 254 220 163 178 241 181 156 76 142 181 138 156 252 62 352 119 228 252 182 214 62 290 287 142 138 363 257 165 153 267 138 191 407 400 264 138 156 153 156 138 214 165 218 287 108 165 138 371 259 156 153 169 108 182
185 211 211 186 101 258 39 359 193 103 104 187 224 226 203 225 41 314 185 124 117 131 230 140 300 194 0 261 176 109 296 255 258 179 124 97 221 140 108 120 366 179 173 200 264 97 213 179 179 137 200 161 115 117 101 161 97 115 211 103 338 78 187 211 141 173 103 249 246 101 97 322 216 124 194 226 97 150 366 359 223 97 115 194 115 97 173 124 177 246 67 124 97 330 264 115 194 128 67 141
106 110 168 179 0 179 62 288 92 191 109 86 185 125 102 127 142 281 106 101 205 30 129 39 208 100 101 160 118 76 217 184 179 87 91 116 162 39 7 19 265 121 86 127 163 116 134 108 87 36 127 69 96 205 0 69 116 96 168 191 299 101 86 168 40 86 191 210 176 0 116 289 246 123 100 125 116 105 265 288 152 64 111 100 134 116 104 101 170 176 34 101 116 295 163 96 100 124 34 40
227 231 246 263 121 287 183 368 199 76 217 179 292 246 163 248 138 370 227 222 90 151 250 160 226 21 179 131 3 197 234 305 287 105 209 210 283 160 128 140 376 0 207 133 254 210 255 229 105 157 133 102 217 90 121 102 210 217 246 76 220 222 207 246 161 207 76 317 209 121 210 410 357 234 21 191 210 183 376 368 273 185 192 21 228 210 225 222 254 209 155 222 210 313 254 217 21 205 155 161
180 175 134 71 111 253 76 280 128 130 25 146 221 112 162 110 156 324 180 47 144 141 183 113 218 171 115 196 189 72 291 176 253 198 103 18 218 113 118 130 376 192 136 130 150 18 208 100 198 147 130 180 38 144 111 180 18 38 134 130 261 115 160 134 151 136 130 244 169 111 18 301 289 234 171 236 18 80 376 280 144 107 0 171 36 18 96 47 62 169 77 47 18 293 150 38 171 13 77 151
352 356 358 360 246 425 240 515 338 319 295 332 369 371 348 373 257 459 352 279 333 276 375 285 373 336 216 406 354 254 463 430 425 252 269 298 366 285 253 265 511 357 318 345 409 298 380 354 252 282 345 270 282 333 246 270 298 282 358 319 505 279 332 358 286 318 319 387 377 246 298 467 0 340 336 371 298 295 511 515 398 242 289 336 316 298 328 279 351 377 212 279 298 460 409 282 336 302 212 286
212 110 264 209 184 232 216 104 262 306 165 270 329 168 286 170 296 435 212 177 320 214 159 145 246 284 255 330 302 202 323 0 232 233 243 158 346 145 177 165 439 305 149 270 130 158 240 76 233 220 270 215 178 320 184 215 158 178 264 306 401 255 192 264 224 149 306 304 175 184 158 431 430 273 284 231 158 220 439 104 120 248 176 284 176 158 226 177 200 175 218 177 158 135 130 178 284 189 218 224
207 211 211 186 101 280 39 359 193 181 104 187 224 226 203 225 119 314 207 124 195 131 230 140 309 201 78 261 219 109 318 255 280 188 124 97 221 140 108 120 366 222 173 200 264 97 235 179 188 137 200 170 115 195 101 170 97 115 211 181 338 0 187 211 141 173 181 249 246 101 97 322 279 202 201 226 97 150 366 359 223 97 115 201 115 97 173 124 177 246 67 124 97 330 264 115 201 128 67 141
347 245 333 344 295 367 291 239 373 383 268 345 295 303 361 305 371 473 347 246 397 325 294 280 329 292 330 441 310 221 451 135 367 208 320 275 417 280 288 276 516 313 284 373 265 275 375 211 208 331 373 226 255 397 295 226 275 255 333 383 478 330 327 333 335 284 383 270 310 295 275 500 460 408 292 366 275 323 516 239 255 293 293 292 293 275 295 246 335 310 263 246 275 0 265 255 292 306 263 335
20 133 240 187 86 93 148 221 164 277 135 172 209 154 188 152 228 367 20 157 291 116 137 47 210 186 187 232 204 158 131 192 93 135 177 142 243 47 79 67 300 207 94 199 143 142 48 116 135 122 199 117 148 291 86 117 142 148 240 277 371 187 0 240 126 94 277 234 98 86 142 375 332 81 186 211 142 177 300 221 160 150 160 186 160 142 190 157 178 98 120 157 142 327 143 148 186 173 120 126
180 175 134 71 111 253 76 280 128 130 25 146 221 112 162 110 156 324 180 47 144 141 183 113 218 171 115 196 189 72 291 176 253 198 103 18 218 113 118 130 376 192 136 130 150 18 208 100 198 147 130 180 38 144 111 180 18 38 134 130 261 115 160 134 151 136 130 244 169 111 18 301 289 234 171 236 18 80 376 280 144 107 0 171 36 18 96 47 62 169 77 47 18 293 150 38 171 13 77 151
73 226 302 264 179 0 241 128 209 357 228 265 116 151 281 149 299 447 73 250 371 209 230 140 117 266 258 231 284 251 128 232 0 182 270 235 336 140 172 160 207 287 187 227 189 235 45 209 182 215 227 200 241 371 179 200 235 241 302 357 464 280 93 302 217 187 357 141 151 179 235 468 425 134 266 304 235 270 207 128 253 243 253 266 253 235 283 250 271 151 213 250 235 367 189 241 266 266 213 217
193 188 147 58 124 266 89 293 141 143 38 159 234 125 175 123 169 337 193 60 157 154 194 126 205 184 128 209 202 85 304 189 266 211 116 31 231 126 131 143 389 205 149 143 163 31 221 113 211 160 143 193 51 157 124 193 31 51 147 143 274 128 173 147 164 149 143 257 182 124 31 314 302 247 184 249 31 93 389 293 157 120 13 184 49 31 109 60 49 182 90 60 31 306 163 51 184 0 90 164
136 155 198 133 108 209 140 180 186 230 89 194 279 195 210 197 220 389 136 111 244 138 83 69 234 208 179 254 226 136 247 76 209 157 167 82 270 69 101 89 373 229 116 194 206 82 164 0 157 144 194 139 102 244 108 139 82 102 198 230 325 179 116 198 148 116 230 304 214 108 82 365 354 197 208 155 82 144 373 180 44 172 100 208 100 82 160 111 124 214 142 111 82 211 206 102 208 113 142 148
153 0 215 226 110 226 172 214 202 278 150 196 295 212 212 214 252 391 153 128 279 140 176 86 295 210 211 270 228 103 264 110 226 174 201 157 272 86 117 106 375 231 39 237 240 157 181 155 174 146 237 156 137 279 110 156 157 137 215 278 360 211 133 215 150 39 278 320 231 110 157 382 356 214 210 235 157 205 375 214 199 174 175 210 175 157 177 128 217 231 144 128 157 245 240 137 210 188 144 150
28 181 257 235 134 45 196 173 212 316 183 220 161 106 236 104 254 415 28 205 330 164 185 95 162 234 213 186 252 206 83 240 45 183 225 190 291 95 127 115 252 255 142 247 144 190 0 164 183 170 247 165 196 330 134 165 190 196 257 316 419 235 48 257 172 142 316 186 106 134 190 423 380 89 234 259 190 225 252 173 208 198 208 234 208 190 238 205 226 106 168 205 190 375 144 196 234 221 168 172
177 128 87 118 101 250 85 281 139 150 22 99 224 159 115 157 165 314 177 0 164 131 157 110 265 201 124 207 219 25 261 177 250 188 103 29 171 110 108 120 366 222 89 127 185 29 205 111 188 137 127 170 9 164 101 170 29 9 87 150 232 124 157 87 141 89 150 249 140 101 29 254 279 224 201 226 29 77 366 281 155 97 47 201 47 29 49 0 109 140 67 0 29 246 185 9 201 60 67 141
391 360 319 332 299 464 299 505 353 290 236 331 446 373 341 371 352 540 391 232 304 329 371 324 404 199 338 351 217 257 454 401 464 283 317 243 403 324 306 318 564 220 321 341 399 243 419 325 283 335 341 280 223 304 299 280 243 223 319 290 0 338 371 319 339 321 290 471 354 299 243 486 505 422 199 411 243 291 564 505 369 323 261 199 225 243 281 232 323 354 293 232 243 478 399 223 199 274 293 339
162 157 116 89 116 235 58 262 110 148 7 128 203 130 144 128 138 333 162 29 162 146 165 95 236 189 97 178 207 54 273 158 235 183 85 0 200 95 123 115 367 210 118 112 168 0 190 82 183 152 112 165 20 162 116 165 0 20 116 148 243 97 142 116 156 118 148 228 151 116 0 283 298 221 189 237 0 62 367 262 126 116 18 189 18 0 78 29 80 151 86 29 0 275 168 20 189 31 86 156
197 201 89 174 91 270 85 347 183 162 81 177 214 215 193 213 165 304 197 103 176 121 220 130 299 191 124 251 209 99 263 243 270 178 0 85 173 130 98 110 356 209 163 76 253 85 225 167 178 127 76 160 94 176 91 160 85 94 89 162 317 124 177 89 131 163 162 239 225 91 85 256 269 214 191 216 85 26 356 347 211 87 103 191 103 85 152 103 165 225 57 103 85 320 253 94 191 116 57 131
114 39 176 187 86 187 134 253 164 239 111 172 257 173 188 175 214 353 114 89 240 116 137 47 256 186 173 232 204 64 225 149 187 135 163 118 248 47 79 67 351 207 0 199 211 118 142 116 135 122 199 117 98 240 86 117 118 98 176 239 321 173 94 176 126 0 239 282 192 86 118 343 318 175 186 211 118 166 351 253 160 136 136 186 136 118 138 89 178 192 106 89 118 284 211 98 186 149 106 126
99 117 161 172 7 172 69 281 85 198 116 93 178 118 109 120 149 288 99 108 212 37 122 32 201 107 108 153 125 83 210 177 172 80 98 123 169 32 0 12 272 128 79 120 156 123 127 101 80 43 120 62 103 212 7 62 123 103 161 198 306 108 79 161 47 79 198 203 169 7 123 296 253 130 107 132 123 98 272 281 145 71 118 107 141 123 111 108 163 169 41 108 123 288 156 103 107 131 41 47
208 212 202 220 102 281 164 383 194 193 137 16 287 227 0 229 244 383 208 115 207 132 231 141 310 142 203 262 160 140 319 286 281 189 193 144 264 141 109 121 367 163 188 229 265 144 236 210 189 138 229 171 124 207 102 171 144 124 202 193 341 203 188 202 142 188 193 312 255 102 144 369 348 225 142 227 144 192 367 383 254 166 162 142 162 144 66 115 224 255 136 115 144 361 265 124 142 175 136 142
226 252 252 227 142 299 80 400 234 62 145 228 265 267 244 266 0 355 226 165 76 172 271 181 284 153 41 269 135 150 337 296 299 163 165 138 262 181 149 161 407 138 214 241 259 138 254 220 163 178 241 181 156 76 142 181 138 156 252 62 352 119 228 252 182 214 62 290 287 142 138 363 257 165 153 267 138 191 407 400 264 138 156 153 156 138 214 165 218 287 108 165 138 371 259 156 153 169 108 182
168 137 96 109 96 241 76 282 130 141 13 108 223 150 124 148 156 317 168 9 155 126 148 101 256 196 115 198 214 34 270 178 241 183 94 20 180 101 103 115 361 217 98 118 176 20 196 102 183 132 118 165 0 155 96 165 20 0 96 141 223 115 148 96 136 98 141 248 131 96 20 263 282 219 196 221 20 68 361 282 146 100 38 196 38 20 58 9 100 131 70 9 20 255 176 0 196 51 70 136
387 391 393 395 281 447 275 331 373 417 330 367 404 406 383 408 355 0 387 314 431 311 410 320 386 349 314 441 367 289 498 435 447 265 304 333 401 320 288 300 434 370 353 380 435 333 415 389 265 317 380 283 317 431 281 283 333 317 393 417 540 314 367 393 321 353 417 429 390 281 333 502 459 404 349 406 333 330 434 331 433 277 324 349 351 333 363 314 386 390 247 314 333 473 435 317 349 337 247 321
168 172 172 147 62 241 0 320 154 142 65 148 185 187 164 186 80 275 168 85 156 92 191 101 270 162 39 222 180 70 279 216 241 149 85 58 182 101 69 81 327 183 134 161 225 58 196 140 149 98 161 131 76 156 62 131 58 76 172 142 299 39 148 172 102 134 142 210 207 62 58 283 240 163 162 187 58 111 327 320 184 58 76 162 76 58 134 85 138 207 28 85 58 291 225 76 162 89 28 102
99 117 161 172 7 172 69 281 85 198 116 93 178 118 109 120 149 288 99 108 212 37 122 32 201 107 108 153 125 83 210 177 172 80 98 123 169 32 0 12 272 128 79 120 156 123 127 101 80 43 120 62 103 212 7 62 123 103 161 198 306 108 79 161 47 79 198 203 169 7 123 296 253 130 107 132 123 98 272 281 145 71 118 107 141 123 111 108 163 169 41 108 123 288 156 103 107 131 41 47
224 228 249 260 118 284 180 365 202 73 214 176 295 243 160 245 135 367 224 219 87 148 247 157 223 18 176 134 0 194 237 302 284 102 209 207 280 157 125 137 379 3 204 136 251 207 252 226 102 154 136 99 214 87 118 99 207 214 249 73 217 219 204 249 158 204 73 320 206 118 207 407 354 231 18 194 207 186 379 365 270 182 189 18 225 207 222 219 251 206 152 219 207 310 251 214 18 202 152 158
87 106 173 160 19 160 81 269 97 210 108 105 190 106 121 108 161 300 87 120 224 49 110 20 189 119 120 165 137 95 198 165 160 68 110 115 181 20 12 0 284 140 67 132 144 115 115 89 68 55 132 50 115 224 19 50 115 115 173 210 318 120 67 173 59 67 210 215 157 19 115 308 265 142 119 144 115 110 284 269 133 83 130 119 133 115 123 120 151 157 53 120 115 276 144 115 119 143 53 59
260 215 0 205 168 302 172 368 226 199 109 186 303 246 202 244 252 393 260 87 213 198 180 193 331 267 211 277 249 112 174 264 302 241 89 116 84 193 161 173 433 246 176 113 272 116 257 198 241 204 113 223 96 213 168 223 116 96 0 199 319 211 240 0 208 176 199 328 227 168 116 167 358 291 267 293 116 63 433 368 242 176 134 267 134 116 136 87 196 227 146 87 116 333 272 96 267 147 146 208
144 150 208 219 40 217 102 328 132 231 149 126 225 165 142 167 182 321 144 141 245 70 169 79 248 140 141 200 158 116 255 224 217 127 131 156 202 79 47 59 305 161 126 167 203 156 172 148 127 76 167 109 136 245 40 109 156 136 208 231 339 141 126 208 0 126 231 250 216 40 156 329 286 83 140 165 156 145 305 328 192 104 151 140 174 156 144 141 210 216 74 141 156 335 203 136 140 164 74 0
