84 88 37
167 144 129 147 74 142 182 96 125 129 129 199 222 125 73 181 143 176 172 143 96 129 170 143 185 136 285 134 120 135 129 326 176 203 96 289 129 136 182 136 135 181 203 121 136 96 185 108 181 108 253 160 120 185 136 157 136 176 136 166 96 192 135 96 135 0 137 143 171 129 170 166 181 120 169 176 73 118 222 189 216 185 181 289 160 143 143 167
59 113 106 63 161 58 98 12 164 45 106 100 138 41 115 97 92 92 88 92 12 45 112 92 77 52 201 50 36 51 45 295 92 127 12 262 45 52 98 52 51 97 127 160 52 12 77 0 97 0 169 76 36 77 52 73 52 92 52 91 12 108 51 12 51 108 53 92 155 45 112 91 97 36 85 92 115 113 138 105 132 77 97 262 76 92 92 83
135 88 73 69 87 78 104 64 88 65 73 176 158 79 129 135 18 130 126 18 64 65 118 18 153 68 239 102 74 71 65 270 92 147 64 255 65 58 104 68 71 135 147 134 68 64 153 76 135 76 221 0 74 153 58 47 68 130 68 110 64 110 71 64 71 160 73 18 130 65 118 110 135 74 35 130 129 84 158 107 180 153 135 255 0 18 18 121
110 60 45 59 122 67 94 73 123 54 45 151 147 44 101 100 53 95 91 53 73 54 108 53 128 33 204 111 63 60 54 242 119 134 73 227 54 61 94 33 60 100 134 99 33 73 128 85 100 85 230 35 63 128 61 12 33 95 33 82 73 117 60 73 60 169 62 53 102 54 108 82 100 63 0 95 101 56 147 114 193 128 100 227 35 53 53 110
99 71 56 136 147 149 171 103 52 136 56 140 191 121 0 114 111 172 123 111 103 136 97 111 117 110 233 141 127 142 136 253 183 145 103 216 136 143 171 110 142 114 145 48 110 103 117 115 114 115 237 129 127 117 143 89 110 172 110 93 103 182 142 103 142 73 144 111 113 136 97 93 114 127 101 172 0 45 191 185 144 117 114 216 129 111 111 174
173 123 108 120 0 129 155 149 175 116 108 214 209 149 147 186 69 200 180 69 149 116 169 69 191 146 233 158 125 122 116 305 143 129 149 290 116 109 155 146 122 186 129 195 146 149 191 161 186 161 306 87 125 191 109 134 146 200 146 145 149 155 122 149 122 74 124 69 97 116 169 145 186 125 122 200 147 119 209 152 267 191 186 290 87 69 69 172
228 258 251 208 306 203 243 157 289 190 251 269 283 186 237 242 237 237 233 237 157 190 257 237 246 197 346 195 181 196 190 440 237 290 157 237 190 197 243 197 196 242 290 285 197 157 246 169 242 169 0 221 181 246 197 218 197 237 197 236 157 253 196 157 196 253 198 237 300 190 257 236 242 181 230 237 237 262 283 250 277 246 242 237 221 237 237 228
112 86 80 0 120 31 35 51 142 18 80 117 111 37 136 66 51 88 75 51 51 18 49 51 94 26 188 89 27 24 18 268 83 118 51 221 18 11 35 26 24 66 118 134 26 51 94 63 66 63 208 69 27 94 11 47 26 88 26 64 51 81 24 51 24 147 26 51 128 18 49 64 66 27 59 88 136 91 111 78 171 94 66 221 69 51 51 74
139 131 116 88 200 119 123 80 183 106 116 180 199 51 172 107 131 0 98 131 80 106 124 131 157 62 158 118 104 112 106 313 160 120 80 298 106 99 123 62 112 107 120 170 62 80 157 92 107 92 237 130 104 157 99 83 62 0 62 133 80 83 112 80 112 176 114 131 152 106 124 133 107 104 95 0 172 127 199 80 200 157 107 298 130 131 131 151
98 48 33 47 134 78 82 61 135 65 33 139 158 32 89 88 65 83 79 65 61 65 96 65 116 21 192 99 74 71 65 230 130 122 61 215 65 58 82 21 71 88 122 87 21 61 116 73 88 73 218 47 74 116 58 0 21 83 21 70 61 128 71 61 71 157 73 65 90 65 96 70 88 74 12 83 89 44 158 125 181 116 88 215 47 65 65 121
87 22 37 64 145 59 99 79 120 46 37 128 139 82 93 44 92 133 35 92 79 46 56 92 105 90 148 117 55 52 46 204 111 96 79 181 46 53 99 90 52 44 96 141 90 79 105 91 44 91 236 110 55 105 53 70 90 133 90 0 79 109 52 79 52 166 54 92 64 46 56 0 44 55 82 133 93 48 139 106 199 105 44 181 110 92 92 102
87 22 37 64 145 59 99 79 120 46 37 128 139 82 93 44 92 133 35 92 79 46 56 92 105 90 148 117 55 52 46 204 111 96 79 181 46 53 99 90 52 44 96 141 90 79 105 91 44 91 236 110 55 105 53 70 90 133 90 0 79 109 52 79 52 166 54 92 64 46 56 0 44 55 82 133 93 48 139 106 199 105 44 181 110 92 92 102
112 86 80 0 120 31 35 51 142 18 80 117 111 37 136 66 51 88 75 51 51 18 49 51 94 26 188 89 27 24 18 268 83 118 51 221 18 11 35 26 24 66 118 134 26 51 94 63 66 63 208 69 27 94 11 47 26 88 26 64 51 81 24 51 24 147 26 51 128 18 49 64 66 27 59 88 136 91 111 78 171 94 66 221 69 51 51 74
210 170 185 188 233 207 223 189 198 194 185 251 287 160 233 122 237 158 113 237 189 194 139 237 228 171 0 227 203 200 194 352 259 244 189 329 194 199 223 171 200 122 244 279 171 189 228 201 122 201 346 239 203 228 199 192 171 158 171 148 189 241 200 189 200 285 202 237 212 194 139 148 122 203 204 158 233 188 287 238 290 228 122 329 239 237 237 250
110 74 89 24 122 19 59 39 159 6 89 136 99 61 142 90 53 112 87 53 39 6 73 53 113 50 200 77 15 0 6 256 71 106 39 223 6 13 59 50 0 90 106 158 50 39 113 51 90 51 196 71 15 113 13 71 50 112 50 52 39 69 0 39 0 135 14 53 116 6 73 52 90 15 60 112 142 100 99 66 159 113 90 223 71 53 53 62
113 119 104 134 195 165 169 148 100 152 104 154 239 119 48 162 152 170 166 152 148 152 145 152 131 108 279 186 161 158 152 301 217 181 148 264 152 145 169 108 158 162 181 0 108 148 131 160 162 160 285 134 161 131 145 87 108 170 108 141 148 215 158 148 158 121 160 152 161 152 145 141 162 161 99 170 48 93 239 212 192 131 162 264 134 152 152 208
88 66 80 66 186 97 101 85 76 84 80 129 177 56 114 0 117 107 9 117 85 84 17 117 106 67 122 123 93 90 84 248 149 140 85 225 84 77 101 67 90 0 140 162 67 85 106 97 0 97 242 135 93 106 77 88 67 107 67 44 85 147 90 85 90 181 92 117 108 84 17 44 0 93 100 107 114 69 177 144 168 106 0 225 135 117 117 140
151 123 108 142 175 166 177 152 0 153 108 192 243 132 52 76 106 183 85 106 152 153 93 106 169 143 198 190 162 159 153 305 180 197 152 268 153 146 177 143 159 76 197 100 143 152 169 164 76 164 289 88 162 169 146 135 143 183 143 120 152 198 159 152 159 125 161 106 165 153 93 120 76 162 123 183 52 97 243 195 92 169 76 268 88 106 106 209
88 80 65 37 149 68 72 29 132 55 65 129 148 0 121 56 80 51 47 80 29 55 73 80 106 11 160 67 53 61 55 262 109 154 29 247 55 48 72 11 61 56 154 119 11 29 106 41 56 41 186 79 53 106 48 32 11 51 11 82 29 118 61 29 61 125 63 80 122 55 73 82 56 53 44 51 121 76 148 115 149 106 56 247 79 80 80 100
65 15 0 80 108 96 115 94 108 83 0 106 135 65 56 80 55 116 72 55 94 83 63 55 83 54 185 132 92 89 83 197 128 89 94 182 83 90 115 54 89 80 89 104 54 94 83 106 80 106 251 73 92 83 90 33 54 116 54 37 94 126 89 94 89 129 91 55 57 83 63 37 80 92 45 116 56 11 135 129 200 83 80 182 73 55 55 131
247 182 197 268 305 263 303 283 305 250 197 288 294 262 253 248 252 313 239 252 283 250 260 252 265 251 352 321 259 256 250 0 315 256 283 379 250 257 303 251 256 248 256 301 251 283 265 295 248 295 440 270 259 265 257 230 251 313 251 204 283 293 256 283 256 326 258 252 224 250 260 204 248 259 242 313 253 208 294 296 397 265 248 379 270 252 252 298
230 204 198 118 224 149 153 169 260 136 198 235 229 155 254 184 155 206 193 155 169 136 167 155 212 144 306 207 145 142 136 386 201 236 169 339 136 129 153 144 142 184 236 252 144 169 212 181 184 181 326 173 145 212 129 165 144 206 144 182 169 199 142 169 142 265 144 155 246 136 167 182 184 145 177 206 254 209 229 196 289 212 184 339 173 155 155 192
147 121 115 35 155 66 0 86 177 53 115 152 143 72 171 101 86 123 110 86 86 53 84 86 129 61 223 124 62 59 53 303 118 153 86 256 53 46 0 61 59 101 153 169 61 86 129 98 101 98 243 104 62 129 46 82 61 123 61 99 86 116 59 86 59 182 61 86 163 53 84 99 101 62 94 123 171 126 143 113 206 129 101 256 104 86 86 109
185 120 135 111 209 106 143 126 243 93 135 226 0 148 191 177 140 199 174 140 126 93 160 140 203 137 287 164 102 99 93 294 153 193 126 310 93 100 143 137 99 177 193 239 137 126 203 138 177 138 283 158 102 203 100 158 137 199 137 139 126 156 99 126 99 222 101 140 162 93 160 139 177 102 147 199 191 146 0 153 246 203 177 310 158 140 140 95
104 68 83 18 116 13 53 33 153 0 83 135 93 55 136 84 47 106 81 47 33 0 67 47 112 44 194 71 9 6 0 250 65 100 33 217 0 7 53 44 6 84 100 152 44 33 112 45 84 45 190 65 9 112 7 65 44 106 44 46 33 63 6 33 6 129 8 47 110 0 67 46 84 9 54 106 136 94 93 60 153 112 84 217 65 47 47 56
228 258 251 208 306 203 243 157 289 190 251 269 283 186 237 242 237 237 233 237 157 190 257 237 246 197 346 195 181 196 190 440 237 290 157 237 190 197 243 197 196 242 290 285 197 157 246 169 242 169 0 221 181 246 197 218 197 237 197 236 157 253 196 157 196 253 198 237 300 190 257 236 242 181 230 237 237 262 283 250 277 246 242 237 221 237 237 228
54 26 11 91 119 107 126 105 97 94 11 95 146 76 45 69 66 127 78 66 105 94 52 66 72 65 188 143 103 100 94 208 139 100 105 171 94 101 126 65 100 69 100 93 65 105 72 113 69 113 262 84 103 72 101 44 65 127 65 48 105 137 100 105 100 118 102 66 68 94 52 48 69 103 56 127 45 0 146 140 189 72 69 171 84 66 66 142
65 0 15 86 123 81 121 101 123 68 15 106 120 80 71 66 70 131 57 70 101 68 78 70 83 69 170 139 77 74 68 182 133 74 101 197 68 75 121 69 74 66 74 119 69 101 83 113 66 113 258 88 77 83 75 48 69 131 69 22 101 111 74 101 74 144 76 70 42 68 78 22 66 77 60 131 71 26 120 114 215 83 66 197 88 70 70 116
112 86 80 0 120 31 35 51 142 18 80 117 111 37 136 66 51 88 75 51 51 18 49 51 94 26 188 89 27 24 18 268 83 118 51 221 18 11 35 26 24 66 118 134 26 51 94 63 66 63 208 69 27 94 11 47 26 88 26 64 51 81 24 51 24 147 26 51 128 18 49 64 66 27 59 88 136 91 111 78 171 94 66 221 69 51 51 74
97 57 72 75 180 94 110 76 85 81 72 138 174 47 123 9 124 98 0 124 76 81 26 124 115 58 113 114 90 87 81 239 146 131 76 216 81 86 110 58 87 9 131 166 58 76 115 88 9 88 233 126 90 115 86 79 58 98 58 35 76 144 87 76 87 172 89 124 99 81 26 35 9 90 91 98 123 78 174 141 177 115 9 216 126 124 124 137
71 101 94 51 149 46 86 0 152 33 94 112 126 29 103 85 80 80 76 80 0 33 100 80 89 40 189 38 24 39 33 283 80 133 0 250 33 40 86 40 39 85 133 148 40 0 89 12 85 12 157 64 24 89 40 61 40 80 40 79 0 96 39 0 39 96 41 80 143 33 100 79 85 24 73 80 103 105 126 93 120 89 85 250 64 80 80 71
103 85 100 35 133 30 70 32 170 17 100 144 110 61 135 101 64 112 98 64 32 17 84 64 121 61 211 70 8 23 17 267 64 117 32 234 17 24 70 61 23 101 117 169 61 32 121 44 101 44 189 82 8 121 24 82 61 112 61 63 32 80 23 32 23 128 25 64 127 17 84 63 101 8 71 112 135 111 110 77 152 121 101 234 82 64 64 55
225 197 182 221 290 230 256 250 268 217 182 266 310 247 216 225 237 298 216 237 250 217 223 237 243 236 329 288 226 223 217 379 253 271 250 0 217 210 256 236 223 225 271 264 236 250 243 262 225 262 237 255 226 243 210 215 236 298 236 181 250 280 223 250 223 289 225 237 239 217 223 181 225 226 227 298 216 171 310 277 360 243 225 0 255 237 237 273
41 106 106 117 214 148 152 112 192 135 106 0 226 129 140 129 158 180 138 158 112 135 146 158 23 140 251 150 136 136 135 288 192 109 112 266 135 128 152 140 136 129 109 154 140 112 23 100 129 100 269 176 136 23 128 139 140 180 140 128 112 146 136 112 136 199 143 158 141 135 146 128 129 136 151 180 140 95 226 149 232 23 129 266 176 158 158 183
88 80 65 37 149 68 72 29 132 55 65 129 148 0 121 56 80 51 47 80 29 55 73 80 106 11 160 67 53 61 55 262 109 154 29 247 55 48 72 11 61 56 154 119 11 29 106 41 56 41 186 79 53 106 48 32 11 51 11 82 29 118 61 29 61 125 63 80 122 55 73 82 56 53 44 51 121 76 148 115 149 106 56 247 79 80 80 100
173 123 108 120 0 129 155 149 175 116 108 214 209 149 147 186 69 200 180 69 149 116 169 69 191 146 233 158 125 122 116 305 143 129 149 290 116 109 155 146 122 186 129 195 146 149 191 161 186 161 306 87 125 191 109 134 146 200 146 145 149 155 122 149 122 74 124 69 97 116 169 145 186 125 122 200 147 119 209 152 267 191 186 290 87 69 69 172
142 116 131 74 172 69 109 71 209 56 131 183 95 100 174 140 103 151 137 103 71 56 123 103 160 100 250 109 47 62 56 298 58 156 71 273 56 63 109 100 62 140 156 208 100 71 160 83 140 83 228 121 47 160 63 121 100 151 100 102 71 119 62 71 62 167 64 103 158 56 123 102 140 47 110 151 174 142 95 116 191 160 140 273 121 103 103 0
99 69 54 26 146 57 61 40 143 44 54 140 137 11 110 67 77 62 58 77 40 44 75 77 117 0 171 78 53 50 44 251 109 143 40 236 44 37 61 0 50 67 143 108 0 40 117 52 67 52 197 68 53 117 37 21 0 62 0 90 40 107 50 40 50 136 52 77 111 44 75 90 67 53 33 62 110 65 137 104 160 117 67 236 68 77 77 100
95 77 92 27 125 22 62 24 162 9 92 136 102 53 127 93 56 104 90 56 24 9 76 56 113 53 203 62 0 15 9 259 56 109 24 226 9 16 62 53 15 93 109 161 53 24 113 36 93 36 181 74 0 113 16 74 53 104 53 55 24 72 15 24 15 120 17 56 119 9 76 55 93 0 63 104 127 103 102 69 144 113 93 226 74 56 56 47
112 86 80 0 120 31 35 51 142 18 80 117 111 37 136 66 51 88 75 51 51 18 49 51 94 26 188 89 27 24 18 268 83 118 51 221 18 11 35 26 24 66 118 134 26 51 94 63 66 63 208 69 27 94 11 47 26 88 26 64 51 81 24 51 24 147 26 51 128 18 49 64 66 27 59 88 136 91 111 78 171 94 66 221 69 51 51 74
68 74 89 118 129 113 153 133 197 100 89 109 193 154 145 140 144 120 131 144 133 100 140 144 86 143 244 171 109 106 100 256 165 0 133 271 100 107 153 143 106 140 0 181 143 133 86 127 140 127 290 147 109 86 107 122 143 120 143 96 133 37 106 133 106 203 108 144 32 100 140 96 140 109 134 120 145 100 193 40 253 86 140 271 147 144 144 156
104 68 83 18 116 13 53 33 153 0 83 135 93 55 136 84 47 106 81 47 33 0 67 47 112 44 194 71 9 6 0 250 65 100 33 217 0 7 53 44 6 84 100 152 44 33 112 45 84 45 190 65 9 112 7 65 44 106 44 46 33 63 6 33 6 129 8 47 110 0 67 46 84 9 54 106 136 94 93 60 153 112 84 217 65 47 47 56
18 83 83 94 191 125 129 89 169 112 83 23 203 106 117 106 135 157 115 135 89 112 123 135 0 117 228 127 113 113 112 265 169 86 89 243 112 105 129 117 113 106 86 131 117 89 0 77 106 77 246 153 113 0 105 116 117 157 117 105 89 123 113 89 113 185 120 135 118 112 123 105 106 113 128 157 117 72 203 126 209 0 106 243 153 135 135 160
105 111 126 81 155 76 116 96 198 63 126 146 156 118 182 147 110 83 144 110 96 63 130 110 123 107 241 134 72 69 63 293 128 37 96 280 63 70 116 107 69 147 37 215 107 96 123 108 147 108 253 110 72 123 70 128 107 83 107 109 96 0 69 96 69 192 71 110 69 63 130 109 147 72 117 83 182 137 156 3 216 123 147 280 110 110 110 119
111 75 90 11 109 20 46 40 146 7 90 128 100 48 143 77 40 99 86 40 40 7 60 40 105 37 199 78 16 13 7 257 72 107 40 210 7 0 46 37 13 77 107 145 37 40 105 52 77 52 197 58 16 105 0 58 37 99 37 53 40 70 13 40 13 136 15 40 117 7 60 53 77 16 61 99 143 101 100 67 160 105 77 210 58 40 40 63
117 70 55 51 69 60 86 80 106 47 55 158 140 80 111 117 0 131 124 0 80 47 100 0 135 77 237 89 56 53 47 252 74 144 80 237 47 40 86 77 53 117 144 152 77 80 135 92 117 92 237 18 56 135 40 65 77 131 77 92 80 110 53 80 53 143 55 0 112 47 100 92 117 56 53 131 111 66 140 107 198 135 117 237 18 0 0 103
173 123 108 120 0 129 155 149 175 116 108 214 209 149 147 186 69 200 180 69 149 116 169 69 191 146 233 158 125 122 116 305 143 129 149 290 116 109 155 146 122 186 129 195 146 149 191 161 186 161 306 87 125 191 109 134 146 200 146 145 149 155 122 149 122 74 124 69 97 116 169 145 186 125 122 200 147 119 209 152 267 191 186 290 87 69 69 172
88 80 65 37 149 68 72 29 132 55 65 129 148 0 121 56 80 51 47 80 29 55 73 80 106 11 160 67 53 61 55 262 109 154 29 247 55 48 72 11 61 56 154 119 11 29 106 41 56 41 186 79 53 106 48 32 11 51 11 82 29 118 61 29 61 125 63 80 122 55 73 82 56 53 44 51 121 76 148 115 149 106 56 247 79 80 80 100
112 86 80 0 120 31 35 51 142 18 80 117 111 37 136 66 51 88 75 51 51 18 49 51 94 26 188 89 27 24 18 268 83 118 51 221 18 11 35 26 24 66 118 134 26 51 94 63 66 63 208 69 27 94 11 47 26 88 26 64 51 81 24 51 24 147 26 51 128 18 49 64 66 27 59 88 136 91 111 78 171 94 66 221 69 51 51 74
173 123 108 120 0 129 155 149 175 116 108 214 209 149 147 186 69 200 180 69 149 116 169 69 191 146 233 158 125 122 116 305 143 129 149 290 116 109 155 146 122 186 129 195 146 149 191 161 186 161 306 87 125 191 109 134 146 200 146 145 149 155 122 149 122 74 124 69 97 116 169 145 186 125 122 200 147 119 209 152 267 191 186 290 87 69 69 172
173 123 108 120 0 129 155 149 175 116 108 214 209 149 147 186 69 200 180 69 149 116 169 69 191 146 233 158 125 122 116 305 143 129 149 290 116 109 155 146 122 186 129 195 146 149 191 161 186 161 306 87 125 191 109 134 146 200 146 145 149 155 122 149 122 74 124 69 97 116 169 145 186 125 122 200 147 119 209 152 267 191 186 290 87 69 69 172
104 68 83 18 116 13 53 33 153 0 83 135 93 55 136 84 47 106 81 47 33 0 67 47 112 44 194 71 9 6 0 250 65 100 33 217 0 7 53 44 6 84 100 152 44 33 112 45 84 45 190 65 9 112 7 65 44 106 44 46 33 63 6 33 6 129 8 47 110 0 67 46 84 9 54 106 136 94 93 60 153 112 84 217 65 47 47 56
98 48 33 47 134 78 82 61 135 65 33 139 158 32 89 88 65 83 79 65 61 65 96 65 116 21 192 99 74 71 65 230 130 122 61 215 65 58 82 21 71 88 122 87 21 61 116 73 88 73 218 47 74 116 58 0 21 83 21 70 61 128 71 61 71 157 73 65 90 65 96 70 88 74 12 83 89 44 158 125 181 116 88 215 47 65 65 121
65 15 0 80 108 96 115 94 108 83 0 106 135 65 56 80 55 116 72 55 94 83 63 55 83 54 185 132 92 89 83 197 128 89 94 182 83 90 115 54 89 80 89 104 54 94 83 106 80 106 251 73 92 83 90 33 54 116 54 37 94 126 89 94 89 129 91 55 57 83 63 37 80 92 45 116 56 11 135 129 200 83 80 182 73 55 55 131
0 65 65 112 173 117 147 71 151 104 65 41 185 88 99 88 117 139 97 117 71 104 105 117 18 99 210 109 95 110 104 247 151 68 71 225 104 111 147 99 110 88 68 113 99 71 18 59 88 59 228 135 95 18 111 98 99 139 99 87 71 105 110 71 110 167 112 117 100 104 105 87 88 95 110 139 99 54 185 108 191 18 88 225 135 117 117 142
97 57 72 75 180 94 110 76 85 81 72 138 174 47 123 9 124 98 0 124 76 81 26 124 115 58 113 114 90 87 81 239 146 131 76 216 81 86 110 58 87 9 131 166 58 76 115 88 9 88 233 126 90 115 86 79 58 98 58 35 76 144 87 76 87 172 89 124 99 81 26 35 9 90 91 98 123 78 174 141 177 115 9 216 126 124 124 137
0 65 65 112 173 117 147 71 151 104 65 41 185 88 99 88 117 139 97 117 71 104 105 117 18 99 210 109 95 110 104 247 151 68 71 225 104 111 147 99 110 88 68 113 99 71 18 59 88 59 228 135 95 18 111 98 99 139 99 87 71 105 110 71 110 167 112 117 100 104 105 87 88 95 110 139 99 54 185 108 191 18 88 225 135 117 117 142
54 26 11 91 119 107 126 105 97 94 11 95 146 76 45 69 66 127 78 66 105 94 52 66 72 65 188 143 103 100 94 208 139 100 105 171 94 101 126 65 100 69 100 93 65 105 72 113 69 113 262 84 103 72 101 44 65 127 65 48 105 137 100 105 100 118 102 66 68 94 52 48 69 103 56 127 45 0 146 140 189 72 69 171 84 66 66 142
108 114 129 78 152 73 113 93 195 60 129 149 153 115 185 144 107 80 141 107 93 60 127 107 126 104 238 131 69 66 60 296 125 40 93 277 60 67 113 104 66 144 40 212 104 93 126 105 144 105 250 107 69 126 67 125 104 80 104 106 93 3 66 93 66 189 68 107 72 60 127 106 144 69 114 80 185 140 153 0 213 126 144 277 107 107 107 116
100 42 57 128 97 123 163 143 165 110 57 141 162 122 113 108 112 152 99 112 143 110 120 112 118 111 212 181 119 116 110 224 175 32 143 239 110 117 163 111 116 108 32 161 111 143 118 155 108 155 300 130 119 118 117 90 111 152 111 64 143 69 116 143 116 171 118 112 0 110 120 64 108 119 102 152 113 68 162 72 257 118 108 239 130 112 112 158
104 68 83 18 116 13 53 33 153 0 83 135 93 55 136 84 47 106 81 47 33 0 67 47 112 44 194 71 9 6 0 250 65 100 33 217 0 7 53 44 6 84 100 152 44 33 112 45 84 45 190 65 9 112 7 65 44 106 44 46 33 63 6 33 6 129 8 47 110 0 67 46 84 9 54 106 136 94 93 60 153 112 84 217 65 47 47 56
105 78 63 49 169 80 84 100 93 67 63 146 160 73 97 17 100 124 26 100 100 67 0 100 123 75 139 138 76 73 67 260 132 140 100 223 67 60 84 75 73 17 140 145 75 100 123 112 17 112 257 118 76 123 60 96 75 124 75 56 100 130 73 100 73 170 75 100 120 67 0 56 17 76 108 124 97 52 160 127 185 123 17 223 118 100 100 123
151 133 128 83 143 78 118 80 180 65 128 192 153 109 183 149 74 160 146 74 80 65 132 74 169 109 259 118 56 71 65 315 0 165 80 253 65 72 118 109 71 149 165 217 109 80 169 92 149 92 237 92 56 169 72 130 109 160 109 111 80 128 71 80 71 176 73 74 175 65 132 111 149 56 119 160 183 139 153 125 200 169 149 253 92 74 74 58
105 78 63 49 169 80 84 100 93 67 63 146 160 73 97 17 100 124 26 100 100 67 0 100 123 75 139 138 76 73 67 260 132 140 100 223 67 60 84 75 73 17 140 145 75 100 123 112 17 112 257 118 76 123 60 96 75 124 75 56 100 130 73 100 73 170 75 100 120 67 0 56 17 76 108 124 97 52 160 127 185 123 17 223 118 100 100 123
151 133 128 83 143 78 118 80 180 65 128 192 153 109 183 149 74 160 146 74 80 65 132 74 169 109 259 118 56 71 65 315 0 165 80 253 65 72 118 109 71 149 165 217 109 80 169 92 149 92 237 92 56 169 72 130 109 160 109 111 80 128 71 80 71 176 73 74 175 65 132 111 149 56 119 160 183 139 153 125 200 169 149 253 92 74 74 58
97 57 72 75 180 94 110 76 85 81 72 138 174 47 123 9 124 98 0 124 76 81 26 124 115 58 113 114 90 87 81 239 146 131 76 216 81 86 110 58 87 9 131 166 58 76 115 88 9 88 233 126 90 115 86 79 58 98 58 35 76 144 87 76 87 172 89 124 99 81 26 35 9 90 91 98 123 78 174 141 177 115 9 216 126 124 124 137
71 101 94 51 149 46 86 0 152 33 94 112 126 29 103 85 80 80 76 80 0 33 100 80 89 40 189 38 24 39 33 283 80 133 0 250 33 40 86 40 39 85 133 148 40 0 89 12 85 12 157 64 24 89 40 61 40 80 40 79 0 96 39 0 39 96 41 80 143 33 100 79 85 24 73 80 103 105 126 93 120 89 85 250 64 80 80 71
108 114 129 78 152 73 113 93 195 60 129 149 153 115 185 144 107 80 141 107 93 60 127 107 126 104 238 131 69 66 60 296 125 40 93 277 60 67 113 104 66 144 40 212 104 93 126 105 144 105 250 107 69 126 67 125 104 80 104 106 93 3 66 93 66 189 68 107 72 60 127 106 144 69 114 80 185 140 153 0 213 126 144 277 107 107 107 116
65 0 15 86 123 81 121 101 123 68 15 106 120 80 71 66 70 131 57 70 101 68 78 70 83 69 170 139 77 74 68 182 133 74 101 197 68 75 121 69 74 66 74 119 69 101 83 113 66 113 258 88 77 83 75 48 69 131 69 22 101 111 74 101 74 144 76 70 42 68 78 22 66 77 60 131 71 26 120 114 215 83 66 197 88 70 70 116
108 114 129 78 152 73 113 93 195 60 129 149 153 115 185 144 107 80 141 107 93 60 127 107 126 104 238 131 69 66 60 296 125 40 93 277 60 67 113 104 66 144 40 212 104 93 126 105 144 105 250 107 69 126 67 125 104 80 104 106 93 3 66 93 66 189 68 107 72 60 127 106 144 69 114 80 185 140 153 0 213 126 144 277 107 107 107 116
117 81 96 31 129 0 66 46 166 13 96 148 106 68 149 97 60 119 94 60 46 13 80 60 125 57 207 84 22 19 13 263 78 113 46 230 13 20 66 57 19 97 113 165 57 46 125 58 97 58 203 78 22 125 20 78 57 119 57 59 46 76 19 46 19 142 21 60 123 13 80 59 97 22 67 119 149 107 106 73 166 125 97 230 78 60 60 69
112 76 91 26 124 21 61 41 161 8 91 143 101 63 144 92 55 114 89 55 41 8 75 55 120 52 202 79 17 14 8 258 73 108 41 225 8 15 61 52 14 92 108 160 52 41 120 53 92 53 198 73 17 120 15 73 52 114 52 54 41 71 14 41 14 137 0 55 118 8 75 54 92 17 62 114 144 102 101 68 161 120 92 225 73 55 55 64
71 101 94 51 149 46 86 0 152 33 94 112 126 29 103 85 80 80 76 80 0 33 100 80 89 40 189 38 24 39 33 283 80 133 0 250 33 40 86 40 39 85 133 148 40 0 89 12 85 12 157 64 24 89 40 61 40 80 40 79 0 96 39 0 39 96 41 80 143 33 100 79 85 24 73 80 103 105 126 93 120 89 85 250 64 80 80 71
151 123 108 142 175 166 177 152 0 153 108 192 243 132 52 76 106 183 85 106 152 153 93 106 169 143 198 190 162 159 153 305 180 197 152 268 153 146 177 143 159 76 197 100 143 152 169 164 76 164 289 88 162 169 146 135 143 183 143 120 152 198 159 152 159 125 161 106 165 153 93 120 76 162 123 183 52 97 243 195 92 169 76 268 88 106 106 209
109 139 132 89 158 84 124 38 190 71 132 150 164 67 141 123 89 118 114 89 38 71 138 89 127 78 227 0 62 77 71 321 118 171 38 288 71 78 124 78 77 123 171 186 78 38 127 50 123 50 195 102 62 127 78 99 78 118 78 117 38 134 77 38 77 134 79 89 181 71 138 117 123 62 111 118 141 143 164 131 158 127 123 288 102 89 89 109
191 215 200 171 267 166 206 120 92 153 200 232 246 149 144 168 198 200 177 198 120 153 185 198 209 160 290 158 144 159 153 397 200 253 120 360 153 160 206 160 159 168 253 192 160 120 209 132 168 132 277 180 144 209 160 181 160 200 160 199 120 216 159 120 159 216 161 198 257 153 185 199 168 144 193 200 144 189 246 213 0 209 168 360 180 198 198 191
167 144 129 147 74 142 182 96 125 129 129 199 222 125 73 181 143 176 172 143 96 129 170 143 185 136 285 134 120 135 129 326 176 203 96 289 129 136 182 136 135 181 203 121 136 96 185 108 181 108 253 160 120 185 136 157 136 176 136 166 96 192 135 96 135 0 137 143 171 129 170 166 181 120 169 176 73 118 222 189 216 185 181 289 160 143 143 167
65 15 0 80 108 96 115 94 108 83 0 106 135 65 56 80 55 116 72 55 94 83 63 55 83 54 185 132 92 89 83 197 128 89 94 182 83 90 115 54 89 80 89 104 54 94 83 106 80 106 251 73 92 83 90 33 54 116 54 37 94 126 89 94 89 129 91 55 57 83 63 37 80 92 45 116 56 11 135 129 200 83 80 182 73 55 55 131
135 88 73 69 87 78 104 64 88 65 73 176 158 79 129 135 18 130 126 18 64 65 118 18 153 68 239 102 74 71 65 270 92 147 64 255 65 58 104 68 71 135 147 134 68 64 153 76 135 76 221 0 74 153 58 47 68 130 68 110 64 110 71 64 71 160 73 18 130 65 118 110 135 74 35 130 129 84 158 107 180 153 135 255 0 18 18 121
98 48 33 47 134 78 82 61 135 65 33 139 158 32 89 88 65 83 79 65 61 65 96 65 116 21 192 99 74 71 65 230 130 122 61 215 65 58 82 21 71 88 122 87 21 61 116 73 88 73 218 47 74 116 58 0 21 83 21 70 61 128 71 61 71 157 73 65 90 65 96 70 88 74 12 83 89 44 158 125 181 116 88 215 47 65 65 121
0 65 65 112 173 117 147 71 151 104 65 41 185 88 99 88 117 139 97 117 71 104 105 117 18 99 210 109 95 110 104 247 151 68 71 225 104 111 147 99 110 88 68 113 99 71 18 59 88 59 228 135 95 18 111 98 99 139 99 87 71 105 110 71 110 167 112 117 100 104 105 87 88 95 110 139 99 54 185 108 191 18 88 225 135 117 117 142
65 0 15 86 123 81 121 101 123 68 15 106 120 80 71 66 70 131 57 70 101 68 78 70 83 69 170 139 77 74 68 182 133 74 101 197 68 75 121 69 74 66 74 119 69 101 83 113 66 113 258 88 77 83 75 48 69 131 69 22 101 111 74 101 74 144 76 70 42 68 78 22 66 77 60 131 71 26 120 114 215 83 66 197 88 70 70 116
112 76 91 26 124 21 61 41 161 8 91 143 101 63 144 92 55 114 89 55 41 8 75 55 120 52 202 79 17 14 8 258 73 108 41 225 8 15 61 52 14 92 108 160 52 41 120 53 92 53 198 73 17 120 15 73 52 114 52 54 41 71 14 41 14 137 0 55 118 8 75 54 92 17 62 114 144 102 101 68 161 120 92 225 73 55 55 64
142 116 131 74 172 69 109 71 209 56 131 183 95 100 174 140 103 151 137 103 71 56 123 103 160 100 250 109 47 62 56 298 58 156 71 273 56 63 109 100 62 140 156 208 100 71 160 83 140 83 228 121 47 160 63 121 100 151 100 102 71 119 62 71 62 167 64 103 158 56 123 102 140 47 110 151 174 142 95 116 191 160 140 273 121 103 103 0
