72 98 19
30 9 38 31 38 49 48 9 56 73 52 37 37 30 58 48 37 128 9 37 53 0 38 30 73 0 128 56 91 86 91 53 9 37 9 48 38 116 56 73 28 30 53 84 73 52 52 53 0 37 52 9 9 53 56 84 128 37 53 43 78 30 86 30 16 52 119 84 56 28 28 17 16 48 9 48 49 116 56 9 52 110 16 9 58 137 48 52 37 17 73 128 9 86 78 37 69 48
29 25 37 47 37 34 33 25 58 89 37 22 22 29 74 33 22 113 25 22 69 16 37 29 89 16 113 58 107 71 107 69 25 22 25 33 37 101 58 89 44 29 69 68 89 37 36 69 16 22 36 25 25 69 58 68 113 53 69 28 77 29 71 29 0 36 104 68 58 44 44 33 0 33 25 33 34 132 58 25 37 95 0 25 74 122 33 37 22 33 89 113 25 71 77 53 54 33
89 110 97 116 97 82 81 110 88 163 67 82 82 89 143 81 82 161 110 82 138 119 97 89 163 119 161 88 181 80 181 138 110 82 110 81 97 149 88 163 116 89 138 164 163 67 128 138 119 82 128 110 110 138 88 164 161 125 138 76 132 89 80 89 104 128 0 164 88 116 116 102 104 81 110 81 82 198 88 110 67 56 104 110 143 170 81 67 82 102 163 161 110 80 132 125 102 81
29 25 37 47 37 34 33 25 58 89 37 22 22 29 74 33 22 113 25 22 69 16 37 29 89 16 113 58 107 71 107 69 25 22 25 33 37 101 58 89 44 29 69 68 89 37 36 69 16 22 36 25 25 69 58 68 113 53 69 28 77 29 71 29 0 36 104 68 58 44 44 33 0 33 25 33 34 132 58 25 37 95 0 25 74 122 33 37 22 33 89 113 25 71 77 53 54 33
39 60 47 66 47 32 31 60 56 75 35 32 32 39 93 31 32 111 60 32 88 69 47 39 75 69 111 56 93 69 93 88 60 32 60 31 47 99 56 75 79 39 88 114 75 35 78 88 69 32 78 60 60 88 56 114 111 88 88 26 30 39 69 39 54 78 102 114 56 79 79 52 54 31 60 31 32 118 56 60 35 93 54 60 93 120 31 35 32 52 75 111 60 69 30 88 0 31
13 34 21 40 21 6 5 34 30 87 9 6 6 13 67 5 6 85 34 6 62 43 21 13 87 43 85 30 105 43 105 62 34 6 34 5 21 73 30 87 53 13 62 88 87 9 52 62 43 6 52 34 34 62 30 88 85 62 62 0 56 13 43 13 28 52 76 88 30 53 53 26 28 5 34 5 6 122 30 34 9 67 28 34 67 94 5 9 6 26 87 85 34 43 56 62 26 5
80 101 88 107 88 73 72 101 97 138 76 73 73 80 134 72 73 152 101 73 129 110 88 80 138 110 152 97 156 24 156 129 101 73 101 72 88 140 97 138 120 80 129 155 138 76 119 129 110 73 119 101 101 129 97 155 152 123 129 67 123 80 24 80 95 119 56 155 97 120 120 93 95 72 101 72 73 181 97 101 76 0 95 101 134 161 72 76 73 93 138 152 101 24 123 123 93 72
13 34 21 40 21 6 5 34 30 87 9 6 6 13 67 5 6 85 34 6 62 43 21 13 87 43 85 30 105 43 105 62 34 6 34 5 21 73 30 87 53 13 62 88 87 9 52 62 43 6 52 34 34 62 30 88 85 62 62 0 56 13 43 13 28 52 76 88 30 53 53 26 28 5 34 5 6 122 30 34 9 67 28 34 67 94 5 9 6 26 87 85 34 43 56 62 26 5
89 110 97 116 97 82 81 110 88 163 67 82 82 89 143 81 82 161 110 82 138 119 97 89 163 119 161 88 181 80 181 138 110 82 110 81 97 149 88 163 116 89 138 164 163 67 128 138 119 82 128 110 110 138 88 164 161 125 138 76 132 89 80 89 104 128 0 164 88 116 116 102 104 81 110 81 82 198 88 110 67 56 104 110 143 170 81 67 82 102 163 161 110 80 132 125 102 81
13 34 21 40 21 6 5 34 30 87 9 6 6 13 67 5 6 85 34 6 62 43 21 13 87 43 85 30 105 43 105 62 34 6 34 5 21 73 30 87 53 13 62 88 87 9 52 62 43 6 52 34 34 62 30 88 85 62 62 0 56 13 43 13 28 52 76 88 30 53 53 26 28 5 34 5 6 122 30 34 9 67 28 34 67 94 5 9 6 26 87 85 34 43 56 62 26 5
13 34 21 40 21 6 5 34 30 87 9 6 6 13 67 5 6 85 34 6 62 43 21 13 87 43 85 30 105 43 105 62 34 6 34 5 21 73 30 87 53 13 62 88 87 9 52 62 43 6 52 34 34 62 30 88 85 62 62 0 56 13 43 13 28 52 76 88 30 53 53 26 28 5 34 5 6 122 30 34 9 67 28 34 67 94 5 9 6 26 87 85 34 43 56 62 26 5
80 101 88 107 88 73 72 101 97 138 76 73 73 80 134 72 73 152 101 73 129 110 88 80 138 110 152 97 156 24 156 129 101 73 101 72 88 140 97 138 120 80 129 155 138 76 119 129 110 73 119 101 101 129 97 155 152 123 129 67 123 80 24 80 95 119 56 155 97 120 120 93 95 72 101 72 73 181 97 101 76 0 95 101 134 161 72 76 73 93 138 152 101 24 123 123 93 72
49 70 41 76 41 42 31 70 66 123 45 42 42 49 103 31 42 121 70 42 98 79 41 49 123 79 121 66 141 79 141 98 70 42 70 31 41 109 66 123 89 49 98 124 123 45 78 98 79 42 78 70 70 98 66 124 121 98 98 36 81 49 79 49 64 78 112 124 66 89 89 62 64 31 70 31 42 142 66 70 45 103 64 70 103 130 31 45 42 62 123 121 70 79 81 98 62 31
86 107 94 113 94 79 78 107 103 160 82 79 79 86 140 78 79 158 107 79 135 116 94 86 160 116 158 103 178 116 178 135 107 79 107 78 94 0 103 160 126 86 135 161 160 82 125 135 116 79 125 107 107 135 103 161 158 135 135 73 129 86 116 86 101 125 149 161 103 126 126 99 101 78 107 78 79 195 103 107 82 140 101 107 140 167 78 82 79 99 160 158 107 116 129 135 99 78
80 101 88 107 88 73 72 101 97 138 76 73 73 80 134 72 73 152 101 73 129 110 88 80 138 110 152 97 156 24 156 129 101 73 101 72 88 140 97 138 120 80 129 155 138 76 119 129 110 73 119 101 101 129 97 155 152 123 129 67 123 80 24 80 95 119 56 155 97 120 120 93 95 72 101 72 73 181 97 101 76 0 95 101 134 161 72 76 73 93 138 152 101 24 123 123 93 72
30 9 38 31 38 49 48 9 56 73 52 37 37 30 58 48 37 128 9 37 53 0 38 30 73 0 128 56 91 86 91 53 9 37 9 48 38 116 56 73 28 30 53 84 73 52 52 53 0 37 52 9 9 53 56 84 128 37 53 43 78 30 86 30 16 52 119 84 56 28 28 17 16 48 9 48 49 116 56 9 52 110 16 9 58 137 48 52 37 17 73 128 9 86 78 37 69 48
21 0 29 22 29 40 39 0 47 64 43 28 28 21 49 39 28 119 0 28 44 9 29 21 64 9 119 47 82 77 82 44 0 28 0 39 29 107 47 64 19 21 44 93 64 43 61 44 9 28 61 0 0 44 47 93 119 28 44 34 69 21 77 21 25 61 110 93 47 19 19 8 25 39 0 39 40 107 47 0 43 101 25 0 49 128 39 43 28 8 64 119 0 77 69 28 60 39
92 82 100 104 100 111 110 82 129 18 114 99 99 92 130 110 99 190 82 99 126 91 100 92 18 91 190 129 0 132 0 126 82 99 82 110 100 178 129 18 101 92 126 175 18 114 143 126 91 99 143 82 82 126 129 175 190 110 126 105 123 92 132 92 107 143 181 175 129 101 101 90 107 110 82 110 111 61 129 82 114 156 107 82 130 199 110 114 99 90 18 190 82 132 123 110 93 110
21 0 29 22 29 40 39 0 47 64 43 28 28 21 49 39 28 119 0 28 44 9 29 21 64 9 119 47 82 77 82 44 0 28 0 39 29 107 47 64 19 21 44 93 64 43 61 44 9 28 61 0 0 44 47 93 119 28 44 34 69 21 77 21 25 61 110 93 47 19 19 8 25 39 0 39 40 107 47 0 43 101 25 0 49 128 39 43 28 8 64 119 0 77 69 28 60 39
13 34 21 40 21 6 5 34 30 87 9 6 6 13 67 5 6 85 34 6 62 43 21 13 87 43 85 30 105 43 105 62 34 6 34 5 21 73 30 87 53 13 62 88 87 9 52 62 43 6 52 34 34 62 30 88 85 62 62 0 56 13 43 13 28 52 76 88 30 53 53 26 28 5 34 5 6 122 30 34 9 67 28 34 67 94 5 9 6 26 87 85 34 43 56 62 26 5
89 93 97 115 97 94 93 93 118 157 97 82 82 89 142 93 82 173 93 82 137 84 97 89 157 84 173 118 175 131 175 137 93 82 93 93 97 161 118 157 112 89 137 0 157 97 104 137 84 82 104 93 93 137 118 0 173 121 137 88 137 89 131 89 68 104 164 0 118 112 112 101 68 93 93 93 94 198 118 93 97 155 68 93 142 182 93 97 82 101 157 173 93 131 137 121 114 93
49 28 57 50 57 68 67 28 37 92 58 56 56 49 77 67 56 147 28 56 72 37 57 49 92 37 147 37 110 105 110 72 28 56 28 67 57 135 37 92 9 49 72 121 92 58 89 72 37 56 89 28 28 72 37 121 147 0 72 62 97 49 105 49 53 89 125 121 37 9 9 36 53 67 28 67 68 135 37 28 58 123 53 28 77 156 67 58 56 36 92 147 28 105 97 0 88 67
22 43 30 49 30 15 14 43 21 96 0 15 15 22 76 14 15 94 43 15 71 52 30 22 96 52 94 21 114 52 114 71 43 15 43 14 30 82 21 96 49 22 71 97 96 0 61 71 52 15 61 43 43 71 21 97 94 58 71 9 65 22 52 22 37 61 67 97 21 49 49 35 37 14 43 14 15 131 21 43 0 76 37 43 76 103 14 0 15 35 96 94 43 52 65 58 35 14
13 8 21 14 21 32 31 8 55 72 35 20 20 13 41 31 20 111 8 20 36 17 21 13 72 17 111 55 90 69 90 36 8 20 8 31 21 99 55 72 27 13 36 101 72 35 69 36 17 20 69 8 8 36 55 101 111 36 36 26 61 13 69 13 33 69 102 101 55 27 27 0 33 31 8 31 32 115 55 8 35 93 33 8 41 120 31 35 20 0 72 111 8 69 61 36 52 31
80 101 88 107 88 73 72 101 97 138 76 73 73 80 134 72 73 152 101 73 129 110 88 80 138 110 152 97 156 24 156 129 101 73 101 72 88 140 97 138 120 80 129 155 138 76 119 129 110 73 119 101 101 129 97 155 152 123 129 67 123 80 24 80 95 119 56 155 97 120 120 93 95 72 101 72 73 181 97 101 76 0 95 101 134 161 72 76 73 93 138 152 101 24 123 123 93 72
22 43 30 49 30 15 14 43 21 96 0 15 15 22 76 14 15 94 43 15 71 52 30 22 96 52 94 21 114 52 114 71 43 15 43 14 30 82 21 96 49 22 71 97 96 0 61 71 52 15 61 43 43 71 21 97 94 58 71 9 65 22 52 22 37 61 67 97 21 49 49 35 37 14 43 14 15 131 21 43 0 76 37 43 76 103 14 0 15 35 96 94 43 52 65 58 35 14
13 8 21 14 21 32 31 8 55 72 35 20 20 13 41 31 20 111 8 20 36 17 21 13 72 17 111 55 90 69 90 36 8 20 8 31 21 99 55 72 27 13 36 101 72 35 69 36 17 20 69 8 8 36 55 101 111 36 36 26 61 13 69 13 33 69 102 101 55 27 27 0 33 31 8 31 32 115 55 8 35 93 33 8 41 120 31 35 20 0 72 111 8 69 61 36 52 31
13 34 21 40 21 6 5 34 30 87 9 6 6 13 67 5 6 85 34 6 62 43 21 13 87 43 85 30 105 43 105 62 34 6 34 5 21 73 30 87 53 13 62 88 87 9 52 62 43 6 52 34 34 62 30 88 85 62 62 0 56 13 43 13 28 52 76 88 30 53 53 26 28 5 34 5 6 122 30 34 9 67 28 34 67 94 5 9 6 26 87 85 34 43 56 62 26 5
56 77 64 83 64 49 48 77 73 114 52 49 49 56 110 48 49 128 77 49 105 86 64 56 114 86 128 73 132 0 132 105 77 49 77 48 64 116 73 114 96 56 105 131 114 52 95 105 86 49 95 77 77 105 73 131 128 105 105 43 99 56 0 56 71 95 80 131 73 96 96 69 71 48 77 48 49 157 73 77 52 24 71 77 110 137 48 52 49 69 114 128 77 0 99 105 69 48
27 22 35 0 35 46 45 22 69 86 49 34 34 27 55 45 34 125 22 34 22 31 35 27 86 31 125 69 104 83 104 22 22 34 22 45 35 113 69 86 41 27 22 115 86 49 66 22 31 34 66 22 22 22 69 115 125 50 22 40 75 27 83 27 47 66 116 115 69 41 41 14 47 45 22 45 46 129 69 22 49 107 47 22 55 134 45 49 34 14 86 125 22 83 75 50 66 45
211 215 219 237 219 204 203 215 168 279 189 204 204 211 264 203 204 283 215 204 223 224 219 211 279 224 283 168 297 241 297 223 215 204 215 203 219 271 168 279 196 211 223 286 279 189 250 223 224 204 250 215 215 223 168 286 283 205 223 198 254 211 241 211 226 250 256 286 168 196 196 223 226 203 215 203 204 320 168 215 189 265 226 215 264 292 203 189 204 223 279 283 215 241 254 205 224 203
19 40 27 46 27 0 11 40 36 93 15 12 12 19 73 11 12 91 40 12 68 49 27 19 93 49 91 36 111 49 111 68 40 12 40 11 27 79 36 93 59 19 68 94 93 15 58 68 49 12 58 40 40 68 36 94 91 68 68 6 62 19 49 19 34 58 82 94 36 59 59 32 34 11 40 11 0 128 36 40 15 73 34 40 73 100 11 15 12 32 93 91 40 49 62 68 32 11
89 110 97 116 97 82 81 110 88 163 67 82 82 89 143 81 82 161 110 82 138 119 97 89 163 119 161 88 181 80 181 138 110 82 110 81 97 149 88 163 116 89 138 164 163 67 128 138 119 82 128 110 110 138 88 164 161 125 138 76 132 89 80 89 104 128 0 164 88 116 116 102 104 81 110 81 82 198 88 110 67 56 104 110 143 170 81 67 82 102 163 161 110 80 132 125 102 81
8 29 0 35 0 27 26 29 51 82 30 15 15 8 62 26 15 106 29 15 57 38 0 8 82 38 106 51 100 64 100 57 29 15 29 26 0 94 51 82 48 8 57 97 82 30 73 57 38 15 73 29 29 57 51 97 106 57 57 21 40 8 64 8 37 73 97 97 51 48 48 21 37 26 29 26 27 101 51 29 30 88 37 29 62 115 26 30 15 21 82 106 29 64 40 57 47 26
0 21 8 27 8 19 18 21 43 74 22 7 7 0 54 18 7 98 21 7 49 30 8 0 74 30 98 43 92 56 92 49 21 7 21 18 8 86 43 74 40 0 49 89 74 22 65 49 30 7 65 21 21 49 43 89 98 49 49 13 48 0 56 0 29 65 89 89 43 40 40 13 29 18 21 18 19 109 43 21 22 80 29 21 54 107 18 22 7 13 74 98 21 56 48 49 39 18
65 61 73 66 73 58 47 61 82 125 61 58 58 65 94 47 58 137 61 58 44 52 73 65 125 52 137 82 143 95 143 44 61 58 61 47 73 125 82 125 80 65 44 104 125 61 0 44 52 58 0 61 61 44 82 104 137 89 44 52 108 65 95 65 36 0 128 104 82 80 80 69 36 47 61 47 58 168 82 61 61 119 36 61 94 146 47 61 58 69 125 137 61 95 108 89 78 47
92 82 100 104 100 111 110 82 129 18 114 99 99 92 130 110 99 190 82 99 126 91 100 92 18 91 190 129 0 132 0 126 82 99 82 110 100 178 129 18 101 92 126 175 18 114 143 126 91 99 143 82 82 126 129 175 190 110 126 105 123 92 132 92 107 143 181 175 129 101 101 90 107 110 82 110 111 61 129 82 114 156 107 82 130 199 110 114 99 90 18 190 82 132 123 110 93 110
40 19 48 41 48 59 58 19 28 83 49 47 47 40 68 58 47 138 19 47 63 28 48 40 83 28 138 28 101 96 101 63 19 47 19 58 48 126 28 83 0 40 63 112 83 49 80 63 28 47 80 19 19 63 28 112 138 9 63 53 88 40 96 40 44 80 116 112 28 0 0 27 44 58 19 58 59 126 28 19 49 120 44 19 68 147 58 49 47 27 83 138 19 96 88 9 79 58
109 107 101 129 101 128 127 107 152 43 131 116 116 109 156 127 116 207 107 116 151 116 101 109 43 116 207 152 61 157 61 151 107 116 107 127 101 195 152 43 126 109 151 198 43 131 168 151 116 116 168 107 107 151 152 198 207 135 151 122 141 109 157 109 132 168 198 198 152 126 126 115 132 127 107 127 128 0 152 107 131 181 132 107 156 216 127 131 116 115 43 207 107 157 141 135 118 127
40 19 48 41 48 59 58 19 28 83 49 47 47 40 68 58 47 138 19 47 63 28 48 40 83 28 138 28 101 96 101 63 19 47 19 58 48 126 28 83 0 40 63 112 83 49 80 63 28 47 80 19 19 63 28 112 138 9 63 53 88 40 96 40 44 80 116 112 28 0 0 27 44 58 19 58 59 126 28 19 49 120 44 19 68 147 58 49 47 27 83 138 19 96 88 9 79 58
13 34 21 40 21 6 5 34 30 87 9 6 6 13 67 5 6 85 34 6 62 43 21 13 87 43 85 30 105 43 105 62 34 6 34 5 21 73 30 87 53 13 62 88 87 9 52 62 43 6 52 34 34 62 30 88 85 62 62 0 56 13 43 13 28 52 76 88 30 53 53 26 28 5 34 5 6 122 30 34 9 67 28 34 67 94 5 9 6 26 87 85 34 43 56 62 26 5
40 19 48 41 48 59 58 19 28 83 49 47 47 40 68 58 47 138 19 47 63 28 48 40 83 28 138 28 101 96 101 63 19 47 19 58 48 126 28 83 0 40 63 112 83 49 80 63 28 47 80 19 19 63 28 112 138 9 63 53 88 40 96 40 44 80 116 112 28 0 0 27 44 58 19 58 59 126 28 19 49 120 44 19 68 147 58 49 47 27 83 138 19 96 88 9 79 58
43 47 51 69 51 36 35 47 0 111 21 36 36 43 96 35 36 115 47 36 55 56 51 43 111 56 115 0 129 73 129 55 47 36 47 35 51 103 0 111 28 43 55 118 111 21 82 55 56 36 82 47 47 55 0 118 115 37 55 30 86 43 73 43 58 82 88 118 0 28 28 55 58 35 47 35 36 152 0 47 21 97 58 47 96 124 35 21 36 55 111 115 47 73 86 37 56 35
13 8 21 14 21 32 31 8 55 72 35 20 20 13 41 31 20 111 8 20 36 17 21 13 72 17 111 55 90 69 90 36 8 20 8 31 21 99 55 72 27 13 36 101 72 35 69 36 17 20 69 8 8 36 55 101 111 36 36 26 61 13 69 13 33 69 102 101 55 27 27 0 33 31 8 31 32 115 55 8 35 93 33 8 41 120 31 35 20 0 72 111 8 69 61 36 52 31
22 43 30 49 30 15 14 43 21 96 0 15 15 22 76 14 15 94 43 15 71 52 30 22 96 52 94 21 114 52 114 71 43 15 43 14 30 82 21 96 49 22 71 97 96 0 61 71 52 15 61 43 43 71 21 97 94 58 71 9 65 22 52 22 37 61 67 97 21 49 49 35 37 14 43 14 15 131 21 43 0 76 37 43 76 103 14 0 15 35 96 94 43 52 65 58 35 14
65 61 73 66 73 58 47 61 82 125 61 58 58 65 94 47 58 137 61 58 44 52 73 65 125 52 137 82 143 95 143 44 61 58 61 47 73 125 82 125 80 65 44 104 125 61 0 44 52 58 0 61 61 44 82 104 137 89 44 52 108 65 95 65 36 0 128 104 82 80 80 69 36 47 61 47 58 168 82 61 61 119 36 61 94 146 47 61 58 69 125 137 61 95 108 89 78 47
13 34 21 40 21 6 5 34 30 87 9 6 6 13 67 5 6 85 34 6 62 43 21 13 87 43 85 30 105 43 105 62 34 6 34 5 21 73 30 87 53 13 62 88 87 9 52 62 43 6 52 34 34 62 30 88 85 62 62 0 56 13 43 13 28 52 76 88 30 53 53 26 28 5 34 5 6 122 30 34 9 67 28 34 67 94 5 9 6 26 87 85 34 43 56 62 26 5
7 28 15 34 15 12 11 28 36 81 15 0 0 7 61 11 0 91 28 0 56 37 15 7 81 37 91 36 99 49 99 56 28 0 28 11 15 79 36 81 47 7 56 82 81 15 58 56 37 0 58 28 28 56 36 82 91 56 56 6 55 7 49 7 22 58 82 82 36 47 47 20 22 11 28 11 12 116 36 28 15 73 22 28 61 100 11 15 0 20 81 91 28 49 55 56 32 11
74 64 82 86 82 93 92 64 111 0 96 81 81 74 113 92 81 172 64 81 108 73 82 74 0 73 172 111 18 114 18 108 64 81 64 92 82 160 111 0 83 74 108 157 0 96 125 108 73 81 125 64 64 108 111 157 172 92 108 87 105 74 114 74 89 125 163 157 111 83 83 72 89 92 64 92 93 43 111 64 96 138 89 64 113 181 92 96 81 72 0 172 64 114 105 92 75 92
54 49 62 55 62 73 72 49 96 113 76 61 61 54 0 72 61 152 49 61 77 58 62 54 113 58 152 96 130 110 130 77 49 61 49 72 62 140 96 113 68 54 77 142 113 76 94 77 58 61 94 49 49 77 96 142 152 77 77 67 102 54 110 54 74 94 143 142 96 68 68 41 74 72 49 72 73 156 96 49 76 134 74 49 0 161 72 76 61 41 113 152 49 110 102 77 93 72
40 19 48 41 48 59 58 19 28 83 49 47 47 40 68 58 47 138 19 47 63 28 48 40 83 28 138 28 101 96 101 63 19 47 19 58 48 126 28 83 0 40 63 112 83 49 80 63 28 47 80 19 19 63 28 112 138 9 63 53 88 40 96 40 44 80 116 112 28 0 0 27 44 58 19 58 59 126 28 19 49 120 44 19 68 147 58 49 47 27 83 138 19 96 88 9 79 58
13 34 21 40 21 6 5 34 30 87 9 6 6 13 67 5 6 85 34 6 62 43 21 13 87 43 85 30 105 43 105 62 34 6 34 5 21 73 30 87 53 13 62 88 87 9 52 62 43 6 52 34 34 62 30 88 85 62 62 0 56 13 43 13 28 52 76 88 30 53 53 26 28 5 34 5 6 122 30 34 9 67 28 34 67 94 5 9 6 26 87 85 34 43 56 62 26 5
18 39 26 45 26 11 0 39 35 92 14 11 11 18 72 0 11 90 39 11 67 48 26 18 92 48 90 35 110 48 110 67 39 11 39 0 26 78 35 92 58 18 67 93 92 14 47 67 48 11 47 39 39 67 35 93 90 67 67 5 61 18 48 18 33 47 81 93 35 58 58 31 33 0 39 0 11 127 35 39 14 72 33 39 72 99 0 14 11 31 92 90 39 48 61 67 31 0
98 119 106 125 106 91 90 119 115 172 94 91 91 98 152 90 91 0 119 91 147 128 106 98 172 128 0 115 190 128 190 147 119 91 119 90 106 158 115 172 138 98 147 173 172 94 137 147 128 91 137 119 119 147 115 173 0 147 147 85 141 98 128 98 113 137 161 173 115 138 138 111 113 90 119 90 91 207 115 119 94 152 113 119 152 179 90 94 91 111 172 0 119 128 141 147 111 90
8 29 0 35 0 27 26 29 51 82 30 15 15 8 62 26 15 106 29 15 57 38 0 8 82 38 106 51 100 64 100 57 29 15 29 26 0 94 51 82 48 8 57 97 82 30 73 57 38 15 73 29 29 57 51 97 106 57 57 21 40 8 64 8 37 73 97 97 51 48 48 21 37 26 29 26 27 101 51 29 30 88 37 29 62 115 26 30 15 21 82 106 29 64 40 57 47 26
74 64 82 86 82 93 92 64 111 0 96 81 81 74 113 92 81 172 64 81 108 73 82 74 0 73 172 111 18 114 18 108 64 81 64 92 82 160 111 0 83 74 108 157 0 96 125 108 73 81 125 64 64 108 111 157 172 92 108 87 105 74 114 74 89 125 163 157 111 83 83 72 89 92 64 92 93 43 111 64 96 138 89 64 113 181 92 96 81 72 0 172 64 114 105 92 75 92
109 107 101 129 101 128 127 107 152 43 131 116 116 109 156 127 116 207 107 116 151 116 101 109 43 116 207 152 61 157 61 151 107 116 107 127 101 195 152 43 126 109 151 198 43 131 168 151 116 116 168 107 107 151 152 198 207 135 151 122 141 109 157 109 132 168 198 198 152 126 126 115 132 127 107 127 128 0 152 107 131 181 132 107 156 216 127 131 116 115 43 207 107 157 141 135 118 127
43 47 51 69 51 36 35 47 0 111 21 36 36 43 96 35 36 115 47 36 55 56 51 43 111 56 115 0 129 73 129 55 47 36 47 35 51 103 0 111 28 43 55 118 111 21 82 55 56 36 82 47 47 55 0 118 115 37 55 30 86 43 73 43 58 82 88 118 0 28 28 55 58 35 47 35 36 152 0 47 21 97 58 47 96 124 35 21 36 55 111 115 47 73 86 37 56 35
48 69 40 75 40 62 61 69 86 105 65 55 55 48 102 61 55 141 69 55 97 78 40 48 105 78 141 86 123 99 123 97 69 55 69 61 40 129 86 105 88 48 97 137 105 65 108 97 78 55 108 69 69 97 86 137 141 97 97 56 0 48 99 48 77 108 132 137 86 88 88 61 77 61 69 61 62 141 86 69 65 123 77 69 102 150 61 65 55 61 105 141 69 99 0 97 30 61
49 44 57 22 57 68 67 44 55 108 71 56 56 49 77 67 56 147 44 56 0 53 57 49 108 53 147 55 126 105 126 0 44 56 44 67 57 135 55 108 63 49 0 137 108 71 44 0 53 56 44 44 44 0 55 137 147 72 0 62 97 49 105 49 69 44 138 137 55 63 63 36 69 67 44 67 68 151 55 44 71 129 69 44 77 156 67 71 56 36 108 147 44 105 97 72 88 67
56 77 64 83 64 49 48 77 73 114 52 49 49 56 110 48 49 128 77 49 105 86 64 56 114 86 128 73 132 0 132 105 77 49 77 48 64 116 73 114 96 56 105 131 114 52 95 105 86 49 95 77 77 105 73 131 128 105 105 43 99 56 0 56 71 95 80 131 73 96 96 69 71 48 77 48 49 157 73 77 52 24 71 77 110 137 48 52 49 69 114 128 77 0 99 105 69 48
27 22 35 0 35 46 45 22 69 86 49 34 34 27 55 45 34 125 22 34 22 31 35 27 86 31 125 69 104 83 104 22 22 34 22 45 35 113 69 86 41 27 22 115 86 49 66 22 31 34 66 22 22 22 69 115 125 50 22 40 75 27 83 27 47 66 116 115 69 41 41 14 47 45 22 45 46 129 69 22 49 107 47 22 55 134 45 49 34 14 86 125 22 83 75 50 66 45
65 61 73 66 73 58 47 61 82 125 61 58 58 65 94 47 58 137 61 58 44 52 73 65 125 52 137 82 143 95 143 44 61 58 61 47 73 125 82 125 80 65 44 104 125 61 0 44 52 58 0 61 61 44 82 104 137 89 44 52 108 65 95 65 36 0 128 104 82 80 80 69 36 47 61 47 58 168 82 61 61 119 36 61 94 146 47 61 58 69 125 137 61 95 108 89 78 47
56 77 64 83 64 49 48 77 73 114 52 49 49 56 110 48 49 128 77 49 105 86 64 56 114 86 128 73 132 0 132 105 77 49 77 48 64 116 73 114 96 56 105 131 114 52 95 105 86 49 95 77 77 105 73 131 128 105 105 43 99 56 0 56 71 95 80 131 73 96 96 69 71 48 77 48 49 157 73 77 52 24 71 77 110 137 48 52 49 69 114 128 77 0 99 105 69 48
80 101 88 107 88 73 72 101 97 138 76 73 73 80 134 72 73 152 101 73 129 110 88 80 138 110 152 97 156 24 156 129 101 73 101 72 88 140 97 138 120 80 129 155 138 76 119 129 110 73 119 101 101 129 97 155 152 123 129 67 123 80 24 80 95 119 56 155 97 120 120 93 95 72 101 72 73 181 97 101 76 0 95 101 134 161 72 76 73 93 138 152 101 24 123 123 93 72
115 119 123 141 123 120 119 119 144 183 123 108 108 115 168 119 108 199 119 108 163 110 123 115 183 110 199 144 201 157 201 163 119 108 119 119 123 187 144 183 138 115 163 26 183 123 130 163 110 108 130 119 119 163 144 26 199 147 163 114 163 115 157 115 94 130 190 26 144 138 138 127 94 119 119 119 120 224 144 119 123 181 94 119 168 208 119 123 108 127 183 199 119 157 163 147 140 119
21 0 29 22 29 40 39 0 47 64 43 28 28 21 49 39 28 119 0 28 44 9 29 21 64 9 119 47 82 77 82 44 0 28 0 39 29 107 47 64 19 21 44 93 64 43 61 44 9 28 61 0 0 44 47 93 119 28 44 34 69 21 77 21 25 61 110 93 47 19 19 8 25 39 0 39 40 107 47 0 43 101 25 0 49 128 39 43 28 8 64 119 0 77 69 28 60 39
0 21 8 27 8 19 18 21 43 74 22 7 7 0 54 18 7 98 21 7 49 30 8 0 74 30 98 43 92 56 92 49 21 7 21 18 8 86 43 74 40 0 49 89 74 22 65 49 30 7 65 21 21 49 43 89 98 49 49 13 48 0 56 0 29 65 89 89 43 40 40 13 29 18 21 18 19 109 43 21 22 80 29 21 54 107 18 22 7 13 74 98 21 56 48 49 39 18
107 128 115 134 115 100 99 128 124 181 103 100 100 107 161 99 100 179 128 100 156 137 115 107 181 137 179 124 199 137 199 156 128 100 128 99 115 167 124 181 147 107 156 182 181 103 146 156 137 100 146 128 128 156 124 182 179 156 156 94 150 107 137 107 122 146 170 182 124 147 147 120 122 99 128 99 100 216 124 128 103 161 122 128 161 0 99 103 100 120 181 179 128 137 150 156 120 99
13 34 21 40 21 6 5 34 30 87 9 6 6 13 67 5 6 85 34 6 62 43 21 13 87 43 85 30 105 43 105 62 34 6 34 5 21 73 30 87 53 13 62 88 87 9 52 62 43 6 52 34 34 62 30 88 85 62 62 0 56 13 43 13 28 52 76 88 30 53 53 26 28 5 34 5 6 122 30 34 9 67 28 34 67 94 5 9 6 26 87 85 34 43 56 62 26 5
92 82 100 104 100 111 110 82 129 18 114 99 99 92 130 110 99 190 82 99 126 91 100 92 18 91 190 129 0 132 0 126 82 99 82 110 100 178 129 18 101 92 126 175 18 114 143 126 91 99 143 82 82 126 129 175 190 110 126 105 123 92 132 92 107 143 181 175 129 101 101 90 107 110 82 110 111 61 129 82 114 156 107 82 130 199 110 114 99 90 18 190 82 132 123 110 93 110
65 61 73 66 73 58 47 61 82 125 61 58 58 65 94 47 58 137 61 58 44 52 73 65 125 52 137 82 143 95 143 44 61 58 61 47 73 125 82 125 80 65 44 104 125 61 0 44 52 58 0 61 61 44 82 104 137 89 44 52 108 65 95 65 36 0 128 104 82 80 80 69 36 47 61 47 58 168 82 61 61 119 36 61 94 146 47 61 58 69 125 137 61 95 108 89 78 47
