92 99 82
156 185 176 76 45 75 268 64 105 146 353 179 192 321 534 178 199 316 223 147 319 13 180 131 410 156 268 138 154 385 197 19 198 322 198 154 113 94 179 106 69 206 15 196 130 142 151 0 71 192 434 208 143 219 165 119 138 107 116 128 118 179 378 312 70 219 163 239 199 163 220 13 134 82 66 202 222 170 383 143 165 172 52 64 131 93 261 66 190 138 147 162 228 131 119 72 129 105 117
201 275 197 180 191 195 253 210 133 0 380 194 295 284 608 252 157 274 343 199 273 133 300 221 455 201 253 258 260 307 244 139 318 404 318 112 233 240 194 252 215 227 135 312 154 288 201 146 191 298 436 328 101 264 208 227 220 131 222 18 222 194 336 336 76 322 121 359 252 192 240 133 260 174 186 245 301 128 404 101 19 278 198 210 242 185 353 172 233 258 293 168 318 242 225 218 207 211 243
216 225 248 174 183 183 155 202 217 258 412 251 280 424 588 232 307 424 331 255 306 125 42 269 470 216 155 0 236 493 221 131 296 289 296 262 201 232 251 157 207 278 123 299 242 193 286 138 159 249 572 70 251 279 237 227 246 219 176 240 216 251 486 339 182 307 271 327 308 298 260 125 254 180 164 274 156 278 455 251 277 120 177 115 229 191 359 204 262 0 226 274 268 229 173 157 267 187 255
152 43 289 217 273 204 304 286 224 318 348 292 332 391 517 168 263 381 220 132 387 241 226 325 406 152 304 268 172 380 263 247 359 363 359 219 274 252 292 334 297 319 243 314 199 370 305 228 232 210 530 298 217 215 278 160 179 222 112 335 259 292 452 381 277 359 228 400 185 317 78 241 222 211 227 315 212 244 408 217 299 162 280 292 244 222 390 162 283 268 375 341 0 244 109 300 314 123 205
273 248 188 193 141 192 362 181 220 243 443 185 264 407 599 263 168 397 337 264 415 130 297 248 527 273 362 255 271 499 135 136 315 439 315 235 185 211 185 223 165 218 132 303 245 236 229 117 188 309 551 325 224 336 199 236 255 222 233 245 159 185 424 427 187 291 244 356 295 241 283 130 17 199 183 236 286 251 395 224 262 236 134 181 233 210 378 183 224 255 229 265 205 233 236 114 225 222 0
70 179 240 157 81 156 302 171 2 131 287 243 273 397 528 172 267 383 304 215 299 94 244 203 324 70 302 219 170 438 267 100 279 390 279 235 194 170 243 213 105 270 96 272 23 190 183 107 152 208 528 289 224 133 246 187 206 0 110 113 199 243 459 205 55 300 244 320 235 171 214 94 205 163 147 283 216 251 447 224 150 166 88 171 212 174 342 160 271 219 183 147 222 212 113 108 165 121 222
151 230 221 121 0 120 235 109 79 191 368 224 237 351 579 223 244 341 268 192 274 58 225 176 405 151 235 183 199 430 242 64 243 367 243 179 158 139 224 151 24 251 60 241 104 109 196 45 116 237 479 253 188 214 210 164 183 81 161 173 163 224 423 286 115 264 188 284 154 208 265 58 124 127 111 247 267 215 428 188 210 217 7 109 176 138 306 111 235 183 102 207 273 176 164 27 84 150 141
146 169 110 211 267 227 241 267 218 301 342 107 253 350 518 162 256 333 259 211 381 235 128 211 400 146 241 156 166 421 151 241 338 386 338 189 267 204 107 313 291 140 237 225 193 349 191 222 225 204 513 86 200 209 121 183 202 216 106 319 253 107 435 375 271 274 180 393 254 179 204 235 303 205 220 158 0 227 317 200 282 50 274 271 155 216 384 156 146 156 369 203 212 155 103 294 284 117 286
202 271 115 145 241 246 341 260 274 312 345 118 261 125 526 165 260 344 242 182 439 188 257 216 456 202 341 299 240 404 168 194 267 413 267 200 182 102 118 302 265 145 186 0 249 338 196 196 140 278 524 311 211 265 104 210 229 272 227 303 187 118 446 431 245 279 191 290 235 184 306 188 320 151 135 141 225 238 322 211 293 269 248 260 70 162 330 262 129 299 343 208 314 70 224 268 295 238 303
262 291 282 182 151 181 246 170 211 252 459 285 298 427 640 284 305 422 282 253 397 119 199 237 516 262 246 157 260 444 303 125 304 428 304 260 219 200 285 0 175 312 121 302 236 120 257 106 177 298 540 227 249 325 271 225 244 213 222 234 224 285 484 418 176 325 269 345 305 269 326 119 240 188 172 308 313 276 455 249 271 277 158 42 237 199 367 172 296 157 253 268 334 237 225 178 235 211 223
160 189 115 15 116 116 230 135 150 191 292 118 121 265 526 182 163 344 242 182 309 58 117 147 414 160 230 159 180 404 136 64 137 363 137 195 42 165 118 177 140 145 56 140 175 213 127 71 0 218 505 229 184 223 104 160 179 152 120 173 57 118 349 348 115 148 191 168 235 139 224 58 205 21 5 141 225 211 322 184 176 176 123 135 70 32 200 137 129 159 218 163 232 70 123 143 200 131 188
315 344 377 314 274 394 151 383 297 273 517 374 419 464 693 337 359 454 521 379 0 332 264 446 189 315 151 306 283 557 424 338 436 555 436 292 351 413 374 397 250 407 334 439 322 277 426 319 309 245 616 351 303 345 388 352 371 299 275 291 356 374 538 335 349 392 301 477 380 438 379 332 398 320 304 425 381 330 584 303 254 331 281 355 369 331 499 325 394 306 376 441 387 369 278 301 358 286 415
211 240 36 134 235 233 243 193 269 233 411 39 185 254 447 233 188 265 163 161 394 177 220 137 465 211 243 262 111 325 89 183 256 392 256 121 171 231 39 296 238 66 175 129 258 329 117 190 129 149 445 232 132 274 25 189 208 271 171 251 176 39 324 412 221 193 112 297 108 105 271 177 241 140 124 62 146 159 243 132 214 190 242 254 59 151 319 199 0 262 337 129 283 59 174 262 216 160 224
253 332 323 223 102 222 323 211 181 293 470 326 339 453 496 325 346 443 370 294 376 160 268 278 374 253 323 226 301 532 344 166 345 469 345 281 260 241 326 253 126 353 162 343 206 197 298 147 218 339 581 296 290 191 312 266 285 183 263 275 265 326 525 388 217 366 290 386 256 310 367 160 212 229 213 349 369 317 530 290 312 319 95 211 278 240 389 213 337 226 0 309 375 278 266 115 186 252 229
96 119 154 161 217 177 191 236 168 278 292 151 276 386 468 112 207 377 296 161 331 185 78 255 350 96 191 120 116 390 101 191 303 336 303 233 218 196 151 277 241 184 187 269 143 313 235 172 176 154 474 136 244 159 165 133 152 166 56 279 203 151 452 325 221 303 224 344 214 223 154 185 253 155 171 202 50 244 361 244 259 0 224 235 199 166 334 106 190 120 319 247 162 199 53 244 301 67 236
150 179 137 17 138 138 262 157 172 185 260 140 132 287 528 172 165 366 264 204 331 80 149 149 404 150 262 191 170 426 126 86 159 385 159 217 74 187 140 199 162 167 78 162 197 235 129 93 32 208 527 261 206 213 126 182 201 174 110 195 59 140 381 359 137 159 213 200 249 141 214 80 227 11 27 163 216 233 344 206 166 166 145 157 92 0 168 159 151 191 240 165 222 92 113 165 222 121 210
51 80 196 116 150 110 181 169 123 211 253 199 231 319 429 73 168 343 257 94 286 118 145 236 305 51 181 187 49 323 168 124 258 269 258 181 173 151 199 211 174 226 120 238 98 247 228 105 131 87 407 203 192 114 185 66 85 121 11 229 158 199 385 280 175 258 190 299 147 240 115 118 239 110 126 222 117 177 370 192 192 67 157 169 191 121 289 39 160 187 252 264 123 191 14 177 234 0 222
138 167 185 203 237 197 94 256 210 298 340 188 318 403 516 160 255 397 312 181 245 205 207 286 392 138 94 249 38 312 238 211 345 356 345 235 260 238 188 298 261 215 207 278 185 220 266 192 218 0 494 290 246 201 174 153 172 208 98 316 245 188 472 278 262 335 244 386 234 254 202 205 326 197 213 211 204 264 359 246 279 154 244 256 208 208 376 126 149 249 339 278 210 208 101 264 321 87 309
241 185 76 196 188 168 150 227 242 121 351 73 219 181 487 171 76 153 225 96 301 150 263 177 490 241 150 271 223 295 123 156 309 323 309 9 233 257 73 269 212 106 148 191 267 276 157 163 191 244 333 266 20 304 87 124 139 244 201 139 182 73 255 334 197 240 0 359 149 145 159 150 227 202 186 124 180 47 283 20 102 224 195 227 121 213 381 229 112 271 290 169 228 121 204 215 104 190 244
63 172 301 208 214 224 194 283 135 264 280 298 323 390 521 165 260 457 349 208 345 227 237 336 317 63 194 279 163 437 260 233 339 383 339 295 265 163 298 325 238 331 229 265 110 320 316 219 223 201 521 295 300 0 299 180 199 133 103 246 250 298 499 251 188 350 304 391 261 304 207 227 338 202 218 336 209 291 484 300 283 159 221 283 283 213 381 153 274 279 191 280 215 283 106 241 298 114 336
187 216 151 42 163 163 287 182 197 222 319 154 169 312 562 201 106 335 289 229 356 105 174 90 441 187 287 216 207 451 163 111 184 354 184 173 99 212 154 224 187 181 103 187 222 260 70 118 57 245 497 286 162 250 151 207 226 199 147 220 0 154 397 396 162 196 182 225 190 82 251 105 176 48 52 188 253 189 358 162 203 203 170 182 117 59 227 184 176 216 265 106 259 117 150 190 247 158 159
421 365 207 327 428 336 433 364 449 404 604 210 356 447 550 443 359 436 188 364 584 370 413 308 675 421 433 455 321 350 260 376 380 572 380 292 364 424 210 455 452 177 368 322 468 335 288 383 322 359 616 403 303 484 218 380 399 447 381 422 358 210 538 583 392 371 283 385 351 276 330 370 412 333 317 255 317 330 0 303 385 361 435 413 252 344 512 409 243 455 530 300 408 252 384 455 387 370 395
220 249 240 140 109 139 204 128 169 210 417 243 256 385 598 242 263 380 240 211 355 77 157 195 474 220 204 115 218 402 261 83 262 386 262 218 177 158 243 42 133 270 79 260 194 78 215 64 135 256 498 185 207 283 229 183 202 171 180 192 182 243 442 376 134 283 227 303 263 227 284 77 198 146 130 266 271 234 413 207 229 235 116 0 195 157 325 130 254 115 211 226 292 195 183 136 193 169 181
275 265 205 210 124 209 345 198 203 260 426 202 281 390 616 246 151 380 354 281 398 147 296 265 529 275 345 254 288 516 152 153 332 456 332 218 202 228 202 240 148 235 149 320 228 219 246 134 205 326 542 324 207 338 216 253 272 205 250 262 176 202 441 410 204 308 227 373 278 258 300 147 0 216 200 253 303 234 412 207 279 253 117 198 250 227 395 200 241 254 212 282 222 250 253 97 208 239 17
174 183 206 132 225 225 113 244 246 300 370 209 238 382 546 190 280 416 333 239 264 167 0 264 428 174 113 42 194 468 179 173 254 331 254 254 159 274 209 199 249 236 165 257 221 235 244 180 117 207 552 112 265 237 195 211 230 244 134 282 174 209 466 297 224 265 263 285 292 256 218 167 296 138 122 232 128 292 413 265 293 78 219 157 187 149 317 184 220 42 268 280 226 187 131 199 309 145 297
161 270 306 241 218 240 393 255 139 197 378 309 357 458 619 263 331 448 388 282 436 178 335 269 415 161 393 303 261 504 358 184 363 419 363 286 278 243 309 297 242 336 180 345 114 327 249 191 236 299 610 373 275 224 317 254 235 137 201 179 283 309 510 296 121 384 295 404 335 237 305 178 325 247 231 354 307 302 513 275 216 257 225 255 296 258 426 251 342 303 320 213 313 296 204 245 302 212 308
243 174 96 189 188 170 152 207 222 101 331 93 239 183 507 151 56 173 245 98 303 130 265 197 492 243 152 251 241 315 143 136 311 303 311 11 226 237 93 249 212 126 128 211 247 278 177 143 184 246 335 286 0 300 107 126 119 224 203 119 162 93 235 336 177 260 20 352 151 165 139 130 207 195 179 144 200 27 303 0 82 244 195 207 141 206 362 209 132 251 290 189 217 141 206 215 106 192 224
198 142 144 232 154 125 281 207 233 252 335 147 250 312 555 220 207 302 271 53 380 187 292 140 452 198 281 308 196 433 197 193 362 284 362 140 277 293 147 305 130 174 185 235 245 263 120 199 235 234 464 340 151 261 133 81 100 235 158 270 190 147 386 427 244 277 149 378 0 132 177 187 278 238 230 170 254 178 351 151 233 214 161 263 165 249 417 186 108 308 256 156 185 165 161 181 235 147 295
136 136 204 184 183 63 266 145 208 220 273 207 300 302 514 158 175 292 211 47 371 125 230 240 390 136 266 246 134 373 253 131 306 184 306 130 221 232 207 244 207 234 123 229 183 280 220 138 179 172 454 288 119 199 193 19 0 206 96 238 226 207 300 365 182 298 139 316 100 232 171 125 272 190 174 230 202 92 399 119 201 152 190 202 159 201 369 124 208 246 285 256 179 159 99 210 225 85 255
197 220 152 148 244 226 208 229 269 157 275 149 275 239 563 95 0 229 301 154 359 186 280 196 451 197 208 307 217 371 199 192 290 359 290 67 205 293 149 305 268 182 184 260 244 334 176 199 163 255 391 342 56 260 163 182 175 267 157 175 106 149 291 392 233 302 76 331 207 188 195 186 151 154 158 200 256 83 359 56 138 207 251 263 197 165 333 207 188 307 346 212 263 197 154 248 162 168 168
175 254 245 145 24 144 259 133 103 215 392 248 261 375 603 247 268 365 292 183 250 82 249 200 429 175 259 207 223 454 266 88 267 391 267 203 182 163 248 175 0 275 84 265 128 133 220 69 140 261 503 277 212 238 234 188 207 105 185 197 187 248 447 310 139 288 212 308 130 232 289 82 148 151 135 271 291 239 452 212 234 241 31 133 200 162 330 135 238 207 126 231 297 200 188 51 108 174 165
253 262 81 112 196 226 307 215 185 201 389 84 230 321 492 271 176 272 230 173 426 164 244 20 507 253 307 286 228 392 134 170 254 284 254 166 169 245 84 257 220 111 166 196 206 293 0 151 127 266 490 277 177 316 92 201 220 183 217 186 70 84 412 388 128 245 157 295 120 12 297 164 246 118 122 129 191 204 288 177 182 235 203 215 126 129 297 217 117 286 298 36 305 126 220 223 261 228 229
394 338 229 349 341 321 303 380 385 274 504 226 372 334 640 324 229 0 378 249 454 303 416 292 643 394 303 424 376 448 276 309 462 476 462 162 386 410 226 422 365 259 301 344 406 429 272 316 344 397 486 419 173 457 240 277 292 383 354 292 335 226 408 487 328 393 153 512 302 260 312 303 380 355 339 277 333 200 436 173 255 377 348 380 274 366 534 382 265 424 443 236 381 274 357 368 257 343 397
100 209 217 170 139 169 332 158 172 240 317 220 286 227 558 202 293 410 317 241 413 107 274 225 354 100 332 232 200 474 270 113 176 416 176 248 207 0 220 200 163 247 109 102 147 236 245 94 165 238 528 290 237 163 206 213 232 170 140 222 212 220 472 329 164 313 257 333 293 257 244 107 228 176 160 243 204 264 424 237 259 196 146 158 172 187 355 160 231 232 241 256 252 172 143 166 223 151 211
90 119 235 142 111 141 220 130 162 172 292 238 258 358 468 112 207 382 289 133 325 79 184 197 344 90 220 204 88 352 207 85 264 308 264 220 179 160 238 172 135 265 81 262 137 208 217 66 137 126 368 242 209 153 224 105 124 160 50 190 184 238 424 319 136 285 229 305 186 229 154 79 200 148 132 261 156 216 409 209 153 106 118 130 197 159 327 0 199 204 213 228 162 197 53 138 195 39 183
229 338 376 354 286 361 184 376 207 336 446 373 227 497 687 331 392 487 497 374 335 299 297 408 483 229 184 339 316 590 423 305 484 549 484 325 306 329 373 418 310 406 301 431 182 310 388 312 348 278 649 409 336 251 387 346 365 205 269 318 396 373 571 0 260 254 334 516 427 376 373 299 410 348 352 396 375 363 583 336 355 325 293 376 417 359 527 319 412 339 388 352 381 417 272 313 370 280 427
47 156 263 180 104 179 279 194 25 154 264 266 296 374 505 149 244 406 327 192 322 117 221 226 301 47 279 242 147 421 244 123 302 367 302 258 217 147 266 236 128 293 119 249 0 213 206 130 175 185 505 279 247 110 269 164 183 23 87 136 222 266 482 182 78 323 267 343 245 194 191 117 228 186 170 306 193 274 468 247 173 143 111 194 235 197 365 137 258 242 206 170 199 235 90 131 188 98 245
102 125 247 167 223 183 254 242 174 252 180 244 282 290 474 0 95 324 302 167 337 191 190 291 356 102 254 232 122 396 213 197 309 342 309 162 224 202 244 284 247 277 193 165 149 320 271 178 182 160 480 248 151 165 258 139 158 172 62 270 201 244 386 331 227 309 171 350 220 283 160 191 246 161 177 295 162 178 443 151 233 112 230 242 235 172 340 112 233 232 325 307 168 235 59 250 257 73 263
273 272 48 146 247 247 274 205 281 245 423 51 197 266 459 295 200 277 101 183 425 189 232 149 527 273 274 274 173 263 101 195 268 413 268 133 183 243 51 308 271 78 187 141 306 341 129 202 141 211 457 244 144 336 37 211 230 283 233 263 188 51 379 396 233 212 124 298 170 117 243 189 253 152 136 0 158 171 255 144 226 202 254 266 71 163 331 261 62 274 349 141 315 71 236 274 228 222 236
145 89 157 187 192 72 228 154 217 199 282 160 303 259 523 167 154 249 220 0 379 134 239 193 399 145 228 255 143 382 210 140 309 231 309 87 224 241 160 253 183 187 132 182 192 289 173 147 182 181 411 297 98 208 146 28 47 215 105 217 229 160 333 374 191 307 96 325 53 185 124 134 281 193 177 183 211 125 364 98 180 161 199 211 112 204 372 133 161 255 294 209 132 112 108 219 182 94 264
236 235 11 109 210 210 237 168 244 208 386 14 160 229 422 258 163 240 138 146 388 152 195 112 490 236 237 237 136 300 64 158 231 376 231 96 146 206 14 271 234 41 150 104 269 304 92 165 104 174 420 207 107 299 0 174 193 246 196 226 151 14 342 387 196 175 87 272 133 80 246 152 216 115 99 37 121 134 218 107 189 165 217 229 34 126 294 224 25 237 312 104 278 34 199 237 191 185 199
151 230 221 121 0 120 235 109 79 191 368 224 237 351 579 223 244 341 268 192 274 58 225 176 405 151 235 183 199 430 242 64 243 367 243 179 158 139 224 151 24 251 60 241 104 109 196 45 116 237 479 253 188 214 210 164 183 81 161 173 163 224 423 286 115 264 188 284 154 208 265 58 124 127 111 247 267 215 428 188 210 217 7 109 176 138 306 111 235 183 102 207 273 176 164 27 84 150 141
235 249 3 123 224 224 223 160 245 194 400 0 146 243 414 244 149 226 152 160 374 166 209 104 489 235 223 251 150 314 50 172 236 368 236 82 160 220 0 285 248 33 164 118 266 290 84 179 118 188 406 193 93 298 14 188 207 243 195 212 154 0 328 373 188 167 73 286 147 72 232 166 202 129 113 51 107 120 210 93 175 151 231 243 48 140 308 238 39 251 326 96 292 48 192 251 177 199 185
183 292 215 178 173 177 271 192 115 18 362 212 294 302 626 270 175 292 325 217 291 115 282 206 437 183 271 240 278 325 262 121 300 422 300 130 215 222 212 234 197 245 117 303 136 270 186 128 173 316 454 310 119 246 226 221 238 113 223 0 220 212 354 318 58 321 139 341 270 174 258 115 262 184 168 263 319 146 422 119 37 279 180 192 233 195 363 190 251 240 275 150 335 233 226 200 225 229 245
144 35 235 209 265 196 291 278 216 240 340 232 324 322 504 160 195 312 142 124 379 233 218 317 398 144 291 260 164 304 255 239 351 355 351 150 266 244 232 326 289 265 235 306 191 362 297 220 224 202 474 290 139 207 246 152 171 214 104 258 251 232 374 373 269 351 159 339 177 304 0 233 300 203 219 243 204 166 330 139 221 154 272 284 236 214 382 154 271 260 367 328 78 236 101 292 245 115 283
328 357 283 183 284 284 398 303 318 359 460 286 289 415 559 350 331 512 197 325 477 226 285 315 582 328 398 327 348 359 304 232 305 500 305 363 210 333 286 345 308 313 224 290 343 381 295 239 168 386 673 397 352 391 272 297 316 320 288 341 225 286 517 516 283 316 359 0 378 307 339 226 373 189 173 298 393 379 385 352 344 344 291 303 238 200 368 305 297 327 386 331 400 238 291 311 368 299 356
232 176 85 200 179 159 141 218 233 112 342 82 228 172 496 162 67 162 234 87 292 141 254 186 481 232 141 262 230 304 132 147 318 314 318 0 237 248 82 260 203 115 139 200 258 267 166 154 195 235 324 275 11 295 96 115 130 235 192 130 173 82 246 325 188 249 9 363 140 154 150 141 218 206 190 133 189 38 292 11 93 233 186 218 130 217 373 220 121 262 281 178 219 130 195 206 95 181 235
217 305 397 277 368 298 434 380 289 380 0 400 392 470 654 180 275 504 446 282 517 340 370 409 471 217 434 412 302 576 386 346 419 457 419 342 334 317 400 459 392 427 338 345 264 477 389 353 292 340 660 428 331 280 386 254 273 287 242 362 319 400 566 446 342 419 351 460 335 401 340 340 426 271 287 423 342 358 604 331 399 292 375 417 352 260 428 292 411 412 470 425 348 352 239 395 437 253 443
217 298 93 148 207 211 319 226 149 168 425 96 242 333 504 307 212 236 242 209 441 149 280 56 471 217 319 274 240 404 146 155 290 320 290 178 205 256 96 268 231 123 151 208 170 304 36 162 163 278 502 289 189 280 104 237 256 147 253 150 106 96 424 352 92 257 169 331 156 24 328 149 282 154 158 141 203 216 300 189 187 247 214 226 138 165 333 228 129 274 309 0 341 138 256 234 273 264 265
158 237 228 128 7 127 228 116 86 198 375 231 244 358 586 230 251 348 275 199 281 65 219 183 412 158 228 177 206 437 249 71 250 374 250 186 165 146 231 158 31 258 67 248 111 102 203 52 123 244 486 247 195 221 217 171 190 88 168 180 170 231 430 293 122 271 195 291 161 215 272 65 117 134 118 254 274 222 435 195 217 224 0 116 183 145 313 118 242 177 95 214 280 183 171 20 91 157 134
0 109 238 145 151 161 232 220 72 201 217 235 260 327 458 102 197 394 286 145 315 164 174 273 254 0 232 216 100 374 197 170 276 320 276 232 202 100 235 262 175 268 166 202 47 260 253 156 160 138 458 232 243 63 236 117 136 70 40 183 187 235 436 229 125 287 241 328 198 241 144 164 275 139 155 273 146 228 421 243 220 96 158 220 220 150 318 90 211 216 253 217 152 220 43 178 235 51 273
178 257 248 148 27 147 248 136 106 218 395 251 264 378 606 250 248 368 295 219 301 85 199 203 432 178 248 157 226 457 249 91 270 394 270 206 185 166 251 178 51 278 87 268 131 122 223 72 143 264 506 227 215 241 237 191 210 108 188 200 190 251 450 313 142 291 215 311 181 235 292 85 97 154 138 274 294 242 455 215 237 244 20 136 203 165 333 138 262 157 115 234 300 203 191 0 111 177 114
117 117 185 165 164 44 247 126 189 227 254 188 281 287 495 139 182 277 192 28 352 106 211 221 371 117 247 227 115 354 234 112 287 203 287 115 202 213 188 225 188 215 104 210 164 261 201 119 160 153 439 269 126 180 174 0 19 187 77 221 207 188 319 346 163 279 124 297 81 213 152 106 253 171 155 211 183 111 380 126 208 133 171 183 140 182 350 105 189 227 266 237 160 140 80 191 210 66 236
232 255 196 244 253 253 225 272 287 328 428 193 339 436 604 248 342 419 345 297 351 195 112 297 486 232 225 70 252 507 237 201 252 359 252 275 271 290 193 227 277 226 193 311 279 263 277 208 229 290 599 0 286 295 207 269 288 289 192 310 286 193 521 409 252 360 266 397 340 265 290 195 324 250 234 244 86 313 403 286 347 136 247 185 241 261 429 242 232 70 296 289 298 241 189 227 337 203 325
235 271 180 205 84 204 236 193 163 207 437 177 321 267 591 257 162 257 329 182 358 142 309 260 489 235 236 267 283 366 227 148 327 409 327 95 242 223 177 235 108 210 144 295 188 193 261 129 200 321 419 337 106 298 191 210 225 165 245 225 247 177 341 370 199 344 104 368 235 249 245 142 208 211 195 228 284 133 387 106 188 301 91 193 225 222 338 195 216 267 186 273 314 225 248 111 0 234 225
220 243 157 140 109 82 332 0 169 210 380 160 256 385 568 242 229 380 230 154 383 77 244 195 474 220 332 202 218 392 210 83 262 329 262 218 177 158 160 170 133 187 79 260 194 206 215 64 135 256 498 272 207 283 168 126 145 171 180 192 182 160 442 376 134 283 227 303 207 226 278 77 198 146 130 205 267 234 364 207 229 236 116 128 195 157 325 130 193 202 211 226 286 195 183 136 193 169 181
109 0 246 174 230 161 261 243 181 275 305 249 289 348 481 125 220 338 177 89 344 198 183 282 363 109 261 225 129 339 220 204 316 320 316 176 231 209 249 291 254 276 200 271 156 327 262 185 189 167 487 255 174 172 235 117 136 179 69 292 216 249 409 338 234 316 185 357 142 274 35 198 265 168 184 272 169 201 365 174 256 119 237 249 201 179 347 119 240 225 332 298 43 201 66 257 271 80 248
145 174 120 0 121 121 245 140 155 180 277 123 127 270 523 167 148 349 247 187 314 63 132 132 399 145 245 174 165 409 121 69 142 368 142 200 57 170 123 182 145 150 61 145 180 218 112 76 15 203 510 244 189 208 109 165 184 157 105 178 42 123 364 354 120 154 196 183 232 124 209 63 210 6 10 146 211 216 327 189 161 161 128 140 75 17 185 142 134 174 223 148 217 75 108 148 205 116 193
43 66 195 108 164 124 195 183 115 225 239 192 223 333 415 59 154 357 243 108 278 132 131 240 297 43 195 173 63 337 154 138 250 283 250 195 165 143 192 225 188 225 134 224 90 261 220 119 123 101 421 189 206 106 199 80 99 113 3 226 150 192 399 272 168 250 204 291 161 232 101 132 253 102 118 236 103 191 384 206 206 53 171 183 183 113 281 53 174 173 266 256 109 183 0 191 248 14 236
254 363 492 399 405 415 340 474 326 455 471 489 514 581 712 356 451 643 540 399 189 418 428 527 0 254 340 470 354 628 451 424 530 574 530 481 456 354 489 516 429 522 420 456 301 466 507 410 414 392 712 486 492 317 490 371 390 324 294 437 441 489 690 483 379 541 490 582 452 495 398 418 529 393 409 527 400 482 675 492 443 350 412 474 474 404 572 344 465 470 374 471 406 474 297 432 489 305 527
100 129 147 165 199 159 132 218 172 260 302 150 280 365 478 122 217 376 274 143 283 167 194 248 354 100 132 236 0 274 200 173 307 318 307 230 222 200 150 260 223 177 169 240 147 258 228 154 180 38 456 252 241 163 136 115 134 170 60 278 207 150 434 316 224 304 223 348 196 216 164 167 288 159 175 173 166 226 321 241 241 116 206 218 170 170 338 88 111 236 301 240 172 170 63 226 283 49 271
260 289 149 127 237 237 268 256 271 295 392 146 0 386 560 282 275 372 298 303 419 179 238 250 514 260 268 280 280 460 196 185 258 484 258 228 79 286 146 298 261 179 177 261 296 334 230 192 121 318 552 339 239 323 160 281 300 273 220 294 169 146 470 227 236 27 219 289 250 218 324 179 281 121 126 197 253 266 356 239 276 276 244 256 191 132 300 258 185 280 339 242 332 191 223 264 321 231 264
164 198 163 63 58 62 280 77 92 133 340 166 179 313 547 191 186 303 210 134 332 0 167 144 418 164 280 125 167 372 184 6 185 309 185 141 100 107 166 119 82 193 2 188 117 155 164 13 58 205 447 195 130 227 152 106 125 94 129 115 105 166 365 299 57 206 150 226 187 173 233 0 147 69 53 189 235 157 370 130 152 185 65 77 118 80 248 79 177 125 160 149 241 118 132 85 142 118 130
276 316 233 142 243 243 367 262 277 318 419 236 258 392 644 309 290 462 369 309 436 185 254 274 530 276 367 296 307 531 263 191 0 490 0 318 179 176 236 304 267 203 183 267 302 340 254 198 137 345 632 252 311 339 231 287 306 279 247 300 184 236 486 484 242 285 309 305 362 266 351 185 332 148 132 268 338 338 380 311 303 303 250 262 197 159 327 264 256 296 345 290 359 197 250 270 327 258 315
238 246 0 120 221 221 226 157 242 197 397 3 149 240 411 247 152 229 149 157 377 163 206 101 492 238 226 248 147 311 53 169 233 365 233 85 157 217 3 282 245 30 161 115 263 293 81 176 115 185 409 196 96 301 11 185 204 240 198 215 151 3 331 376 185 164 76 283 144 69 235 163 205 126 110 48 110 123 207 96 178 154 228 240 45 137 305 235 36 248 323 93 289 45 195 248 180 196 188
374 339 311 409 430 310 406 392 440 307 576 314 460 476 524 396 371 448 162 382 557 372 468 412 628 374 406 493 274 0 364 378 531 557 531 304 443 474 314 444 454 341 370 404 421 480 392 385 404 312 628 507 315 437 300 354 373 438 334 325 451 314 550 590 383 475 295 359 433 380 304 372 516 415 399 263 421 342 350 315 326 390 437 402 334 426 594 352 325 493 532 404 380 334 337 457 366 323 499
241 274 69 124 208 235 295 226 173 192 401 72 218 309 480 283 188 260 218 185 438 173 256 32 495 241 295 298 216 380 122 179 266 296 266 154 181 257 72 269 232 99 175 184 194 305 12 163 139 254 478 265 165 304 80 213 232 171 229 174 82 72 400 376 116 233 145 307 132 0 304 173 258 130 134 117 179 192 276 165 194 223 215 227 114 141 309 229 105 298 310 24 317 114 232 235 249 240 241
197 220 53 121 242 242 273 210 269 244 386 50 196 293 464 213 199 276 202 210 424 184 179 154 451 197 273 221 200 364 0 190 263 418 263 132 178 270 50 303 266 83 182 168 244 240 134 197 136 238 456 237 143 260 64 234 253 267 157 262 163 50 378 423 238 217 123 304 197 122 255 184 152 115 131 101 151 170 260 143 225 101 249 261 98 126 294 207 89 221 344 146 263 98 154 249 227 168 135
286 177 149 247 268 148 375 230 302 343 446 152 298 367 362 302 301 378 0 220 521 210 333 250 540 286 375 331 274 162 202 216 369 395 369 234 281 317 152 282 292 179 208 242 327 318 230 223 242 312 558 345 245 349 138 192 211 304 246 325 289 152 480 497 267 313 225 197 271 218 142 210 354 253 237 101 259 272 188 245 327 296 275 240 172 264 432 289 163 331 370 242 220 172 243 295 329 257 337
220 201 45 75 176 176 271 195 210 242 352 48 191 195 456 235 197 274 172 112 369 118 187 146 474 220 271 229 170 334 98 124 197 343 197 130 112 172 48 237 200 75 116 70 235 273 126 131 70 208 454 241 141 283 34 140 159 212 180 233 117 48 376 417 175 209 121 238 165 114 236 118 250 81 65 71 155 168 252 141 223 199 183 195 0 92 260 197 59 229 278 138 244 0 183 203 225 191 233
125 234 185 120 115 119 329 134 57 76 342 188 236 360 583 227 233 328 267 191 349 57 224 148 379 125 329 182 224 383 238 63 242 366 242 188 157 164 188 176 139 215 59 245 78 212 128 70 115 262 504 252 177 188 196 163 182 55 165 58 162 188 412 260 0 263 197 283 244 116 269 57 204 126 110 233 271 204 392 177 95 221 122 134 175 137 305 136 221 182 217 92 277 175 168 142 199 175 187
458 487 409 510 479 483 465 498 530 436 660 406 552 496 820 480 391 486 558 411 616 447 552 510 712 458 465 572 456 628 456 453 632 638 632 324 529 528 406 540 503 439 449 524 505 576 490 434 505 494 0 599 335 521 420 439 454 528 418 454 497 406 570 649 504 573 333 673 464 478 474 447 542 516 500 457 513 362 616 335 417 474 486 498 454 527 695 368 445 572 581 502 530 454 421 506 419 407 551
260 327 293 218 109 217 126 206 188 288 477 290 334 439 676 320 334 429 318 289 277 155 235 273 466 260 126 193 258 480 240 161 340 464 340 267 255 236 290 120 133 323 157 338 213 0 293 142 213 220 576 263 278 320 304 261 280 190 258 270 260 290 513 310 212 361 276 381 263 305 362 155 219 224 208 341 349 305 335 278 307 313 102 78 273 235 403 208 329 193 197 304 370 273 261 122 193 247 236
161 161 221 121 120 0 291 82 154 195 298 224 237 331 510 183 226 321 148 72 394 62 225 206 415 161 291 183 159 310 242 68 243 247 243 159 158 169 224 181 144 251 60 246 179 217 226 75 116 197 483 253 170 224 210 44 63 156 121 177 163 224 363 361 119 235 168 284 125 235 196 62 209 127 111 247 227 155 336 170 214 177 127 139 176 138 306 141 233 183 222 211 204 176 124 147 204 110 192
320 320 365 368 367 247 444 329 392 404 457 368 484 486 698 342 359 476 395 231 555 309 331 304 574 320 444 289 318 557 418 315 490 0 490 314 405 416 368 428 391 395 307 413 367 464 284 322 363 356 638 359 303 383 376 203 184 390 280 422 354 368 484 549 366 482 323 500 284 296 355 309 456 374 358 413 386 276 572 303 385 336 374 386 343 385 553 308 392 289 469 320 363 343 283 394 409 269 439
232 261 226 245 235 291 0 332 304 253 434 223 268 313 610 254 208 303 375 228 151 280 113 327 340 232 0 155 132 406 273 286 367 444 367 141 272 332 223 246 259 256 278 341 279 126 307 268 230 94 465 225 152 194 237 247 266 302 192 271 287 223 387 184 329 241 150 398 281 295 291 280 345 251 235 274 241 179 433 152 234 191 228 204 271 262 430 220 243 155 323 319 304 271 195 248 236 181 362
287 316 164 154 264 235 241 283 298 322 419 167 27 404 575 309 302 393 313 307 392 206 265 265 541 287 241 307 304 475 217 212 285 482 285 249 106 313 167 325 288 194 204 279 323 361 245 219 148 335 573 360 260 350 175 279 298 300 247 321 196 167 495 254 263 0 240 316 277 233 351 206 308 148 153 212 274 287 371 260 303 303 271 283 209 159 327 285 193 307 366 257 359 209 250 291 344 258 291
220 256 178 161 210 214 234 229 152 19 399 175 276 265 589 233 138 255 327 180 254 152 293 202 443 220 234 277 241 326 225 158 303 385 303 93 218 259 175 271 234 208 154 293 173 307 182 165 176 279 417 347 82 283 189 208 201 150 203 37 203 175 317 355 95 303 102 344 233 194 221 152 279 155 171 226 282 109 385 82 0 259 217 229 223 166 334 153 214 277 312 187 299 223 206 237 188 192 262
155 184 110 10 111 111 235 130 145 186 287 113 126 260 521 177 158 339 237 177 304 53 122 142 409 155 235 164 175 399 131 59 132 358 132 190 47 160 113 172 135 140 51 135 170 208 122 66 5 213 500 234 179 218 99 155 174 147 115 168 52 113 354 352 110 153 186 173 230 134 219 53 200 16 0 136 220 206 317 179 171 171 118 130 65 27 195 132 124 164 213 158 227 65 118 138 195 126 183
458 481 411 523 579 510 610 568 530 608 654 414 560 651 0 474 563 640 362 523 693 547 546 512 712 458 610 588 478 524 464 553 644 698 644 496 568 558 414 640 603 441 549 526 505 676 492 534 526 516 820 604 507 521 422 495 514 528 418 626 562 414 742 687 583 575 487 559 555 480 504 547 616 517 521 459 518 534 550 507 589 468 586 598 456 528 696 468 447 588 496 504 517 456 415 606 591 429 599
72 181 242 155 79 154 304 169 0 133 289 245 271 399 530 174 269 385 302 217 297 92 246 205 326 72 304 217 172 440 269 98 277 392 277 233 192 172 245 211 103 272 94 274 25 188 185 105 150 210 530 287 222 135 244 189 208 2 112 115 197 245 457 207 57 298 242 318 233 173 216 92 203 161 145 281 218 249 449 222 152 168 86 169 210 172 340 162 269 217 181 149 224 210 115 106 163 123 220
139 168 126 6 127 127 251 146 161 174 271 129 121 276 517 161 154 355 253 193 320 69 138 138 393 139 251 180 159 415 115 75 148 374 148 206 63 176 129 188 151 156 67 151 186 224 118 82 21 197 516 250 195 202 115 171 190 163 99 184 48 129 370 348 126 148 202 189 238 130 203 69 216 0 16 152 205 222 333 195 155 155 134 146 81 11 179 148 140 180 229 154 211 81 102 154 211 110 199
202 231 157 57 158 158 272 177 192 233 334 160 79 307 568 224 205 386 281 224 351 100 159 189 456 202 272 201 222 443 178 106 179 405 179 237 0 207 160 219 182 187 98 182 217 255 169 113 42 260 529 271 226 265 146 202 221 194 162 215 99 160 391 306 157 106 233 210 277 181 266 100 202 63 47 183 267 253 364 226 218 218 165 177 112 74 242 179 171 201 260 205 274 112 165 185 242 173 185
170 204 169 69 64 68 286 83 98 139 346 172 185 319 553 197 192 309 216 140 338 6 173 150 424 170 286 131 173 378 190 0 191 315 191 147 106 113 172 125 88 199 8 194 123 161 170 19 64 211 453 201 136 233 158 112 131 100 135 121 111 172 371 305 63 212 156 232 193 179 239 6 153 75 59 195 241 163 376 136 158 191 71 83 124 86 254 85 183 131 166 155 247 124 138 91 148 124 136
40 69 198 105 161 121 192 180 112 222 242 195 220 330 418 62 157 354 246 105 275 129 134 237 294 40 192 176 60 334 157 135 247 280 247 192 162 140 195 222 185 228 131 227 87 258 217 116 120 98 418 192 203 103 196 77 96 110 0 223 147 195 396 269 165 247 201 288 158 229 104 129 250 99 115 233 106 188 381 203 203 56 168 180 180 110 278 50 171 176 263 253 112 180 3 188 245 11 233
436 409 331 364 423 363 387 442 457 336 566 328 470 418 742 386 291 408 480 333 538 365 466 432 690 436 387 486 434 550 378 371 486 484 486 246 391 472 328 484 447 361 363 446 482 513 412 378 349 472 570 521 235 499 342 319 300 459 396 354 397 328 0 571 412 495 255 517 386 400 374 365 441 370 354 379 435 208 538 235 317 452 430 442 376 381 549 424 324 486 525 424 452 376 399 450 341 385 424
166 200 161 61 60 60 278 79 94 135 338 164 177 311 549 193 184 301 208 132 334 2 165 146 420 166 278 123 169 370 182 8 183 307 183 139 98 109 164 121 84 191 0 186 119 157 166 15 56 207 449 193 128 229 150 104 123 96 131 117 103 164 363 301 59 204 148 224 185 175 235 2 149 67 51 187 237 155 368 128 154 187 67 79 116 78 246 81 175 123 162 151 243 116 134 87 144 120 132
273 282 101 132 176 206 327 195 205 221 409 104 250 341 512 291 196 292 250 193 446 144 264 0 527 273 327 269 248 412 154 150 274 304 274 186 189 225 104 237 200 131 146 216 226 273 20 131 147 286 510 297 197 336 112 221 240 203 237 206 90 104 432 408 148 265 177 315 140 32 317 144 265 138 142 149 211 224 308 197 202 255 183 195 146 149 317 197 137 269 278 56 325 146 240 203 260 236 248
327 348 240 270 351 331 313 385 399 284 470 243 386 0 651 290 239 334 367 259 464 313 382 341 581 327 313 424 365 476 293 319 392 486 392 172 307 227 243 427 375 270 311 125 374 439 321 321 265 403 496 436 183 390 229 287 302 397 330 302 312 243 418 497 360 404 181 415 312 309 322 313 390 276 260 266 350 210 447 183 265 386 358 385 195 287 455 358 254 424 453 333 391 195 333 378 267 319 407
318 347 305 185 306 306 430 325 340 353 428 308 300 455 696 340 333 534 432 372 499 248 317 317 572 318 430 359 338 594 294 254 327 553 327 373 242 355 308 367 330 335 246 330 365 403 297 261 200 376 695 429 362 381 294 350 369 342 278 363 227 308 549 527 305 327 381 368 417 309 382 248 395 179 195 331 384 389 512 362 334 334 313 325 260 168 0 327 319 359 389 333 390 260 281 333 338 289 378
228 201 123 216 215 155 179 234 249 128 358 120 266 210 534 178 83 200 272 125 330 157 292 224 482 228 179 278 226 342 170 163 338 276 338 38 253 264 120 276 239 153 155 238 274 305 204 170 211 264 362 313 27 291 134 111 92 251 188 146 189 120 208 363 204 287 47 379 178 192 166 157 234 222 206 171 227 0 330 27 109 244 222 234 168 233 389 216 159 278 317 216 244 168 191 242 133 177 251
268 276 30 150 251 251 256 187 272 227 427 33 179 270 441 277 182 259 179 187 407 193 236 131 522 268 256 278 177 341 83 199 203 395 203 115 187 247 33 312 275 0 191 145 293 323 111 206 145 215 439 226 126 331 41 215 234 270 228 245 181 33 361 406 215 194 106 313 174 99 265 193 235 156 140 78 140 153 177 126 208 184 258 270 75 167 335 265 66 278 353 123 319 75 225 278 210 226 218
