100 94 63
175 85 92 85 134 96 269 123 40 28 7 207 32 144 43 60 40 171 40 201 0 264 40 30 76 77 43 201 49 110 219 156 127 144 144 48 168 104 55 88 110 269 114 96 178 200 229 293 237 40 164 18 220 229 104 43 48 218 32 121 113 235 240 207 87 297 263 96 132 207 93 121 144 163 188 144 163 156 6 120 43 6 163 213 113 23 146 299 134 218 135 114 263 6
147 101 108 101 106 68 241 139 12 0 23 200 4 157 59 76 12 163 12 173 28 236 12 46 89 49 59 173 65 82 209 156 99 136 136 20 140 115 50 60 82 241 86 68 150 172 201 285 253 12 156 34 192 201 115 59 20 190 4 137 106 227 212 200 59 269 270 68 148 200 85 137 160 135 204 157 135 156 22 113 59 22 135 241 106 39 118 271 106 190 107 86 270 22
228 179 186 179 187 151 280 238 145 157 151 181 161 0 187 204 145 245 145 254 144 275 145 174 68 170 187 254 193 177 211 137 180 135 135 173 223 96 199 133 177 280 125 151 233 125 299 315 352 145 238 162 345 299 96 187 173 143 161 265 87 226 177 181 98 287 269 151 226 181 167 265 271 162 282 0 162 137 150 80 187 150 162 349 87 167 251 205 187 143 190 167 269 150
181 67 74 67 140 102 275 129 46 34 13 200 38 162 25 66 46 153 46 207 18 266 46 12 94 83 25 207 31 116 225 138 133 126 126 54 174 110 61 94 116 275 120 102 184 206 229 275 243 46 146 0 226 229 110 25 54 224 38 103 119 217 246 200 93 288 260 102 114 200 75 103 126 169 170 162 169 138 12 126 25 12 169 231 119 29 152 305 140 224 141 120 260 12
223 133 140 133 182 144 317 171 88 76 55 180 80 204 91 0 88 219 88 249 60 312 88 78 136 125 91 249 97 158 267 204 175 192 192 96 216 152 103 136 158 317 162 144 164 248 277 341 230 88 212 66 268 277 152 91 96 266 80 169 161 283 288 180 135 345 203 144 180 180 141 169 192 211 236 204 211 204 54 168 91 54 211 273 161 71 194 296 182 266 183 162 203 54
196 150 157 150 155 19 290 160 61 49 72 209 53 170 108 125 61 167 61 151 77 280 61 95 138 0 108 151 114 131 239 145 148 140 140 29 91 124 59 69 131 290 135 19 101 221 243 289 274 61 160 83 201 243 124 108 29 239 53 186 115 231 261 209 108 295 274 19 121 209 89 186 139 184 198 170 184 145 71 122 108 71 184 290 115 88 167 320 155 239 156 135 274 71
260 231 238 231 219 82 387 245 162 150 173 310 154 233 209 164 162 252 162 214 178 182 162 196 239 101 209 214 215 232 340 246 212 123 123 130 154 225 160 170 232 387 236 82 0 322 328 374 359 162 245 184 302 328 225 209 130 340 154 287 216 133 362 310 209 215 257 82 184 310 174 287 202 285 261 233 285 246 172 223 209 172 285 391 216 189 268 384 219 340 257 199 257 172
209 108 115 108 168 154 155 225 74 86 109 279 90 125 145 162 74 225 74 235 114 298 74 132 57 135 145 235 151 168 295 179 161 214 214 106 164 201 136 146 168 155 0 154 236 250 258 278 339 74 242 120 278 258 201 145 106 268 90 223 192 305 292 279 27 329 268 154 155 279 171 223 246 221 211 125 221 179 108 199 145 108 221 278 192 125 175 330 168 268 193 148 268 108
196 150 157 150 155 19 290 160 61 49 72 209 53 170 108 125 61 167 61 151 77 280 61 95 138 0 108 151 114 131 239 145 148 140 140 29 91 124 59 69 131 290 135 19 101 221 243 289 274 61 160 83 201 243 124 108 29 239 53 186 115 231 261 209 108 295 274 19 121 209 89 186 139 184 198 170 184 145 71 122 108 71 184 290 115 88 167 320 155 239 156 135 274 71
212 111 118 111 171 157 212 199 77 89 83 249 93 68 119 136 77 228 77 238 76 301 77 106 0 138 119 238 125 171 279 182 164 203 203 109 167 164 131 149 171 212 57 157 239 193 266 247 313 77 240 94 281 266 164 119 109 211 93 197 155 294 245 249 30 332 264 157 158 249 169 197 220 224 214 68 224 182 82 148 119 82 224 281 155 99 183 273 171 211 196 151 264 82
244 221 228 221 203 297 297 266 257 269 292 213 273 287 274 345 257 302 257 270 297 33 257 276 332 295 274 270 280 351 324 150 170 173 173 286 329 209 316 246 351 297 329 297 215 347 273 420 286 257 295 288 405 273 209 274 286 353 273 352 200 82 464 213 302 0 307 297 268 213 224 352 341 310 256 287 310 150 291 207 274 291 310 391 200 308 356 262 203 353 338 183 307 291
217 0 7 0 176 149 263 189 113 101 80 215 105 179 68 133 113 196 113 243 85 254 113 55 111 150 68 243 74 183 245 71 143 169 169 121 218 130 128 152 183 263 108 149 231 257 272 318 303 113 189 67 293 272 130 68 121 274 105 146 121 260 313 215 81 221 303 149 47 215 118 146 169 220 103 179 220 71 79 128 68 79 220 170 121 96 219 341 176 274 208 156 303 79
187 274 281 274 228 258 423 291 202 190 213 247 186 143 249 266 202 311 202 237 218 383 202 236 211 239 249 237 255 264 277 203 246 278 278 210 300 162 240 199 264 423 268 258 340 18 156 344 366 202 239 224 382 156 162 249 210 0 186 327 153 369 320 247 241 353 412 258 228 247 233 327 350 55 377 143 55 203 212 146 249 212 55 377 153 229 239 348 228 0 83 233 412 212
229 183 190 183 188 150 323 221 94 82 105 282 78 177 141 158 94 245 94 255 110 318 94 128 171 131 141 255 147 0 127 238 181 218 218 102 222 197 132 142 0 323 168 150 232 246 283 367 335 94 238 116 274 283 197 141 102 264 78 219 188 309 294 282 141 351 352 150 230 282 167 219 242 209 286 177 209 238 104 195 141 104 209 323 188 121 200 353 188 264 181 168 352 104
187 152 159 152 146 88 301 105 72 60 83 140 64 133 84 136 72 112 72 213 88 225 72 97 149 69 84 213 90 142 170 96 139 85 85 40 160 55 70 0 142 301 146 88 170 217 188 234 219 72 105 94 212 188 55 84 40 199 64 162 46 176 272 140 119 246 219 88 190 140 34 162 185 184 255 133 184 96 82 53 84 82 184 301 46 99 178 311 146 199 167 126 219 82
135 113 120 113 94 80 229 151 0 12 35 212 16 145 71 88 0 151 0 161 40 224 0 58 77 61 71 161 77 94 221 159 87 148 148 32 152 127 62 72 94 229 74 80 162 184 189 273 265 0 168 46 204 189 127 71 32 202 16 149 118 239 218 212 47 257 282 80 160 212 97 149 172 147 216 145 147 159 34 125 71 34 147 253 118 51 106 259 94 202 119 74 282 34
260 260 267 260 219 215 355 213 239 227 230 295 231 226 192 283 239 220 239 286 235 49 239 205 294 231 192 286 198 309 346 232 186 91 91 216 287 231 246 176 309 355 305 215 133 351 296 342 327 239 213 217 388 296 231 192 216 369 231 270 222 0 403 295 278 82 225 215 307 295 142 270 259 360 174 226 360 232 229 229 192 229 360 430 222 246 345 344 219 369 334 199 225 229
299 318 325 318 258 308 123 271 273 285 288 374 289 315 250 341 273 122 273 325 293 388 273 263 247 289 250 325 256 367 404 323 251 251 251 274 380 289 304 234 367 123 278 308 374 362 188 0 385 273 271 275 446 188 289 250 274 344 289 328 280 342 491 374 277 420 253 308 365 374 200 328 351 399 421 315 399 323 287 287 250 287 399 475 280 304 271 339 258 344 392 238 253 287
298 170 177 170 257 309 433 320 253 241 220 193 245 349 238 273 253 366 253 324 213 387 253 225 281 290 238 324 244 323 348 241 250 339 339 261 381 296 268 301 323 433 278 309 391 395 442 475 434 253 359 231 433 442 296 238 261 377 245 316 287 430 453 193 251 391 418 309 217 193 288 316 339 376 273 349 376 241 219 294 238 219 376 0 287 236 359 422 257 377 348 237 418 219
209 108 115 108 168 154 155 225 74 86 109 279 90 125 145 162 74 225 74 235 114 298 74 132 57 135 145 235 151 168 295 179 161 214 214 106 164 201 136 146 168 155 0 154 236 250 258 278 339 74 242 120 278 258 201 145 106 268 90 223 192 305 292 279 27 329 268 154 155 279 171 223 246 221 211 125 221 179 108 199 145 108 221 278 192 125 175 330 168 268 193 148 268 108
170 80 87 80 129 91 264 116 35 23 0 200 27 151 38 55 35 166 35 196 7 259 35 25 83 72 38 196 44 105 212 151 122 139 139 43 163 97 50 83 105 264 109 91 173 195 224 288 230 35 159 13 215 224 97 38 43 213 27 116 106 230 235 200 82 292 258 91 127 200 88 116 139 158 183 151 158 151 1 113 38 1 158 220 106 16 141 294 129 213 130 109 258 1
360 303 310 303 319 293 130 256 282 270 258 359 274 269 235 203 282 263 282 386 263 274 282 248 264 274 235 386 241 352 374 315 352 134 134 259 365 274 289 219 352 130 268 293 257 394 339 253 370 282 256 260 431 339 274 235 259 412 274 313 265 225 446 359 241 307 0 293 350 359 185 313 302 403 399 269 403 315 257 272 235 257 403 418 265 274 388 346 319 412 377 339 0 257
244 221 228 221 203 297 297 266 257 269 292 213 273 287 274 345 257 302 257 270 297 33 257 276 332 295 274 270 280 351 324 150 170 173 173 286 329 209 316 246 351 297 329 297 215 347 273 420 286 257 295 288 405 273 209 274 286 353 273 352 200 82 464 213 302 0 307 297 268 213 224 352 341 310 256 287 310 150 291 207 274 291 310 391 200 308 356 262 203 353 338 183 307 291
235 215 222 215 194 228 434 245 212 200 200 0 204 181 224 180 212 252 212 193 207 246 212 212 249 209 224 193 230 282 155 144 187 225 225 180 241 103 210 140 282 434 279 228 310 265 328 374 359 212 245 200 261 328 103 224 180 247 204 284 94 295 358 0 252 213 359 228 262 0 174 284 325 232 318 181 232 144 201 101 224 201 232 193 94 216 318 359 194 247 260 174 359 201
206 341 348 341 165 302 216 228 259 271 294 359 275 205 330 296 259 377 259 232 299 295 259 317 273 320 330 232 336 353 371 270 198 340 340 291 291 256 321 311 353 216 330 302 384 330 423 339 342 259 370 305 367 423 256 330 291 348 275 408 265 344 382 359 303 262 346 302 388 359 299 408 422 338 443 205 338 270 293 272 330 293 338 422 265 310 365 0 165 348 366 185 346 293
196 150 157 150 155 19 290 160 61 49 72 209 53 170 108 125 61 167 61 151 77 280 61 95 138 0 108 151 114 131 239 145 148 140 140 29 91 124 59 69 131 290 135 19 101 221 243 289 274 61 160 83 201 243 124 108 29 239 53 186 115 231 261 209 108 295 274 19 121 209 89 186 139 184 198 170 184 145 71 122 108 71 184 290 115 88 167 320 155 239 156 135 274 71
299 272 279 272 258 262 311 225 189 201 224 328 205 299 204 277 189 232 189 325 229 306 189 217 266 243 204 325 210 283 358 284 225 205 205 221 334 243 251 188 283 311 258 262 328 174 0 188 339 189 83 229 393 0 243 204 221 156 205 282 234 296 407 328 236 273 339 262 319 328 154 282 305 211 375 299 211 284 223 241 204 223 211 442 234 240 83 423 258 156 239 238 339 223
187 152 159 152 146 88 301 105 72 60 83 140 64 133 84 136 72 112 72 213 88 225 72 97 149 69 84 213 90 142 170 96 139 85 85 40 160 55 70 0 142 301 146 88 170 217 188 234 219 72 105 94 212 188 55 84 40 199 64 162 46 176 272 140 119 246 219 88 190 140 34 162 185 184 255 133 184 96 82 53 84 82 184 301 46 99 178 311 146 199 167 126 219 82
104 189 196 189 63 179 370 0 151 139 116 245 143 238 121 171 151 149 151 130 123 233 151 134 199 160 121 130 127 221 269 168 96 122 122 145 189 154 166 105 221 370 225 179 245 273 225 271 114 151 142 129 265 225 154 121 145 291 143 199 151 213 351 245 198 266 256 179 236 245 71 199 222 236 292 238 236 168 117 158 121 117 236 320 151 100 257 228 63 291 246 83 256 117
223 133 140 133 182 144 317 171 88 76 55 180 80 204 91 0 88 219 88 249 60 312 88 78 136 125 91 249 97 158 267 204 175 192 192 96 216 152 103 136 158 317 162 144 164 248 277 341 230 88 212 66 268 277 152 91 96 266 80 169 161 283 288 180 135 345 203 144 180 180 141 169 192 211 236 204 211 204 54 168 91 54 211 273 161 71 194 296 182 266 183 162 203 54
175 118 125 118 134 108 299 71 97 85 88 174 89 167 50 141 97 78 97 201 93 191 97 63 169 89 50 201 56 167 204 130 167 51 51 74 180 89 104 34 167 299 171 108 174 251 154 200 185 97 71 75 246 154 89 50 74 233 89 128 80 142 297 174 144 224 185 108 165 174 0 128 151 218 221 167 218 130 87 87 50 87 218 288 80 104 203 299 134 233 192 154 185 87
244 221 228 221 203 297 297 266 257 269 292 213 273 287 274 345 257 302 257 270 297 33 257 276 332 295 274 270 280 351 324 150 170 173 173 286 329 209 316 246 351 297 329 297 215 347 273 420 286 257 295 288 405 273 209 274 286 353 273 352 200 82 464 213 302 0 307 297 268 213 224 352 341 310 256 287 310 150 291 207 274 291 310 391 200 308 356 262 203 353 338 183 307 291
284 146 153 146 243 205 378 199 149 137 116 284 141 265 78 169 149 206 149 310 121 319 149 91 197 186 78 310 72 219 129 217 236 179 179 157 277 213 164 162 219 378 223 205 287 309 282 328 313 149 199 103 329 282 213 78 157 327 141 0 208 270 349 284 196 352 313 205 193 284 128 0 179 272 249 265 272 217 115 215 78 115 272 316 208 132 255 408 243 327 244 223 313 115
319 103 96 103 278 179 366 292 216 204 183 318 208 282 171 236 216 299 216 311 188 223 216 158 214 198 171 311 177 286 348 174 246 265 265 224 251 233 231 255 286 366 211 179 261 360 375 421 406 216 292 170 396 375 233 171 224 377 208 249 224 174 416 318 184 256 399 179 150 318 221 249 272 323 0 282 323 174 182 231 171 182 323 273 224 199 322 443 278 377 311 258 399 182
182 81 88 81 141 127 182 198 47 59 82 252 63 98 118 135 47 198 47 208 87 271 47 105 30 108 118 208 124 141 268 152 134 187 187 79 137 174 109 119 141 182 27 127 209 223 236 277 312 47 215 93 251 236 174 118 79 241 63 196 165 278 265 252 0 302 241 127 128 252 144 196 219 194 184 98 194 152 81 172 118 81 194 251 165 98 153 303 141 241 166 121 241 81
264 47 54 47 223 102 310 236 160 148 127 262 152 226 115 180 160 243 160 234 132 301 160 102 158 121 115 234 121 230 292 118 190 216 216 150 174 177 175 190 230 310 155 102 184 210 319 365 350 160 236 114 322 319 177 115 150 228 152 193 168 307 360 262 128 268 350 102 0 262 165 193 216 173 150 226 173 118 126 175 115 126 173 217 168 143 266 388 223 228 201 203 350 126
209 108 115 108 168 154 155 225 74 86 109 279 90 125 145 162 74 225 74 235 114 298 74 132 57 135 145 235 151 168 295 179 161 214 214 106 164 201 136 146 168 155 0 154 236 250 258 278 339 74 242 120 278 258 201 145 106 268 90 223 192 305 292 279 27 329 268 154 155 279 171 223 246 221 211 125 221 179 108 199 145 108 221 278 192 125 175 330 168 268 193 148 268 108
175 118 125 118 134 108 299 71 97 85 88 174 89 167 50 141 97 78 97 201 93 191 97 63 169 89 50 201 56 167 204 130 167 51 51 74 180 89 104 34 167 299 171 108 174 251 154 200 185 97 71 75 246 154 89 50 74 233 89 128 80 142 297 174 144 224 185 108 165 174 0 128 151 218 221 167 218 130 87 87 50 87 218 288 80 104 203 299 134 233 192 154 185 87
41 176 183 176 0 137 317 63 94 106 129 194 110 187 165 182 94 212 94 67 134 170 94 152 171 155 165 67 171 188 206 105 33 185 185 126 126 91 156 146 188 317 168 137 219 210 258 258 177 94 205 140 202 258 91 165 126 228 110 243 100 219 312 194 141 203 319 137 223 194 134 243 257 173 278 187 173 105 128 107 165 128 173 257 100 145 200 165 0 228 201 20 319 128
167 218 225 218 126 72 319 189 152 140 163 241 144 223 199 216 152 258 152 193 168 296 152 186 167 91 199 193 205 222 271 197 159 231 231 120 0 156 150 160 222 319 164 72 154 312 334 380 263 152 251 174 292 334 156 199 120 300 144 277 147 287 352 241 137 329 365 72 174 241 180 277 192 275 251 223 275 197 162 154 199 162 275 381 147 179 258 291 126 300 247 146 365 162
224 7 0 7 183 156 270 196 120 108 87 222 112 186 75 140 120 203 120 250 92 261 120 62 118 157 75 250 81 190 252 78 150 176 176 128 225 137 135 159 190 270 115 156 238 264 279 325 310 120 196 74 300 279 137 75 128 281 112 153 128 267 320 222 88 228 310 156 54 222 125 153 176 227 96 186 227 78 86 135 75 86 227 177 128 103 226 348 183 281 215 163 310 86
319 103 96 103 278 179 366 292 216 204 183 318 208 282 171 236 216 299 216 311 188 223 216 158 214 198 171 311 177 286 348 174 246 265 265 224 251 233 231 255 286 366 211 179 261 360 375 421 406 216 292 170 396 375 233 171 224 377 208 249 224 174 416 318 184 256 399 179 150 318 221 249 272 323 0 282 323 174 182 231 171 182 323 273 224 199 322 443 278 377 311 258 399 182
264 47 54 47 223 102 310 236 160 148 127 262 152 226 115 180 160 243 160 234 132 301 160 102 158 121 115 234 121 230 292 118 190 216 216 150 174 177 175 190 230 310 155 102 184 210 319 365 350 160 236 114 322 319 177 115 150 228 152 193 168 307 360 262 128 268 350 102 0 262 165 193 216 173 150 226 173 118 126 175 115 126 173 217 168 143 266 388 223 228 201 203 350 126
211 254 261 254 170 264 330 233 224 236 259 246 240 275 241 312 224 269 224 237 264 0 224 254 301 280 241 237 247 318 336 183 137 140 140 256 296 221 286 225 318 330 298 264 182 380 306 388 319 224 262 266 372 306 221 241 256 383 240 319 230 49 442 246 271 33 274 264 301 246 191 319 308 343 223 275 343 183 258 237 241 258 343 387 230 275 330 295 170 383 343 150 274 258
41 176 183 176 0 137 317 63 94 106 129 194 110 187 165 182 94 212 94 67 134 170 94 152 171 155 165 67 171 188 206 105 33 185 185 126 126 91 156 146 188 317 168 137 219 210 258 258 177 94 205 140 202 258 91 165 126 228 110 243 100 219 312 194 141 203 319 137 223 194 134 243 257 173 278 187 173 105 128 107 165 128 173 257 100 145 200 165 0 228 201 20 319 128
178 149 156 149 137 0 309 179 80 68 91 228 72 151 127 144 80 186 80 132 96 264 80 114 157 19 127 132 133 150 258 164 130 159 159 48 72 143 78 88 150 309 154 0 82 240 262 308 293 80 179 102 220 262 143 127 48 258 72 205 134 215 280 228 127 297 293 0 102 228 108 205 120 203 179 151 203 164 90 141 127 90 203 309 134 107 186 302 137 258 175 117 293 90
61 156 163 156 20 117 297 83 74 86 109 174 90 167 145 162 74 225 74 87 114 150 74 132 151 135 145 87 151 168 186 85 13 205 205 106 146 71 136 126 168 297 148 117 199 230 238 238 197 74 225 120 222 238 71 145 106 233 90 223 80 199 292 174 121 183 339 117 203 174 154 223 237 193 258 167 193 85 108 87 145 108 193 237 80 125 180 185 20 233 193 0 339 108
108 243 250 243 67 132 384 130 161 173 196 193 177 254 232 249 161 279 161 0 201 237 161 219 238 151 232 0 238 255 273 172 100 252 252 180 193 158 210 213 255 384 235 132 214 219 325 325 244 161 272 207 269 325 158 232 180 237 177 310 167 286 379 193 208 270 386 132 234 193 201 310 252 182 311 254 182 172 195 174 232 195 182 324 167 212 267 232 67 237 154 87 386 195
299 318 325 318 258 308 123 271 273 285 288 374 289 315 250 341 273 122 273 325 293 388 273 263 247 289 250 325 256 367 404 323 251 251 251 274 380 289 304 234 367 123 278 308 374 362 188 0 385 273 271 275 446 188 289 250 274 344 289 328 280 342 491 374 277 420 253 308 365 374 200 328 351 399 421 315 399 323 287 287 250 287 399 475 280 304 271 339 258 344 392 238 253 287
108 243 250 243 67 132 384 130 161 173 196 193 177 254 232 249 161 279 161 0 201 237 161 219 238 151 232 0 238 255 273 172 100 252 252 180 193 158 210 213 255 384 235 132 214 219 325 325 244 161 272 207 269 325 158 232 180 237 177 310 167 286 379 193 208 270 386 132 234 193 201 310 252 182 311 254 182 172 195 174 232 195 182 324 167 212 267 232 67 237 154 87 386 195
169 257 264 257 210 240 405 273 184 172 195 265 168 125 231 248 184 329 184 219 200 380 184 218 193 221 231 219 237 246 295 221 243 260 260 192 312 180 222 217 246 405 250 240 322 0 174 362 348 184 257 206 364 174 180 231 192 18 168 309 171 351 302 265 223 347 394 240 210 265 251 309 332 37 360 125 37 221 194 164 231 194 37 395 171 211 257 330 210 18 65 230 394 194
319 103 96 103 278 179 366 292 216 204 183 318 208 282 171 236 216 299 216 311 188 223 216 158 214 198 171 311 177 286 348 174 246 265 265 224 251 233 231 255 286 366 211 179 261 360 375 421 406 216 292 170 396 375 233 171 224 377 208 249 224 174 416 318 184 256 399 179 150 318 221 249 272 323 0 282 323 174 182 231 171 182 323 273 224 199 322 443 278 377 311 258 399 182
175 118 125 118 134 108 299 71 97 85 88 174 89 167 50 141 97 78 97 201 93 191 97 63 169 89 50 201 56 167 204 130 167 51 51 74 180 89 104 34 167 299 171 108 174 251 154 200 185 97 71 75 246 154 89 50 74 233 89 128 80 142 297 174 144 224 185 108 165 174 0 128 151 218 221 167 218 130 87 87 50 87 218 288 80 104 203 299 134 233 192 154 185 87
218 303 310 303 177 293 484 114 265 253 230 359 257 352 235 230 265 263 265 244 237 319 265 248 313 274 235 244 241 335 383 282 210 236 236 259 263 268 280 219 335 484 339 293 359 348 339 385 0 265 256 243 379 339 268 235 259 366 257 313 265 327 406 359 312 286 370 293 350 359 185 313 336 311 406 352 311 282 231 272 235 231 311 434 265 214 371 342 177 366 339 197 370 231
148 128 135 128 107 141 354 158 125 113 113 101 117 80 137 168 125 165 125 174 120 237 125 138 148 122 137 174 143 195 131 57 100 138 138 93 154 16 123 53 195 354 199 141 223 164 241 287 272 125 158 126 265 241 16 137 93 146 117 215 7 229 257 101 172 207 272 141 175 101 87 215 238 145 231 80 145 57 114 0 137 114 145 294 7 129 231 272 107 146 173 87 272 114
223 133 140 133 182 144 317 171 88 76 55 180 80 204 91 0 88 219 88 249 60 312 88 78 136 125 91 249 97 158 267 204 175 192 192 96 216 152 103 136 158 317 162 144 164 248 277 341 230 88 212 66 268 277 152 91 96 266 80 169 161 283 288 180 135 345 203 144 180 180 141 169 192 211 236 204 211 204 54 168 91 54 211 273 161 71 194 296 182 266 183 162 203 54
358 263 270 263 317 309 0 370 229 241 264 434 245 280 300 317 229 245 229 384 269 330 229 287 212 290 300 384 306 323 450 308 310 264 264 261 319 356 291 301 323 0 155 309 387 405 311 123 484 229 370 275 324 311 356 300 261 423 245 378 347 355 447 434 182 297 130 309 310 434 299 378 401 376 366 280 376 308 263 354 300 263 376 433 347 280 330 216 317 423 348 297 130 263
193 55 62 55 152 114 287 134 58 46 25 212 50 174 13 78 58 141 58 219 30 254 58 0 106 95 13 219 19 128 220 126 145 114 114 66 186 122 73 97 128 287 132 114 196 218 217 263 248 58 134 12 238 217 122 13 66 236 50 91 131 205 258 212 105 276 248 114 102 212 63 91 114 181 158 174 181 126 24 138 13 24 181 225 131 41 164 317 152 236 153 132 248 24
197 128 135 128 156 78 291 166 62 50 50 210 54 199 86 103 62 182 62 210 55 286 62 73 131 59 86 210 92 132 240 166 149 155 155 30 150 125 0 70 132 291 136 78 160 222 251 304 280 62 175 61 202 251 125 86 30 240 54 164 116 246 262 210 109 316 289 78 175 210 104 164 187 185 231 199 185 166 49 123 86 49 185 268 116 66 168 321 156 240 157 136 289 49
186 96 103 96 145 107 280 100 51 39 16 216 43 167 54 71 51 182 51 212 23 275 51 41 99 88 54 212 60 121 228 167 138 155 155 59 179 113 66 99 121 280 125 107 189 211 240 304 214 51 175 29 231 240 113 54 59 229 43 132 122 246 251 216 98 308 274 107 143 216 104 132 155 174 199 167 174 167 17 129 54 17 174 236 122 0 157 310 145 229 146 125 274 17
175 118 125 118 134 108 299 71 97 85 88 174 89 167 50 141 97 78 97 201 93 191 97 63 169 89 50 201 56 167 204 130 167 51 51 74 180 89 104 34 167 299 171 108 174 251 154 200 185 97 71 75 246 154 89 50 74 233 89 128 80 142 297 174 144 224 185 108 165 174 0 128 151 218 221 167 218 130 87 87 50 87 218 288 80 104 203 299 134 233 192 154 185 87
298 169 176 169 257 120 401 222 172 160 139 325 164 271 101 192 172 229 172 252 144 308 172 114 220 139 101 252 107 242 308 240 250 168 168 168 192 236 187 185 242 401 246 120 202 332 305 351 336 172 222 126 340 305 236 101 168 350 164 179 231 259 372 325 219 341 302 120 216 325 151 179 0 295 272 271 295 240 138 238 101 138 295 339 231 155 278 422 257 350 267 237 302 138
132 130 137 130 91 143 356 154 127 115 97 103 119 96 135 152 127 167 127 158 104 221 127 122 164 124 135 158 141 197 115 59 84 140 140 95 156 0 125 55 197 356 201 143 225 180 243 289 268 127 160 110 267 243 0 135 95 162 119 213 9 231 273 103 174 209 274 143 177 103 89 213 236 147 233 96 147 59 98 16 135 98 147 296 9 113 233 256 91 162 175 71 274 98
253 196 203 196 212 186 245 149 151 163 166 252 167 245 128 219 151 0 151 279 171 269 151 141 228 167 128 279 134 245 282 208 238 129 129 152 258 167 182 112 245 245 225 186 252 329 232 122 263 151 149 153 324 232 167 128 152 311 167 206 158 220 369 252 198 302 263 186 243 252 78 206 229 296 299 245 296 208 165 165 128 165 296 366 158 182 257 377 212 311 270 225 263 165
132 220 227 220 173 203 376 236 147 135 158 232 131 162 194 211 147 296 147 182 163 343 147 181 224 184 194 182 200 209 262 188 206 269 269 155 275 147 185 184 209 376 221 203 285 37 211 399 311 147 289 169 327 211 147 194 155 55 131 272 138 360 339 232 194 310 403 203 173 232 218 272 295 0 323 162 0 188 157 145 194 157 0 376 138 174 253 338 173 55 28 193 403 157
0 217 224 217 41 178 358 104 135 147 170 235 151 228 206 223 135 253 135 108 175 211 135 193 212 196 206 108 212 229 247 146 74 226 226 167 167 132 197 187 229 358 209 178 260 169 299 299 218 135 246 181 243 299 132 206 167 187 151 284 141 260 353 235 182 244 360 178 264 235 175 284 298 132 319 228 132 146 169 148 206 169 132 298 141 186 241 206 41 187 160 61 360 169
167 218 225 218 126 72 319 189 152 140 163 241 144 223 199 216 152 258 152 193 168 296 152 186 167 91 199 193 205 222 271 197 159 231 231 120 0 156 150 160 222 319 164 72 154 312 334 380 263 152 251 174 292 334 156 199 120 300 144 277 147 287 352 241 137 329 365 72 174 241 180 277 192 275 251 223 275 197 162 154 199 162 275 381 147 179 258 291 126 300 247 146 365 162
141 121 128 121 100 134 347 151 118 106 106 94 110 87 130 161 118 158 118 167 113 230 118 131 155 115 130 167 136 188 124 50 93 131 131 86 147 9 116 46 188 347 192 134 216 171 234 280 265 118 151 119 258 234 9 130 86 153 110 208 0 222 264 94 165 200 265 134 168 94 80 208 231 138 224 87 138 50 107 7 130 107 138 287 0 122 224 265 100 153 166 80 265 107
247 245 252 245 206 258 450 269 221 209 212 155 205 211 207 267 221 282 221 273 219 336 221 220 279 239 207 273 201 127 0 174 199 255 255 210 271 115 240 170 127 450 295 258 340 295 358 404 383 221 275 225 382 358 115 207 210 277 205 129 124 346 388 155 268 324 374 258 292 155 204 129 308 262 348 211 262 174 213 131 207 213 262 348 124 228 327 371 206 277 290 186 374 213
160 208 215 208 201 175 348 246 119 107 130 260 103 190 166 183 119 270 119 154 135 343 119 153 196 156 166 154 172 181 290 216 206 243 243 127 247 175 157 167 181 348 193 175 257 65 239 392 339 119 263 141 299 239 175 166 127 83 103 244 166 334 319 260 166 338 377 175 201 260 192 244 267 28 311 190 28 216 129 173 166 129 28 348 166 146 225 366 201 83 0 193 377 129
241 219 226 219 200 186 330 257 106 118 141 318 122 251 177 194 106 257 106 267 146 330 106 164 183 167 177 267 183 200 327 265 193 254 254 138 258 233 168 178 200 330 175 186 268 257 83 271 371 106 166 152 310 83 233 177 138 239 122 255 224 345 324 318 153 356 388 186 266 318 203 255 278 253 322 251 253 265 140 231 177 140 253 359 224 157 0 365 200 239 225 180 388 140
212 74 81 74 171 133 306 127 77 65 44 230 69 193 6 97 77 134 77 238 49 247 77 19 125 114 6 238 0 147 201 145 164 107 107 85 205 141 92 90 147 306 151 133 215 237 210 256 241 77 127 31 257 210 141 6 85 255 69 72 136 198 277 230 124 280 241 133 121 230 56 72 107 200 177 193 200 145 43 143 6 43 200 244 136 60 183 336 171 255 172 151 241 43
141 121 128 121 100 134 347 151 118 106 106 94 110 87 130 161 118 158 118 167 113 230 118 131 155 115 130 167 136 188 124 50 93 131 131 86 147 9 116 46 188 347 192 134 216 171 234 280 265 118 151 119 258 234 9 130 86 153 110 208 0 222 264 94 165 200 265 134 168 94 80 208 231 138 224 87 138 50 107 7 130 107 138 287 0 122 224 265 100 153 166 80 265 107
353 313 320 313 312 280 447 351 218 212 235 358 216 177 271 288 218 369 218 379 240 442 218 258 245 261 271 379 277 294 388 314 305 312 312 232 352 273 262 272 294 447 292 280 362 302 407 491 406 218 368 246 404 407 273 271 232 320 216 349 264 403 0 358 265 464 446 280 360 358 297 349 372 339 416 177 339 314 234 257 271 234 339 453 264 251 324 382 312 320 319 292 446 234
218 303 310 303 177 293 484 114 265 253 230 359 257 352 235 230 265 263 265 244 237 319 265 248 313 274 235 244 241 335 383 282 210 236 236 259 263 268 280 219 335 484 339 293 359 348 339 385 0 265 256 243 379 339 268 235 259 366 257 313 265 327 406 359 312 286 370 293 350 359 185 313 336 311 406 352 311 282 231 272 235 231 311 434 265 214 371 342 177 366 339 197 370 231
226 169 176 169 185 159 264 122 148 136 139 225 140 135 101 192 148 129 148 252 144 140 148 114 203 140 101 252 107 218 255 181 218 0 0 125 231 140 155 85 218 264 214 159 123 260 205 251 236 148 122 126 297 205 140 101 125 278 140 179 131 91 312 225 187 173 134 159 216 225 51 179 168 269 265 135 269 181 138 138 101 138 269 339 131 155 254 340 185 278 243 205 134 138
175 118 125 118 134 108 299 71 97 85 88 174 89 167 50 141 97 78 97 201 93 191 97 63 169 89 50 201 56 167 204 130 167 51 51 74 180 89 104 34 167 299 171 108 174 251 154 200 185 97 71 75 246 154 89 50 74 233 89 128 80 142 297 174 144 224 185 108 165 174 0 128 151 218 221 167 218 130 87 87 50 87 218 288 80 104 203 299 134 233 192 154 185 87
146 71 78 71 105 164 308 168 159 156 151 144 160 137 139 204 159 208 159 172 156 183 159 126 182 145 139 172 145 238 174 0 72 181 181 136 197 59 166 96 238 308 179 164 246 221 284 323 282 159 201 138 307 284 59 139 136 203 160 217 50 232 314 144 152 150 315 164 118 144 130 217 240 188 174 137 188 0 150 57 139 150 188 241 50 167 265 270 105 203 216 85 315 150
61 156 163 156 20 117 297 83 74 86 109 174 90 167 145 162 74 225 74 87 114 150 74 132 151 135 145 87 151 168 186 85 13 205 205 106 146 71 136 126 168 297 148 117 199 230 238 238 197 74 225 120 222 238 71 145 106 233 90 223 80 199 292 174 121 183 339 117 203 174 154 223 237 193 258 167 193 85 108 87 145 108 193 237 80 125 180 185 20 233 193 0 339 108
243 293 300 293 202 220 324 265 204 192 215 261 196 345 251 268 204 324 204 269 220 372 204 238 281 201 251 269 257 274 382 307 235 297 297 172 292 267 202 212 274 324 278 220 302 364 393 446 379 204 317 226 0 393 267 251 172 382 196 329 258 388 404 261 251 405 431 220 322 261 246 329 340 327 396 345 327 307 214 265 251 214 327 433 258 231 310 367 202 382 299 222 431 214
147 101 108 101 106 68 241 139 12 0 23 200 4 157 59 76 12 163 12 173 28 236 12 46 89 49 59 173 65 82 209 156 99 136 136 20 140 115 50 60 82 241 86 68 150 172 201 285 253 12 156 34 192 201 115 59 20 190 4 137 106 227 212 200 59 269 270 68 148 200 85 137 160 135 204 157 135 156 22 113 59 22 135 241 106 39 118 271 106 190 107 86 270 22
141 121 128 121 100 134 347 151 118 106 106 94 110 87 130 161 118 158 118 167 113 230 118 131 155 115 130 167 136 188 124 50 93 131 131 86 147 9 116 46 188 347 192 134 216 171 234 280 265 118 151 119 258 234 9 130 86 153 110 208 0 222 264 94 165 200 265 134 168 94 80 208 231 138 224 87 138 50 107 7 130 107 138 287 0 122 224 265 100 153 166 80 265 107
212 111 118 111 171 157 212 199 77 89 83 249 93 68 119 136 77 228 77 238 76 301 77 106 0 138 119 238 125 171 279 182 164 203 203 109 167 164 131 149 171 212 57 157 239 193 266 247 313 77 240 94 281 266 164 119 109 211 93 197 155 294 245 249 30 332 264 157 158 249 169 197 220 224 214 68 224 182 82 148 119 82 224 281 155 99 183 273 171 211 196 151 264 82
196 150 157 150 155 19 290 160 61 49 72 209 53 170 108 125 61 167 61 151 77 280 61 95 138 0 108 151 114 131 239 145 148 140 140 29 91 124 59 69 131 290 135 19 101 221 243 289 274 61 160 83 201 243 124 108 29 239 53 186 115 231 261 209 108 295 274 19 121 209 89 186 139 184 198 170 184 145 71 122 108 71 184 290 115 88 167 320 155 239 156 135 274 71
178 149 156 149 137 0 309 179 80 68 91 228 72 151 127 144 80 186 80 132 96 264 80 114 157 19 127 132 133 150 258 164 130 159 159 48 72 143 78 88 150 309 154 0 82 240 262 308 293 80 179 102 220 262 143 127 48 258 72 205 134 215 280 228 127 297 293 0 102 228 108 205 120 203 179 151 203 164 90 141 127 90 203 309 134 107 186 302 137 258 175 117 293 90
61 156 163 156 20 117 297 83 74 86 109 174 90 167 145 162 74 225 74 87 114 150 74 132 151 135 145 87 151 168 186 85 13 205 205 106 146 71 136 126 168 297 148 117 199 230 238 238 197 74 225 120 222 238 71 145 106 233 90 223 80 199 292 174 121 183 339 117 203 174 154 223 237 193 258 167 193 85 108 87 145 108 193 237 80 125 180 185 20 233 193 0 339 108
169 79 86 79 128 90 263 117 34 22 1 201 26 150 37 54 34 165 34 195 6 258 34 24 82 71 37 195 43 104 213 150 121 138 138 42 162 98 49 82 104 263 108 90 172 194 223 287 231 34 158 12 214 223 98 37 42 212 26 115 107 229 234 201 81 291 257 90 126 201 87 115 138 157 182 150 157 150 0 114 37 0 157 219 107 17 140 293 128 212 129 108 257 0
41 176 183 176 0 137 317 63 94 106 129 194 110 187 165 182 94 212 94 67 134 170 94 152 171 155 165 67 171 188 206 105 33 185 185 126 126 91 156 146 188 317 168 137 219 210 258 258 177 94 205 140 202 258 91 165 126 228 110 243 100 219 312 194 141 203 319 137 223 194 134 243 257 173 278 187 173 105 128 107 165 128 173 257 100 145 200 165 0 228 201 20 319 128
61 156 163 156 20 117 297 83 74 86 109 174 90 167 145 162 74 225 74 87 114 150 74 132 151 135 145 87 151 168 186 85 13 205 205 106 146 71 136 126 168 297 148 117 199 230 238 238 197 74 225 120 222 238 71 145 106 233 90 223 80 199 292 174 121 183 339 117 203 174 154 223 237 193 258 167 193 85 108 87 145 108 193 237 80 125 180 185 20 233 193 0 339 108
61 156 163 156 20 117 297 83 74 86 109 174 90 167 145 162 74 225 74 87 114 150 74 132 151 135 145 87 151 168 186 85 13 205 205 106 146 71 136 126 168 297 148 117 199 230 238 238 197 74 225 120 222 238 71 145 106 233 90 223 80 199 292 174 121 183 339 117 203 174 154 223 237 193 258 167 193 85 108 87 145 108 193 237 80 125 180 185 20 233 193 0 339 108
623 603 610 603 582 616 829 633 600 588 588 576 592 555 612 643 600 640 600 649 595 712 600 613 623 597 612 649 618 670 606 532 575 613 613 568 629 491 598 528 670 829 674 616 698 639 716 762 747 600 633 601 740 716 491 612 568 621 592 690 482 704 732 576 647 682 747 616 650 576 562 690 713 620 706 555 620 532 589 475 612 589 620 769 482 604 706 747 582 621 648 562 747 589
206 68 75 68 165 127 300 121 71 59 38 224 63 187 0 91 71 128 71 232 43 241 71 13 119 108 0 232 6 141 207 139 158 101 101 79 199 135 86 84 141 300 145 127 209 231 204 250 235 71 121 25 251 204 135 0 79 249 63 78 130 192 271 224 118 274 235 127 115 224 50 78 101 194 171 187 194 139 37 137 0 37 194 238 130 54 177 330 165 249 166 145 235 37
243 293 300 293 202 220 324 265 204 192 215 261 196 345 251 268 204 324 204 269 220 372 204 238 281 201 251 269 257 274 382 307 235 297 297 172 292 267 202 212 274 324 278 220 302 364 393 446 379 204 317 226 0 393 267 251 172 382 196 329 258 388 404 261 251 405 431 220 322 261 246 329 340 327 396 345 327 307 214 265 251 214 327 433 258 231 310 367 202 382 299 222 431 214
151 105 112 105 110 72 245 143 16 4 27 204 0 161 63 80 16 167 16 177 32 240 16 50 93 53 63 177 69 78 205 160 103 140 140 24 144 119 54 64 78 245 90 72 154 168 205 289 257 16 160 38 196 205 119 63 24 186 0 141 110 231 216 204 63 273 274 72 152 204 89 141 164 131 208 161 131 160 26 117 63 26 131 245 110 43 122 275 110 186 103 90 274 26
167 121 128 121 126 48 261 145 32 20 43 180 24 173 79 96 32 152 32 180 48 256 32 66 109 29 79 180 85 102 210 136 119 125 125 0 120 95 30 40 102 261 106 48 130 192 221 274 259 32 145 54 172 221 95 79 0 210 24 157 86 216 232 180 79 286 259 48 150 180 74 157 168 155 224 173 155 136 42 93 79 42 155 261 86 59 138 291 126 210 127 106 259 42
175 118 125 118 134 108 299 71 97 85 88 174 89 167 50 141 97 78 97 201 93 191 97 63 169 89 50 201 56 167 204 130 167 51 51 74 180 89 104 34 167 299 171 108 174 251 154 200 185 97 71 75 246 154 89 50 74 233 89 128 80 142 297 174 144 224 185 108 165 174 0 128 151 218 221 167 218 130 87 87 50 87 218 288 80 104 203 299 134 233 192 154 185 87
146 71 78 71 105 164 308 168 159 156 151 144 160 137 139 204 159 208 159 172 156 183 159 126 182 145 139 172 145 238 174 0 72 181 181 136 197 59 166 96 238 308 179 164 246 221 284 323 282 159 201 138 307 284 59 139 136 203 160 217 50 232 314 144 152 150 315 164 118 144 130 217 240 188 174 137 188 0 150 57 139 150 188 241 50 167 265 270 105 203 216 85 315 150
246 189 196 189 205 179 370 142 168 156 159 245 160 238 121 212 168 149 168 272 164 262 168 134 240 160 121 272 127 238 275 201 214 122 122 145 251 160 175 105 238 370 242 179 245 257 83 271 256 168 0 146 317 83 160 121 145 239 160 199 151 213 368 245 215 295 256 179 236 245 71 199 222 289 292 238 289 201 158 158 121 158 289 359 151 175 166 370 205 239 263 225 256 158
217 0 7 0 176 149 263 189 113 101 80 215 105 179 68 133 113 196 113 243 85 254 113 55 111 150 68 243 74 183 245 71 143 169 169 121 218 130 128 152 183 263 108 149 231 257 272 318 303 113 189 67 293 272 130 68 121 274 105 146 121 260 313 215 81 221 303 149 47 215 118 146 169 220 103 179 220 71 79 128 68 79 220 170 121 96 219 341 176 274 208 156 303 79
74 143 150 143 33 130 310 96 87 99 122 187 103 180 158 175 87 238 87 100 127 137 87 145 164 148 158 100 164 181 199 72 0 218 218 119 159 84 149 139 181 310 161 130 212 243 225 251 210 87 214 133 235 225 84 158 119 246 103 236 93 186 305 187 134 170 352 130 190 187 167 236 250 206 246 180 206 72 121 100 158 121 206 250 93 138 193 198 33 246 206 13 352 121
