78 64 37
113 43 133 148 85 112 162 77 167 114 149 120 45 168 173 149 133 48 134 127 130 152 112 85 113 85 131 43 124 77 140 91 8 205 113 175 112 91 127 124 101 131 269 45 0 323 123 0 130 125 133 102 149 91 261 107 126 102 144 124 107 133 126 27
105 96 52 168 22 33 99 30 86 67 86 41 98 105 110 86 52 99 55 48 101 64 33 22 32 22 121 96 61 30 77 125 99 117 105 202 33 125 48 65 54 121 303 98 107 242 60 107 101 135 52 100 86 125 249 0 89 100 63 65 0 52 89 80
142 2 124 193 76 103 153 68 158 77 128 103 0 159 164 128 124 77 125 104 121 162 103 76 104 76 127 2 115 68 119 136 37 215 142 220 103 136 104 79 90 127 314 0 45 307 102 45 121 80 124 93 128 136 257 98 117 93 135 79 98 124 117 18
105 35 125 156 77 104 154 69 159 106 141 112 37 160 165 141 125 40 126 119 122 146 104 77 105 77 123 35 116 69 132 99 0 199 105 183 104 99 119 116 93 123 277 37 8 315 115 8 122 117 125 94 141 99 253 99 118 94 136 116 99 125 118 19
165 82 115 144 113 130 190 121 149 157 49 122 80 192 201 49 115 157 152 145 192 157 130 113 131 113 149 82 152 121 92 178 117 210 165 293 130 178 145 98 145 149 356 80 125 305 75 125 192 0 115 173 49 178 279 135 152 173 126 98 135 115 152 98
102 134 103 224 134 107 150 142 137 151 129 115 136 185 222 129 103 139 129 122 183 61 107 134 106 134 118 134 173 142 160 0 99 114 102 266 107 0 122 139 138 118 178 136 91 293 143 91 183 178 103 84 129 0 248 125 108 84 114 139 125 103 108 118
104 101 21 163 27 0 104 35 55 69 81 8 103 78 115 81 21 104 22 15 106 63 0 27 1 27 101 101 66 35 72 107 104 116 104 207 0 107 15 32 56 101 285 103 112 211 55 112 106 130 21 67 81 107 216 33 58 67 32 32 33 21 58 85
113 81 53 131 59 32 136 67 87 62 49 24 79 94 147 49 53 136 54 47 138 95 32 59 33 59 97 81 98 67 40 139 116 148 113 239 32 139 47 0 75 97 317 79 124 243 23 124 138 98 53 99 49 139 203 65 90 99 64 0 65 53 90 97
41 160 42 190 86 63 163 94 76 90 108 71 162 141 174 108 42 163 85 78 122 0 63 86 62 86 59 160 125 94 99 61 146 53 41 266 63 61 78 95 77 59 239 162 152 232 82 152 122 157 42 93 108 61 189 64 79 93 53 95 64 42 79 144
131 79 48 191 45 69 122 37 82 0 109 77 77 128 133 109 48 122 91 84 124 90 69 45 68 45 143 79 84 37 100 151 106 143 131 209 69 151 84 62 13 143 329 77 114 230 83 114 124 157 48 109 109 151 185 67 85 109 59 62 67 48 85 87
119 102 36 178 42 15 119 50 70 84 96 23 104 93 130 96 36 119 37 0 100 78 15 42 16 42 116 102 81 50 87 122 119 131 119 222 15 122 0 47 71 116 300 104 127 226 70 127 100 145 36 82 96 122 231 48 73 82 47 47 48 36 73 100
41 160 42 190 86 63 163 94 76 90 108 71 162 141 174 108 42 163 85 78 122 0 63 86 62 86 59 160 125 94 99 61 146 53 41 266 63 61 78 95 77 59 239 162 152 232 82 152 122 157 42 93 108 61 189 64 79 93 53 95 64 42 79 144
273 309 190 316 238 211 194 246 224 230 256 219 307 289 326 256 190 315 233 226 317 232 211 238 210 238 285 309 277 246 225 293 315 265 273 339 211 293 226 243 225 285 471 307 323 0 230 323 317 305 190 251 256 293 415 242 227 251 179 243 242 190 227 296
119 102 36 178 42 15 119 50 70 84 96 23 104 93 130 96 36 119 37 0 100 78 15 42 16 42 116 102 81 50 87 122 119 131 119 222 15 122 0 47 71 116 300 104 127 226 70 127 100 145 36 82 96 122 231 48 73 82 47 47 48 36 73 100
163 119 127 85 79 106 156 87 109 124 143 114 121 92 167 143 127 156 128 100 0 122 106 79 107 79 178 119 118 87 134 183 122 175 163 259 106 183 100 138 111 178 361 121 130 317 117 130 0 192 127 173 143 183 308 101 164 173 138 138 101 127 164 103
94 133 11 137 59 32 136 67 45 59 77 40 135 110 147 77 11 136 54 47 138 53 32 59 31 59 106 133 98 67 46 114 136 106 94 239 32 114 47 64 46 106 292 135 144 179 51 144 138 126 11 72 77 114 236 63 48 72 0 64 63 11 48 117
90 104 40 108 38 55 115 46 74 83 26 47 102 117 126 26 40 115 77 70 117 82 55 38 56 38 74 104 77 46 17 143 115 135 90 218 55 143 70 23 70 74 321 102 123 230 0 123 117 75 40 101 26 143 204 60 77 101 51 23 60 40 77 96
148 255 225 312 229 216 306 222 259 185 230 224 257 294 317 230 225 223 222 231 308 189 216 229 217 229 130 255 268 222 221 248 253 242 148 394 216 248 231 203 198 130 426 257 261 415 204 261 308 279 225 164 230 248 0 249 188 164 236 203 249 225 188 239
117 74 48 146 0 27 77 8 82 45 64 35 76 83 88 64 48 77 49 42 79 86 27 0 28 0 99 74 39 8 55 134 77 139 117 180 27 134 42 59 32 99 312 76 85 238 38 85 79 113 48 94 64 134 229 22 85 94 59 59 22 48 85 58
90 104 40 108 38 55 115 46 74 83 26 47 102 117 126 26 40 115 77 70 117 82 55 38 56 38 74 104 77 46 17 143 115 135 90 218 55 143 70 23 70 74 321 102 123 230 0 123 117 75 40 101 26 143 204 60 77 101 51 23 60 40 77 96
76 115 37 185 85 58 162 93 71 85 103 66 117 136 173 103 37 158 80 73 164 79 58 85 57 85 58 115 124 93 94 108 118 132 76 265 58 108 73 90 72 58 286 117 126 227 77 126 164 152 37 24 103 108 188 89 0 24 48 90 89 37 0 99
117 74 48 146 0 27 77 8 82 45 64 35 76 83 88 64 48 77 49 42 79 86 27 0 28 0 99 74 39 8 55 134 77 139 117 180 27 134 42 59 32 99 312 76 85 238 38 85 79 113 48 94 64 134 229 22 85 94 59 59 22 48 85 58
119 102 36 178 42 15 119 50 70 84 96 23 104 93 130 96 36 119 37 0 100 78 15 42 16 42 116 102 81 50 87 122 119 131 119 222 15 122 0 47 71 116 300 104 127 226 70 127 100 145 36 82 96 122 231 48 73 82 47 47 48 36 73 100
131 79 48 191 45 69 122 37 82 0 109 77 77 128 133 109 48 122 91 84 124 90 69 45 68 45 143 79 84 37 100 151 106 143 131 209 69 151 84 62 13 143 329 77 114 230 83 114 124 157 48 109 109 151 185 67 85 109 59 62 67 48 85 87
113 81 53 131 59 32 136 67 87 62 49 24 79 94 147 49 53 136 54 47 138 95 32 59 33 59 97 81 98 67 40 139 116 148 113 239 32 139 47 0 75 97 317 79 124 243 23 124 138 98 53 99 49 139 203 65 90 99 64 0 65 53 90 97
205 162 136 234 88 115 165 96 170 133 152 123 164 171 0 152 136 165 137 130 167 174 115 88 116 88 187 162 127 96 143 222 165 227 205 268 115 222 130 147 120 187 400 164 173 326 126 173 167 201 136 182 152 222 317 110 173 182 147 147 110 136 173 146
117 74 48 146 0 27 77 8 82 45 64 35 76 83 88 64 48 77 49 42 79 86 27 0 28 0 99 74 39 8 55 134 77 139 117 180 27 134 42 59 32 99 312 76 85 238 38 85 79 113 48 94 64 134 229 22 85 94 59 59 22 48 85 58
124 16 106 175 58 85 135 50 140 87 122 93 18 141 146 122 106 59 107 100 103 144 85 58 86 58 109 16 97 50 113 118 19 197 124 202 85 118 100 97 74 109 296 18 27 296 96 27 103 98 106 75 122 118 239 80 99 75 117 97 80 106 99 0
52 91 61 209 94 67 171 102 95 109 127 75 93 145 182 127 61 134 89 82 173 93 67 94 68 94 34 91 133 102 118 84 94 146 52 274 67 84 82 99 96 34 262 93 102 251 101 102 173 173 61 0 127 84 164 100 24 0 72 99 100 61 24 75
18 125 95 182 99 101 176 107 129 143 100 109 127 179 187 100 95 163 123 116 178 59 101 99 102 99 0 125 138 107 91 118 123 112 18 279 101 118 116 97 130 0 296 127 131 285 74 131 178 149 95 34 100 118 130 121 58 34 106 97 121 95 58 109
140 0 122 191 74 101 151 66 156 79 130 105 2 157 162 130 122 75 123 102 119 160 101 74 102 74 125 0 113 66 121 134 35 213 140 218 101 134 102 81 90 125 312 2 43 309 104 43 119 82 122 91 130 134 255 96 115 91 133 81 96 122 115 16
182 157 99 177 83 78 160 91 133 128 143 70 159 0 171 143 99 160 100 93 92 141 78 83 79 83 179 157 122 91 134 185 160 194 182 263 78 185 93 94 115 179 363 159 168 289 117 168 92 192 99 145 143 185 294 105 136 145 110 94 105 99 136 141
126 123 43 185 49 22 126 57 77 91 103 30 125 100 137 103 43 126 0 37 128 85 22 49 23 49 123 123 88 57 94 129 126 138 126 229 22 129 37 54 78 123 307 125 134 233 77 134 128 152 43 89 103 129 222 55 80 89 54 54 55 43 80 107
273 309 190 316 238 211 194 246 224 230 256 219 307 289 326 256 190 315 233 226 317 232 211 238 210 238 285 309 277 246 225 293 315 265 273 339 211 293 226 243 225 285 471 307 323 0 230 323 317 305 190 251 256 293 415 242 227 251 179 243 242 190 227 296
125 66 56 154 8 35 85 0 90 37 72 43 68 91 96 72 56 85 57 50 87 94 35 8 36 8 107 66 47 0 63 142 69 147 125 172 35 142 50 67 24 107 320 68 77 246 46 77 87 121 56 102 72 142 222 30 93 102 67 67 30 56 93 50
73 121 57 91 55 72 132 63 91 100 43 64 119 134 143 43 57 132 94 87 134 99 72 55 73 55 91 121 94 63 0 160 132 152 73 235 72 160 87 40 87 91 338 119 140 225 17 140 134 92 57 118 43 160 221 77 94 118 46 40 77 57 94 113
94 213 95 243 139 116 216 147 129 143 161 124 215 194 227 161 95 216 138 131 175 53 116 139 115 139 112 213 178 147 152 114 199 0 94 319 116 114 131 148 130 112 292 215 205 265 135 205 175 210 95 146 161 114 242 117 132 146 106 148 117 95 132 197
41 160 42 190 86 63 163 94 76 90 108 71 162 141 174 108 42 163 85 78 122 0 63 86 62 86 59 160 125 94 99 61 146 53 41 266 63 61 78 95 77 59 239 162 152 232 82 152 122 157 42 93 108 61 189 64 79 93 53 95 64 42 79 144
288 218 228 323 180 207 145 172 262 209 244 215 220 263 268 244 228 223 229 222 259 266 207 180 208 180 279 218 219 172 235 266 183 319 288 0 207 266 222 239 196 279 444 220 175 339 218 175 259 293 228 274 244 266 394 202 265 274 239 239 202 228 265 202
131 79 48 191 45 69 122 37 82 0 109 77 77 128 133 109 48 122 91 84 124 90 69 45 68 45 143 79 84 37 100 151 106 143 131 209 69 151 84 62 13 143 329 77 114 230 83 114 124 157 48 109 109 151 185 67 85 109 59 62 67 48 85 87
280 312 281 402 312 285 328 320 315 329 307 293 314 363 400 307 281 317 307 300 361 239 285 312 284 312 296 312 351 320 338 178 277 292 280 444 285 178 300 317 316 296 0 314 269 471 321 269 361 356 281 262 307 178 426 303 286 262 292 317 303 281 286 296
117 74 48 146 0 27 77 8 82 45 64 35 76 83 88 64 48 77 49 42 79 86 27 0 28 0 99 74 39 8 55 134 77 139 117 180 27 134 42 59 32 99 312 76 85 238 38 85 79 113 48 94 64 134 229 22 85 94 59 59 22 48 85 58
112 105 29 155 35 8 112 43 63 77 73 0 103 70 123 73 29 112 30 23 114 71 8 35 9 35 109 105 74 43 64 115 112 124 112 215 8 115 23 24 64 109 293 103 120 219 47 120 114 122 29 75 73 115 224 41 66 75 40 24 41 29 66 93
194 151 125 223 77 104 0 85 159 122 141 112 153 160 165 141 125 154 126 119 156 163 104 77 105 77 176 151 116 85 132 150 154 216 194 145 104 150 119 136 109 176 328 153 162 194 115 162 156 190 125 171 141 150 306 99 162 171 136 136 99 125 162 135
124 16 106 175 58 85 135 50 140 87 122 93 18 141 146 122 106 59 107 100 103 144 85 58 86 58 109 16 97 50 113 118 19 197 124 202 85 118 100 97 74 109 296 18 27 296 96 27 103 98 106 75 122 118 239 80 99 75 117 97 80 106 99 0
0 140 83 164 117 104 194 125 117 131 116 112 142 182 205 116 83 145 126 119 163 41 104 117 103 117 18 140 156 125 73 102 105 94 0 288 104 102 119 113 118 18 280 142 113 273 90 113 163 165 83 52 116 102 148 105 76 52 94 113 105 83 76 124
94 133 11 137 59 32 136 67 45 59 77 40 135 110 147 77 11 136 54 47 138 53 32 59 31 59 106 133 98 67 46 114 136 106 94 239 32 114 47 64 46 106 292 135 144 179 51 144 138 126 11 72 77 114 236 63 48 72 0 64 63 11 48 117
131 79 48 191 45 69 122 37 82 0 109 77 77 128 133 109 48 122 91 84 124 90 69 45 68 45 143 79 84 37 100 151 106 143 131 209 69 151 84 62 13 143 329 77 114 230 83 114 124 157 48 109 109 151 185 67 85 109 59 62 67 48 85 87
41 160 42 190 86 63 163 94 76 90 108 71 162 141 174 108 42 163 85 78 122 0 63 86 62 86 59 160 125 94 99 61 146 53 41 266 63 61 78 95 77 59 239 162 152 232 82 152 122 157 42 93 108 61 189 64 79 93 53 95 64 42 79 144
117 156 34 182 82 55 159 90 0 82 100 63 158 133 170 100 34 159 77 70 109 76 55 82 54 82 129 156 121 90 91 137 159 129 117 262 55 137 70 87 69 129 315 158 167 224 74 167 109 149 34 95 100 137 259 86 71 95 45 87 86 34 71 140
83 122 0 148 48 21 125 56 34 48 66 29 124 99 136 66 0 125 43 36 127 42 21 48 20 48 95 122 87 56 57 103 125 95 83 228 21 103 36 53 35 95 281 124 133 190 40 133 127 115 0 61 66 103 225 52 37 61 11 53 52 0 37 106
142 2 124 193 76 103 153 68 158 77 128 103 0 159 164 128 124 77 125 104 121 162 103 76 104 76 127 2 115 68 119 136 37 215 142 220 103 136 104 79 90 127 314 0 45 307 102 45 121 80 124 93 128 136 257 98 117 93 135 79 98 124 117 18
117 74 48 146 0 27 77 8 82 45 64 35 76 83 88 64 48 77 49 42 79 86 27 0 28 0 99 74 39 8 55 134 77 139 117 180 27 134 42 59 32 99 312 76 85 238 38 85 79 113 48 94 64 134 229 22 85 94 59 59 22 48 85 58
90 104 40 108 38 55 115 46 74 83 26 47 102 117 126 26 40 115 77 70 117 82 55 38 56 38 74 104 77 46 17 143 115 135 90 218 55 143 70 23 70 74 321 102 123 230 0 123 117 75 40 101 26 143 204 60 77 101 51 23 60 40 77 96
112 105 29 155 35 8 112 43 63 77 73 0 103 70 123 73 29 112 30 23 114 71 8 35 9 35 109 105 74 43 64 115 112 124 112 215 8 115 23 24 64 109 293 103 120 219 47 120 114 122 29 75 73 115 224 41 66 75 40 24 41 29 66 93
117 74 48 146 0 27 77 8 82 45 64 35 76 83 88 64 48 77 49 42 79 86 27 0 28 0 99 74 39 8 55 134 77 139 117 180 27 134 42 59 32 99 312 76 85 238 38 85 79 113 48 94 64 134 229 22 85 94 59 59 22 48 85 58
18 125 95 182 99 101 176 107 129 143 100 109 127 179 187 100 95 163 123 116 178 59 101 99 102 99 0 125 138 107 91 118 123 112 18 279 101 118 116 97 130 0 296 127 131 285 74 131 178 149 95 34 100 118 130 121 58 34 106 97 121 95 58 109
194 151 125 223 77 104 0 85 159 122 141 112 153 160 165 141 125 154 126 119 156 163 104 77 105 77 176 151 116 85 132 150 154 216 194 145 104 150 119 136 109 176 328 153 162 194 115 162 156 190 125 171 141 150 306 99 162 171 136 136 99 125 162 135
164 191 148 0 146 163 223 154 182 191 95 155 193 177 234 95 148 196 185 178 85 190 163 146 164 146 182 191 185 154 91 224 156 243 164 323 163 224 178 131 178 182 402 193 148 316 108 148 85 144 148 209 95 224 312 168 185 209 137 131 168 148 185 175
52 91 61 209 94 67 171 102 95 109 127 75 93 145 182 127 61 134 89 82 173 93 67 94 68 94 34 91 133 102 118 84 94 146 52 274 67 84 82 99 96 34 262 93 102 251 101 102 173 173 61 0 127 84 164 100 24 0 72 99 100 61 24 75
288 218 228 323 180 207 145 172 262 209 244 215 220 263 268 244 228 223 229 222 259 266 207 180 208 180 279 218 219 172 235 266 183 319 288 0 207 266 222 239 196 279 444 220 175 339 218 175 259 293 228 274 244 266 394 202 265 274 239 239 202 228 265 202
117 74 48 146 0 27 77 8 82 45 64 35 76 83 88 64 48 77 49 42 79 86 27 0 28 0 99 74 39 8 55 134 77 139 117 180 27 134 42 59 32 99 312 76 85 238 38 85 79 113 48 94 64 134 229 22 85 94 59 59 22 48 85 58
104 101 21 163 27 0 104 35 55 69 81 8 103 78 115 81 21 104 22 15 106 63 0 27 1 27 101 101 66 35 72 107 104 116 104 207 0 107 15 32 56 101 285 103 112 211 55 112 106 130 21 67 81 107 216 33 58 67 32 32 33 21 58 85
145 75 125 196 77 104 154 85 159 122 141 112 77 160 165 141 125 0 126 119 156 163 104 77 105 77 163 75 116 85 132 139 40 216 145 223 104 139 119 136 109 163 317 77 48 315 115 48 156 157 125 134 141 139 223 99 158 134 136 136 99 125 158 59
163 119 127 85 79 106 156 87 109 124 143 114 121 92 167 143 127 156 128 100 0 122 106 79 107 79 178 119 118 87 134 183 122 175 163 259 106 183 100 138 111 178 361 121 130 317 117 130 0 192 127 173 143 183 308 101 164 173 138 138 101 127 164 103
165 82 115 144 113 130 190 121 149 157 49 122 80 192 201 49 115 157 152 145 192 157 130 113 131 113 149 82 152 121 92 178 117 210 165 293 130 178 145 98 145 149 356 80 125 305 75 125 192 0 115 173 49 178 279 135 152 173 126 98 135 115 152 98
103 102 20 164 28 1 105 36 54 68 82 9 104 79 116 82 20 105 23 16 107 62 1 28 0 28 102 102 67 36 73 106 105 115 103 208 1 106 16 33 55 102 284 104 113 210 56 113 107 131 20 68 82 106 217 32 57 68 31 33 32 20 57 86
116 130 66 95 64 81 141 72 100 109 0 73 128 143 152 0 66 141 103 96 143 108 81 64 82 64 100 130 103 72 43 129 141 161 116 244 81 129 96 49 96 100 307 128 149 256 26 149 143 49 66 127 0 129 230 86 103 127 77 49 86 66 103 122
156 113 87 185 39 66 116 47 121 84 103 74 115 122 127 103 87 116 88 81 118 125 66 39 67 39 138 113 0 47 94 173 116 178 156 219 66 173 81 98 71 138 351 115 124 277 77 124 118 152 87 133 103 173 268 61 124 133 98 98 61 87 124 97
117 156 34 182 82 55 159 90 0 82 100 63 158 133 170 100 34 159 77 70 109 76 55 82 54 82 129 156 121 90 91 137 159 129 117 262 55 137 70 87 69 129 315 158 167 224 74 167 109 149 34 95 100 137 259 86 71 95 45 87 86 34 71 140
131 79 48 191 45 69 122 37 82 0 109 77 77 128 133 109 48 122 91 84 124 90 69 45 68 45 143 79 84 37 100 151 106 143 131 209 69 151 84 62 13 143 329 77 114 230 83 114 124 157 48 109 109 151 185 67 85 109 59 62 67 48 85 87
103 102 20 164 28 1 105 36 54 68 82 9 104 79 116 82 20 105 23 16 107 62 1 28 0 28 102 102 67 36 73 106 105 115 103 208 1 106 16 33 55 102 284 104 113 210 56 113 107 131 20 68 82 106 217 32 57 68 31 33 32 20 57 86
41 160 42 190 86 63 163 94 76 90 108 71 162 141 174 108 42 163 85 78 122 0 63 86 62 86 59 160 125 94 99 61 146 53 41 266 63 61 78 95 77 59 239 162 152 232 82 152 122 157 42 93 108 61 189 64 79 93 53 95 64 42 79 144
113 81 53 131 59 32 136 67 87 62 49 24 79 94 147 49 53 136 54 47 138 95 32 59 33 59 97 81 98 67 40 139 116 148 113 239 32 139 47 0 75 97 317 79 124 243 23 124 138 98 53 99 49 139 203 65 90 99 64 0 65 53 90 97
118 90 35 178 32 56 109 24 69 13 96 64 90 115 120 96 35 109 78 71 111 77 56 32 55 32 130 90 71 24 87 138 93 130 118 196 56 138 71 75 0 130 316 90 101 225 70 101 111 145 35 96 96 138 198 54 72 96 46 75 54 35 72 74
113 81 53 131 59 32 136 67 87 62 49 24 79 94 147 49 53 136 54 47 138 95 32 59 33 59 97 81 98 67 40 139 116 148 113 239 32 139 47 0 75 97 317 79 124 243 23 124 138 98 53 99 49 139 203 65 90 99 64 0 65 53 90 97
194 313 195 343 239 216 316 247 229 243 261 224 315 294 327 261 195 282 238 231 275 153 216 239 215 239 189 313 278 247 252 214 299 206 194 419 216 214 231 248 230 189 392 315 305 385 235 305 275 310 195 223 261 214 59 217 232 223 206 248 217 195 232 297
18 125 95 182 99 101 176 107 129 143 100 109 127 179 187 100 95 163 123 116 178 59 101 99 102 99 0 125 138 107 91 118 123 112 18 279 101 118 116 97 130 0 296 127 131 285 74 131 178 149 95 34 100 118 130 121 58 34 106 97 121 95 58 109
