90 87 21
69 69 44 65 44 58 54 68 41 21 50 101 26 65 44 136 69 50 56 50 58 26 130 0 73 44 56 110 44 101 21 42 52 65 16 101 26 42 68 73 101 21 68 50 202 42 56 42 21 52 65 58 41 26 69 136 134 68 24 68 44 52 21 58 52 56 58 26 29 65 65 69 44 45 42 29 69 65 44 52 52 52 55 136 56 50 69
137 137 112 97 112 102 123 124 109 89 128 61 94 97 112 49 137 128 127 128 102 94 162 110 87 112 127 0 112 61 89 120 120 97 94 61 94 120 124 87 61 89 124 128 213 120 127 120 89 120 97 102 109 94 137 49 212 124 92 124 112 120 89 102 120 127 102 94 97 143 97 137 112 123 120 97 137 97 112 120 120 120 127 49 127 128 137
95 95 70 67 70 84 81 0 67 47 75 103 52 67 70 108 95 75 85 75 84 52 132 68 99 70 85 124 70 103 47 69 16 67 52 103 52 69 0 99 103 47 0 75 228 69 85 69 47 16 67 84 67 52 95 108 161 0 50 0 70 16 47 84 16 85 84 52 39 88 67 95 70 66 69 39 95 67 70 16 16 16 82 108 85 75 95
82 82 57 31 57 71 67 66 36 34 11 67 39 31 57 91 82 11 69 11 71 39 96 45 86 57 69 123 57 67 34 3 65 31 29 67 39 3 66 86 67 34 66 11 215 3 69 3 34 65 31 71 36 39 82 91 95 66 37 66 57 65 34 71 65 69 71 39 42 88 31 82 57 0 3 42 82 31 57 65 65 65 16 91 69 11 82
0 0 65 92 65 79 76 95 68 48 87 128 47 92 65 173 4 87 80 87 79 47 157 69 94 29 80 137 65 128 48 79 79 92 53 128 47 79 95 94 128 48 95 87 223 79 80 79 48 79 92 79 68 47 0 173 171 95 45 95 65 79 48 79 79 80 79 47 56 96 92 4 29 82 79 56 0 92 65 79 79 79 80 173 80 87 90
56 56 31 36 31 45 42 39 28 8 47 72 13 36 31 133 56 47 46 47 45 13 101 29 60 31 46 97 31 72 8 39 23 36 13 72 13 39 39 60 72 8 39 47 189 39 46 39 8 23 36 45 28 13 56 133 131 39 11 39 31 23 8 45 23 46 45 13 0 62 36 56 31 42 39 0 56 36 31 23 23 23 46 133 46 47 56
0 0 65 92 65 79 76 95 68 48 87 128 47 92 65 173 4 87 80 87 79 47 157 69 94 29 80 137 65 128 48 79 79 92 53 128 47 79 95 94 128 48 95 87 223 79 80 79 48 79 92 79 68 47 0 173 171 95 45 95 65 79 48 79 79 80 79 47 56 96 92 4 29 82 79 56 0 92 65 79 79 79 80 173 80 87 90
79 79 14 75 14 0 28 84 57 37 76 87 32 75 14 151 83 76 69 76 0 32 140 58 15 60 69 102 14 87 37 68 68 75 42 87 32 68 84 15 87 37 84 76 172 68 69 68 37 68 75 0 57 32 79 151 143 84 34 84 14 68 37 0 68 69 0 32 45 45 75 83 60 71 68 45 79 75 14 68 68 68 69 151 69 76 75
45 45 20 47 20 34 31 50 23 3 42 83 2 47 20 128 49 42 35 42 34 2 112 24 49 26 35 92 20 83 3 34 34 47 8 83 2 34 50 49 83 3 50 42 178 34 35 34 3 34 47 34 23 2 45 128 126 50 0 50 20 34 3 34 34 35 34 2 11 51 47 49 26 37 34 11 45 47 20 34 34 34 35 128 35 42 45
80 80 55 41 55 69 66 82 20 38 21 77 37 41 55 107 84 21 70 21 69 37 106 55 84 61 70 127 55 77 38 13 69 41 39 77 37 13 82 84 77 38 82 21 213 13 70 13 38 69 41 69 20 37 80 107 105 82 35 82 55 69 38 69 69 70 69 37 46 86 41 84 61 16 13 46 80 41 55 69 69 69 0 107 70 21 80
68 68 43 61 43 57 54 67 0 20 34 97 25 61 43 127 68 34 58 34 57 25 126 41 72 43 58 109 43 97 20 33 51 61 25 97 25 33 67 72 97 20 67 34 201 33 58 33 20 51 61 57 0 25 68 127 125 67 23 67 43 51 20 57 51 58 57 25 28 74 61 68 43 36 33 28 68 61 43 51 51 51 20 127 58 34 68
157 157 132 65 132 140 143 132 126 109 101 101 114 65 132 187 157 101 141 101 140 114 0 130 155 132 141 162 132 101 109 93 124 65 114 101 114 93 132 155 101 109 132 101 253 93 141 93 109 124 65 140 126 114 157 187 185 132 112 132 132 124 109 140 124 141 140 114 101 163 65 157 132 96 93 101 157 65 132 124 124 124 106 187 141 101 157
45 45 20 47 20 34 31 50 23 3 42 83 2 47 20 128 49 42 35 42 34 2 112 24 49 26 35 92 20 83 3 34 34 47 8 83 2 34 50 49 83 3 50 42 178 34 35 34 3 34 47 34 23 2 45 128 126 50 0 50 20 34 3 34 34 35 34 2 11 51 47 49 26 37 34 11 45 47 20 34 34 34 35 128 35 42 45
95 95 70 67 70 84 81 0 67 47 75 103 52 67 70 108 95 75 85 75 84 52 132 68 99 70 85 124 70 103 47 69 16 67 52 103 52 69 0 99 103 47 0 75 228 69 85 69 47 16 67 84 67 52 95 108 161 0 50 0 70 16 47 84 16 85 84 52 39 88 67 95 70 66 69 39 95 67 70 16 16 16 82 108 85 75 95
0 0 65 92 65 79 76 95 68 48 87 128 47 92 65 173 4 87 80 87 79 47 157 69 94 29 80 137 65 128 48 79 79 92 53 128 47 79 95 94 128 48 95 87 223 79 80 79 48 79 92 79 68 47 0 173 171 95 45 95 65 79 48 79 79 80 79 47 56 96 92 4 29 82 79 56 0 92 65 79 79 79 80 173 80 87 90
137 137 112 97 112 102 123 124 109 89 128 61 94 97 112 49 137 128 127 128 102 94 162 110 87 112 127 0 112 61 89 120 120 97 94 61 94 120 124 87 61 89 124 128 213 120 127 120 89 120 97 102 109 94 137 49 212 124 92 124 112 120 89 102 120 127 102 94 97 143 97 137 112 123 120 97 137 97 112 120 120 120 127 49 127 128 137
79 79 14 75 14 0 28 84 57 37 76 87 32 75 14 151 83 76 69 76 0 32 140 58 15 60 69 102 14 87 37 68 68 75 42 87 32 68 84 15 87 37 84 76 172 68 69 68 37 68 75 0 57 32 79 151 143 84 34 84 14 68 37 0 68 69 0 32 45 45 75 83 60 71 68 45 79 75 14 68 68 68 69 151 69 76 75
128 128 101 36 101 87 114 103 97 80 72 0 85 36 101 110 128 72 118 72 87 85 101 101 72 103 118 61 101 0 80 64 95 36 85 0 85 64 103 72 0 80 103 72 152 64 118 64 80 95 36 87 97 85 128 110 156 103 83 103 101 95 80 87 95 118 87 85 72 132 36 128 103 67 64 72 128 36 101 95 95 95 77 110 118 72 128
56 56 31 36 31 45 42 39 28 8 47 72 13 36 31 133 56 47 46 47 45 13 101 29 60 31 46 97 31 72 8 39 23 36 13 72 13 39 39 60 72 8 39 47 189 39 46 39 8 23 36 45 28 13 56 133 131 39 11 39 31 23 8 45 23 46 45 13 0 62 36 56 31 42 39 0 56 36 31 23 23 23 46 133 46 47 56
95 95 70 67 70 84 81 0 67 47 75 103 52 67 70 108 95 75 85 75 84 52 132 68 99 70 85 124 70 103 47 69 16 67 52 103 52 69 0 99 103 47 0 75 228 69 85 69 47 16 67 84 67 52 95 108 161 0 50 0 70 16 47 84 16 85 84 52 39 88 67 95 70 66 69 39 95 67 70 16 16 16 82 108 85 75 95
87 87 62 36 62 76 72 75 34 39 0 72 44 36 62 102 83 0 74 0 76 44 101 50 91 58 74 128 62 72 39 8 70 36 34 72 44 8 75 91 72 39 75 0 220 8 74 8 39 70 36 76 34 44 87 102 100 75 42 75 62 70 39 76 70 74 76 44 47 93 36 83 58 11 8 47 87 36 62 70 70 70 21 102 74 0 87
157 157 132 65 132 140 143 132 126 109 101 101 114 65 132 187 157 101 141 101 140 114 0 130 155 132 141 162 132 101 109 93 124 65 114 101 114 93 132 155 101 109 132 101 253 93 141 93 109 124 65 140 126 114 157 187 185 132 112 132 132 124 109 140 124 141 140 114 101 163 65 157 132 96 93 101 157 65 132 124 124 124 106 187 141 101 157
79 79 54 59 54 68 65 16 51 31 70 95 36 59 54 124 79 70 69 70 68 36 124 52 83 54 69 120 54 95 31 62 0 59 36 95 36 62 16 83 95 31 16 70 212 62 69 62 31 0 59 68 51 36 79 124 154 16 34 16 54 0 31 68 0 69 68 36 23 72 59 79 54 65 62 23 79 59 54 0 0 0 69 124 69 70 79
92 92 67 0 67 75 78 67 61 44 36 36 49 0 67 122 92 36 82 36 75 49 65 65 90 67 82 97 67 36 44 28 59 0 49 36 49 28 67 90 36 44 67 36 188 28 82 28 44 59 0 75 61 49 92 122 120 67 47 67 67 59 44 75 59 82 75 49 36 98 0 92 67 31 28 36 92 0 67 59 59 59 41 122 82 36 92
87 87 62 36 62 76 72 75 34 39 0 72 44 36 62 102 83 0 74 0 76 44 101 50 91 58 74 128 62 72 39 8 70 36 34 72 44 8 75 91 72 39 75 0 220 8 74 8 39 70 36 76 34 44 87 102 100 75 42 75 62 70 39 76 70 74 76 44 47 93 36 83 58 11 8 47 87 36 62 70 70 70 21 102 74 0 87
79 79 14 75 14 0 28 84 57 37 76 87 32 75 14 151 83 76 69 76 0 32 140 58 15 60 69 102 14 87 37 68 68 75 42 87 32 68 84 15 87 37 84 76 172 68 69 68 37 68 75 0 57 32 79 151 143 84 34 84 14 68 37 0 68 69 0 32 45 45 75 83 60 71 68 45 79 75 14 68 68 68 69 151 69 76 75
79 79 14 75 14 0 28 84 57 37 76 87 32 75 14 151 83 76 69 76 0 32 140 58 15 60 69 102 14 87 37 68 68 75 42 87 32 68 84 15 87 37 84 76 172 68 69 68 37 68 75 0 57 32 79 151 143 84 34 84 14 68 37 0 68 69 0 32 45 45 75 83 60 71 68 45 79 75 14 68 68 68 69 151 69 76 75
53 53 28 49 28 42 38 52 25 5 34 85 10 49 28 120 53 34 40 34 42 10 114 16 57 28 40 94 28 85 5 26 36 49 0 85 10 26 52 57 85 5 52 34 186 26 40 26 5 36 49 42 25 10 53 120 118 52 8 52 28 36 5 42 36 40 42 10 13 59 49 53 28 29 26 13 53 49 28 36 36 36 39 120 40 34 53
79 79 14 75 14 0 28 84 57 37 76 87 32 75 14 151 83 76 69 76 0 32 140 58 15 60 69 102 14 87 37 68 68 75 42 87 32 68 84 15 87 37 84 76 172 68 69 68 37 68 75 0 57 32 79 151 143 84 34 84 14 68 37 0 68 69 0 32 45 45 75 83 60 71 68 45 79 75 14 68 68 68 69 151 69 76 75
86 86 61 82 61 75 71 85 58 38 67 118 43 82 61 153 86 67 73 67 75 43 147 17 90 61 73 127 61 118 38 59 69 82 33 118 43 59 85 90 118 38 85 67 219 59 73 59 38 69 82 75 58 43 86 153 151 85 41 85 61 69 38 75 69 73 75 43 46 82 82 86 61 62 59 46 86 82 61 69 69 69 72 153 73 67 86
96 96 31 98 31 45 73 88 74 54 93 132 49 98 31 179 100 93 86 93 45 49 163 65 60 77 86 143 31 132 54 85 72 98 59 132 49 85 88 60 132 54 88 93 189 85 86 85 54 72 98 45 74 49 96 179 177 88 51 88 31 72 54 45 72 86 45 49 62 0 98 100 77 88 85 62 96 98 31 72 72 72 86 179 86 93 92
53 53 28 49 28 42 38 52 25 5 34 85 10 49 28 120 53 34 40 34 42 10 114 16 57 28 40 94 28 85 5 26 36 49 0 85 10 26 52 57 85 5 52 34 186 26 40 26 5 36 49 42 25 10 53 120 118 52 8 52 28 36 5 42 36 40 42 10 13 59 49 53 28 29 26 13 53 49 28 36 36 36 39 120 40 34 53
48 48 23 44 23 37 34 47 20 0 39 80 5 44 23 125 48 39 38 39 37 5 109 21 52 23 38 89 23 80 0 31 31 44 5 80 5 31 47 52 80 0 47 39 181 31 38 31 0 31 44 37 20 5 48 125 123 47 3 47 23 31 0 37 31 38 37 5 8 54 44 48 23 34 31 8 48 44 23 31 31 31 38 125 38 39 48
82 82 57 31 57 71 67 66 36 34 11 67 39 31 57 91 82 11 69 11 71 39 96 45 86 57 69 123 57 67 34 3 65 31 29 67 39 3 66 86 67 34 66 11 215 3 69 3 34 65 31 71 36 39 82 91 95 66 37 66 57 65 34 71 65 69 71 39 42 88 31 82 57 0 3 42 82 31 57 65 65 65 16 91 69 11 82
65 65 0 67 0 14 42 70 43 23 62 101 18 67 0 148 69 62 55 62 14 18 132 44 29 46 55 112 0 101 23 54 54 67 28 101 18 54 70 29 101 23 70 62 158 54 55 54 23 54 67 14 43 18 65 148 146 70 20 70 0 54 23 14 54 55 14 18 31 31 67 69 46 57 54 31 65 67 0 54 54 54 55 148 55 62 61
56 56 31 36 31 45 42 39 28 8 47 72 13 36 31 133 56 47 46 47 45 13 101 29 60 31 46 97 31 72 8 39 23 36 13 72 13 39 39 60 72 8 39 47 189 39 46 39 8 23 36 45 28 13 56 133 131 39 11 39 31 23 8 45 23 46 45 13 0 62 36 56 31 42 39 0 56 36 31 23 23 23 46 133 46 47 56
173 173 148 122 148 151 158 108 127 125 102 110 130 122 148 0 173 102 160 102 151 130 187 136 136 148 160 49 148 110 125 94 124 122 120 110 130 94 108 136 110 125 108 102 262 94 160 94 125 124 122 151 127 130 173 0 186 108 128 108 148 124 125 151 124 160 151 130 133 179 122 173 148 91 94 133 173 122 148 124 124 124 107 0 160 102 173
223 223 158 188 158 172 200 228 201 181 220 152 176 188 158 262 227 220 201 220 172 176 253 202 187 204 201 213 158 152 181 212 212 188 186 152 176 212 228 187 152 181 228 220 0 212 201 212 181 212 188 172 201 176 223 262 304 228 178 228 158 212 181 172 212 201 172 176 189 189 188 227 204 215 212 189 223 188 158 212 212 212 213 262 201 220 219
79 79 14 75 14 0 28 84 57 37 76 87 32 75 14 151 83 76 69 76 0 32 140 58 15 60 69 102 14 87 37 68 68 75 42 87 32 68 84 15 87 37 84 76 172 68 69 68 37 68 75 0 57 32 79 151 143 84 34 84 14 68 37 0 68 69 0 32 45 45 75 83 60 71 68 45 79 75 14 68 68 68 69 151 69 76 75
56 56 31 36 31 45 42 39 28 8 47 72 13 36 31 133 56 47 46 47 45 13 101 29 60 31 46 97 31 72 8 39 23 36 13 72 13 39 39 60 72 8 39 47 189 39 46 39 8 23 36 45 28 13 56 133 131 39 11 39 31 23 8 45 23 46 45 13 0 62 36 56 31 42 39 0 56 36 31 23 23 23 46 133 46 47 56
79 79 54 28 54 68 64 69 33 31 8 64 36 28 54 94 79 8 66 8 68 36 93 42 83 54 66 120 54 64 31 0 62 28 26 64 36 0 69 83 64 31 69 8 212 0 66 0 31 62 28 68 33 36 79 94 92 69 34 69 54 62 31 68 62 66 68 36 39 85 28 79 54 3 0 39 79 28 54 62 62 62 13 94 66 8 79
137 137 112 97 112 102 123 124 109 89 128 61 94 97 112 49 137 128 127 128 102 94 162 110 87 112 127 0 112 61 89 120 120 97 94 61 94 120 124 87 61 89 124 128 213 120 127 120 89 120 97 102 109 94 137 49 212 124 92 124 112 120 89 102 120 127 102 94 97 143 97 137 112 123 120 97 137 97 112 120 120 120 127 49 127 128 137
79 79 54 28 54 68 64 69 33 31 8 64 36 28 54 94 79 8 66 8 68 36 93 42 83 54 66 120 54 64 31 0 62 28 26 64 36 0 69 83 64 31 69 8 212 0 66 0 31 62 28 68 33 36 79 94 92 69 34 69 54 62 31 68 62 66 68 36 39 85 28 79 54 3 0 39 79 28 54 62 62 62 13 94 66 8 79
94 94 29 90 29 15 43 99 72 52 91 72 47 90 29 136 98 91 84 91 15 47 155 73 0 75 84 87 29 72 52 83 83 90 57 72 47 83 99 0 72 52 99 91 187 83 84 83 52 83 90 15 72 47 94 136 158 99 49 99 29 83 52 15 83 84 15 47 60 60 90 98 75 86 83 60 94 90 29 83 83 83 84 136 84 91 90
79 79 54 28 54 68 64 69 33 31 8 64 36 28 54 94 79 8 66 8 68 36 93 42 83 54 66 120 54 64 31 0 62 28 26 64 36 0 69 83 64 31 69 8 212 0 66 0 31 62 28 68 33 36 79 94 92 69 34 69 54 62 31 68 62 66 68 36 39 85 28 79 54 3 0 39 79 28 54 62 62 62 13 94 66 8 79
0 0 65 92 65 79 76 95 68 48 87 128 47 92 65 173 4 87 80 87 79 47 157 69 94 29 80 137 65 128 48 79 79 92 53 128 47 79 95 94 128 48 95 87 223 79 80 79 48 79 92 79 68 47 0 173 171 95 45 95 65 79 48 79 79 80 79 47 56 96 92 4 29 82 79 56 0 92 65 79 79 79 80 173 80 87 90
80 80 55 41 55 69 66 82 20 38 21 77 37 41 55 107 84 21 70 21 69 37 106 55 84 61 70 127 55 77 38 13 69 41 39 77 37 13 82 84 77 38 82 21 213 13 70 13 38 69 41 69 20 37 80 107 105 82 35 82 55 69 38 69 69 70 69 37 46 86 41 84 61 16 13 46 80 41 55 69 69 69 0 107 70 21 80
53 53 28 49 28 42 38 52 25 5 34 85 10 49 28 120 53 34 40 34 42 10 114 16 57 28 40 94 28 85 5 26 36 49 0 85 10 26 52 57 85 5 52 34 186 26 40 26 5 36 49 42 25 10 53 120 118 52 8 52 28 36 5 42 36 40 42 10 13 59 49 53 28 29 26 13 53 49 28 36 36 36 39 120 40 34 53
79 79 14 75 14 0 28 84 57 37 76 87 32 75 14 151 83 76 69 76 0 32 140 58 15 60 69 102 14 87 37 68 68 75 42 87 32 68 84 15 87 37 84 76 172 68 69 68 37 68 75 0 57 32 79 151 143 84 34 84 14 68 37 0 68 69 0 32 45 45 75 83 60 71 68 45 79 75 14 68 68 68 69 151 69 76 75
87 87 62 36 62 76 72 75 34 39 0 72 44 36 62 102 83 0 74 0 76 44 101 50 91 58 74 128 62 72 39 8 70 36 34 72 44 8 75 91 72 39 75 0 220 8 74 8 39 70 36 76 34 44 87 102 100 75 42 75 62 70 39 76 70 74 76 44 47 93 36 83 58 11 8 47 87 36 62 70 70 70 21 102 74 0 87
95 95 70 67 70 84 81 0 67 47 75 103 52 67 70 108 95 75 85 75 84 52 132 68 99 70 85 124 70 103 47 69 16 67 52 103 52 69 0 99 103 47 0 75 228 69 85 69 47 16 67 84 67 52 95 108 161 0 50 0 70 16 47 84 16 85 84 52 39 88 67 95 70 66 69 39 95 67 70 16 16 16 82 108 85 75 95
96 96 31 98 31 45 73 88 74 54 93 132 49 98 31 179 100 93 86 93 45 49 163 65 60 77 86 143 31 132 54 85 72 98 59 132 49 85 88 60 132 54 88 93 189 85 86 85 54 72 98 45 74 49 96 179 177 88 51 88 31 72 54 45 72 86 45 49 62 0 98 100 77 88 85 62 96 98 31 72 72 72 86 179 86 93 92
79 79 54 28 54 68 64 69 33 31 8 64 36 28 54 94 79 8 66 8 68 36 93 42 83 54 66 120 54 64 31 0 62 28 26 64 36 0 69 83 64 31 69 8 212 0 66 0 31 62 28 68 33 36 79 94 92 69 34 69 54 62 31 68 62 66 68 36 39 85 28 79 54 3 0 39 79 28 54 62 62 62 13 94 66 8 79
157 157 132 65 132 140 143 102 126 109 101 101 114 65 132 91 157 101 147 101 140 114 130 130 129 132 147 42 132 101 109 93 118 65 114 101 114 93 102 129 101 109 102 101 253 93 147 93 109 118 65 140 126 114 157 91 185 102 112 102 132 118 109 140 118 147 140 114 101 163 65 157 132 96 93 101 157 65 132 118 118 118 106 91 147 101 157
79 79 14 75 14 0 28 84 57 37 76 87 32 75 14 151 83 76 69 76 0 32 140 58 15 60 69 102 14 87 37 68 68 75 42 87 32 68 84 15 87 37 84 76 172 68 69 68 37 68 75 0 57 32 79 151 143 84 34 84 14 68 37 0 68 69 0 32 45 45 75 83 60 71 68 45 79 75 14 68 68 68 69 151 69 76 75
94 94 29 90 29 15 43 99 72 52 91 72 47 90 29 136 98 91 84 91 15 47 155 73 0 75 84 87 29 72 52 83 83 90 57 72 47 83 99 0 72 52 99 91 187 83 84 83 52 83 90 15 72 47 94 136 158 99 49 99 29 83 52 15 83 84 15 47 60 60 90 98 75 86 83 60 94 90 29 83 83 83 84 136 84 91 90
223 223 158 188 158 172 200 228 201 181 220 152 176 188 158 262 227 220 201 220 172 176 253 202 187 204 201 213 158 152 181 212 212 188 186 152 176 212 228 187 152 181 228 220 0 212 201 212 181 212 188 172 201 176 223 262 304 228 178 228 158 212 181 172 212 201 172 176 189 189 188 227 204 215 212 189 223 188 158 212 212 212 213 262 201 220 219
45 45 20 47 20 34 31 50 23 3 42 83 2 47 20 128 49 42 35 42 34 2 112 24 49 26 35 92 20 83 3 34 34 47 8 83 2 34 50 49 83 3 50 42 178 34 35 34 3 34 47 34 23 2 45 128 126 50 0 50 20 34 3 34 34 35 34 2 11 51 47 49 26 37 34 11 45 47 20 34 34 34 35 128 35 42 45
0 0 65 92 65 79 76 95 68 48 87 128 47 92 65 173 4 87 80 87 79 47 157 69 94 29 80 137 65 128 48 79 79 92 53 128 47 79 95 94 128 48 95 87 223 79 80 79 48 79 92 79 68 47 0 173 171 95 45 95 65 79 48 79 79 80 79 47 56 96 92 4 29 82 79 56 0 92 65 79 79 79 80 173 80 87 90
94 94 29 90 29 15 43 99 72 52 91 72 47 90 29 136 98 91 84 91 15 47 155 73 0 75 84 87 29 72 52 83 83 90 57 72 47 83 99 0 72 52 99 91 187 83 84 83 52 83 90 15 72 47 94 136 158 99 49 99 29 83 52 15 83 84 15 47 60 60 90 98 75 86 83 60 94 90 29 83 83 83 84 136 84 91 90
45 45 20 47 20 34 31 50 23 3 42 83 2 47 20 128 49 42 35 42 34 2 112 24 49 26 35 92 20 83 3 34 34 47 8 83 2 34 50 49 83 3 50 42 178 34 35 34 3 34 47 34 23 2 45 128 126 50 0 50 20 34 3 34 34 35 34 2 11 51 47 49 26 37 34 11 45 47 20 34 34 34 35 128 35 42 45
80 80 55 82 55 69 66 85 58 38 74 118 37 82 55 160 84 74 0 74 69 37 141 56 84 61 0 127 55 118 38 66 69 82 40 118 37 66 85 84 118 38 85 74 201 66 0 66 38 69 82 69 58 37 80 160 158 85 35 85 55 69 38 69 69 0 69 37 46 86 82 84 61 69 66 46 80 82 55 69 69 69 70 160 0 74 80
45 45 20 47 20 34 31 50 23 3 42 83 2 47 20 128 49 42 35 42 34 2 112 24 49 26 35 92 20 83 3 34 34 47 8 83 2 34 50 49 83 3 50 42 178 34 35 34 3 34 47 34 23 2 45 128 126 50 0 50 20 34 3 34 34 35 34 2 11 51 47 49 26 37 34 11 45 47 20 34 34 34 35 128 35 42 45
53 53 28 49 28 42 38 52 25 5 34 85 10 49 28 120 53 34 40 34 42 10 114 16 57 28 40 94 28 85 5 26 36 49 0 85 10 26 52 57 85 5 52 34 186 26 40 26 5 36 49 42 25 10 53 120 118 52 8 52 28 36 5 42 36 40 42 10 13 59 49 53 28 29 26 13 53 49 28 36 36 36 39 120 40 34 53
76 76 42 78 42 28 0 81 54 34 72 114 29 78 42 158 80 72 66 72 28 29 143 54 43 57 66 123 42 114 34 64 65 78 38 114 29 64 81 43 114 34 81 72 200 64 66 64 34 65 78 28 54 29 76 158 156 81 31 81 42 65 34 28 65 66 28 29 42 73 78 80 57 67 64 42 76 78 42 65 65 65 66 158 66 72 72
171 171 146 120 146 143 156 161 125 123 100 156 128 120 146 186 171 100 158 100 143 128 185 134 158 146 158 212 146 156 123 92 154 120 118 156 128 92 161 158 156 123 161 100 304 92 158 92 123 154 120 143 125 128 171 186 0 161 126 161 146 154 123 143 154 158 143 128 131 177 120 171 146 95 92 131 171 120 146 154 154 154 105 186 158 100 171
95 95 70 67 70 84 81 0 67 47 75 103 52 67 70 108 95 75 85 75 84 52 132 68 99 70 85 124 70 103 47 69 16 67 52 103 52 69 0 99 103 47 0 75 228 69 85 69 47 16 67 84 67 52 95 108 161 0 50 0 70 16 47 84 16 85 84 52 39 88 67 95 70 66 69 39 95 67 70 16 16 16 82 108 85 75 95
76 76 42 78 42 28 0 81 54 34 72 114 29 78 42 158 80 72 66 72 28 29 143 54 43 57 66 123 42 114 34 64 65 78 38 114 29 64 81 43 114 34 81 72 200 64 66 64 34 65 78 28 54 29 76 158 156 81 31 81 42 65 34 28 65 66 28 29 42 73 78 80 57 67 64 42 76 78 42 65 65 65 66 158 66 72 72
79 79 54 28 54 68 64 69 33 31 8 64 36 28 54 94 79 8 66 8 68 36 93 42 83 54 66 120 54 64 31 0 62 28 26 64 36 0 69 83 64 31 69 8 212 0 66 0 31 62 28 68 33 36 79 94 92 69 34 69 54 62 31 68 62 66 68 36 39 85 28 79 54 3 0 39 79 28 54 62 62 62 13 94 66 8 79
79 79 14 75 14 0 28 84 57 37 76 87 32 75 14 151 83 76 69 76 0 32 140 58 15 60 69 102 14 87 37 68 68 75 42 87 32 68 84 15 87 37 84 76 172 68 69 68 37 68 75 0 57 32 79 151 143 84 34 84 14 68 37 0 68 69 0 32 45 45 75 83 60 71 68 45 79 75 14 68 68 68 69 151 69 76 75
4 4 69 92 69 83 80 95 68 48 83 128 51 92 69 173 0 83 84 83 83 51 157 69 98 25 84 137 69 128 48 79 79 92 53 128 51 79 95 98 128 48 95 83 227 79 84 79 48 79 92 83 68 51 4 173 171 95 49 95 69 79 48 83 79 84 83 51 56 100 92 0 25 82 79 56 4 92 69 79 79 79 84 173 84 83 94
45 45 20 47 20 34 31 50 23 3 42 83 2 47 20 128 49 42 35 42 34 2 112 24 49 26 35 92 20 83 3 34 34 47 8 83 2 34 50 49 83 3 50 42 178 34 35 34 3 34 47 34 23 2 45 128 126 50 0 50 20 34 3 34 34 35 34 2 11 51 47 49 26 37 34 11 45 47 20 34 34 34 35 128 35 42 45
56 56 31 36 31 45 42 39 28 8 47 72 13 36 31 133 56 47 46 47 45 13 101 29 60 31 46 97 31 72 8 39 23 36 13 72 13 39 39 60 72 8 39 47 189 39 46 39 8 23 36 45 28 13 56 133 131 39 11 39 31 23 8 45 23 46 45 13 0 62 36 56 31 42 39 0 56 36 31 23 23 23 46 133 46 47 56
79 79 14 75 14 0 28 84 57 37 76 87 32 75 14 151 83 76 69 76 0 32 140 58 15 60 69 102 14 87 37 68 68 75 42 87 32 68 84 15 87 37 84 76 172 68 69 68 37 68 75 0 57 32 79 151 143 84 34 84 14 68 37 0 68 69 0 32 45 45 75 83 60 71 68 45 79 75 14 68 68 68 69 151 69 76 75
45 45 20 47 20 34 31 50 23 3 42 83 2 47 20 128 49 42 35 42 34 2 112 24 49 26 35 92 20 83 3 34 34 47 8 83 2 34 50 49 83 3 50 42 178 34 35 34 3 34 47 34 23 2 45 128 126 50 0 50 20 34 3 34 34 35 34 2 11 51 47 49 26 37 34 11 45 47 20 34 34 34 35 128 35 42 45
79 79 14 75 14 0 28 84 57 37 76 87 32 75 14 151 83 76 69 76 0 32 140 58 15 60 69 102 14 87 37 68 68 75 42 87 32 68 84 15 87 37 84 76 172 68 69 68 37 68 75 0 57 32 79 151 143 84 34 84 14 68 37 0 68 69 0 32 45 45 75 83 60 71 68 45 79 75 14 68 68 68 69 151 69 76 75
79 79 14 75 14 0 28 84 57 37 76 87 32 75 14 151 83 76 69 76 0 32 140 58 15 60 69 102 14 87 37 68 68 75 42 87 32 68 84 15 87 37 84 76 172 68 69 68 37 68 75 0 57 32 79 151 143 84 34 84 14 68 37 0 68 69 0 32 45 45 75 83 60 71 68 45 79 75 14 68 68 68 69 151 69 76 75
82 82 57 31 57 71 67 66 36 34 11 67 39 31 57 91 82 11 69 11 71 39 96 45 86 57 69 123 57 67 34 3 65 31 29 67 39 3 66 86 67 34 66 11 215 3 69 3 34 65 31 71 36 39 82 91 95 66 37 66 57 65 34 71 65 69 71 39 42 88 31 82 57 0 3 42 82 31 57 65 65 65 16 91 69 11 82
48 48 23 44 23 37 34 47 20 0 39 80 5 44 23 125 48 39 38 39 37 5 109 21 52 23 38 89 23 80 0 31 31 44 5 80 5 31 47 52 80 0 47 39 181 31 38 31 0 31 44 37 20 5 48 125 123 47 3 47 23 31 0 37 31 38 37 5 8 54 44 48 23 34 31 8 48 44 23 31 31 31 38 125 38 39 48
79 79 54 28 54 68 64 69 33 31 8 64 36 28 54 94 79 8 66 8 68 36 93 42 83 54 66 120 54 64 31 0 62 28 26 64 36 0 69 83 64 31 69 8 212 0 66 0 31 62 28 68 33 36 79 94 92 69 34 69 54 62 31 68 62 66 68 36 39 85 28 79 54 3 0 39 79 28 54 62 62 62 13 94 66 8 79
47 47 18 49 18 32 29 52 25 5 44 85 0 49 18 130 51 44 37 44 32 0 114 26 47 28 37 94 18 85 5 36 36 49 10 85 0 36 52 47 85 5 52 44 176 36 37 36 5 36 49 32 25 0 47 130 128 52 2 52 18 36 5 32 36 37 32 0 13 49 49 51 28 39 36 13 47 49 18 36 36 36 37 130 37 44 43
29 29 46 67 46 60 57 70 43 23 58 103 28 67 46 148 25 58 61 58 60 28 132 44 75 0 61 112 46 103 23 54 54 67 28 103 28 54 70 75 103 23 70 58 204 54 61 54 23 54 67 60 43 28 29 148 146 70 26 70 46 54 23 60 54 61 60 28 31 77 67 25 0 57 54 31 29 67 46 54 54 54 61 148 61 58 71
53 53 28 49 28 42 38 52 25 5 34 85 10 49 28 120 53 34 40 34 42 10 114 16 57 28 40 94 28 85 5 26 36 49 0 85 10 26 52 57 85 5 52 34 186 26 40 26 5 36 49 42 25 10 53 120 118 52 8 52 28 36 5 42 36 40 42 10 13 59 49 53 28 29 26 13 53 49 28 36 36 36 39 120 40 34 53
95 95 70 67 70 84 81 0 67 47 75 103 52 67 70 108 95 75 85 75 84 52 132 68 99 70 85 124 70 103 47 69 16 67 52 103 52 69 0 99 103 47 0 75 228 69 85 69 47 16 67 84 67 52 95 108 161 0 50 0 70 16 47 84 16 85 84 52 39 88 67 95 70 66 69 39 95 67 70 16 16 16 82 108 85 75 95
69 69 44 65 44 58 54 68 41 21 50 101 26 65 44 136 69 50 56 50 58 26 130 0 73 44 56 110 44 101 21 42 52 65 16 101 26 42 68 73 101 21 68 50 202 42 56 42 21 52 65 58 41 26 69 136 134 68 24 68 44 52 21 58 52 56 58 26 29 65 65 69 44 45 42 29 69 65 44 52 52 52 55 136 56 50 69
87 87 62 36 62 76 72 75 34 39 0 72 44 36 62 102 83 0 74 0 76 44 101 50 91 58 74 128 62 72 39 8 70 36 34 72 44 8 75 91 72 39 75 0 220 8 74 8 39 70 36 76 34 44 87 102 100 75 42 75 62 70 39 76 70 74 76 44 47 93 36 83 58 11 8 47 87 36 62 70 70 70 21 102 74 0 87
45 45 20 47 20 34 31 50 23 3 42 83 2 47 20 128 49 42 35 42 34 2 112 24 49 26 35 92 20 83 3 34 34 47 8 83 2 34 50 49 83 3 50 42 178 34 35 34 3 34 47 34 23 2 45 128 126 50 0 50 20 34 3 34 34 35 34 2 11 51 47 49 26 37 34 11 45 47 20 34 34 34 35 128 35 42 45
82 82 57 31 57 71 67 66 36 34 11 67 39 31 57 91 82 11 69 11 71 39 96 45 86 57 69 123 57 67 34 3 65 31 29 67 39 3 66 86 67 34 66 11 215 3 69 3 34 65 31 71 36 39 82 91 95 66 37 66 57 65 34 71 65 69 71 39 42 88 31 82 57 0 3 42 82 31 57 65 65 65 16 91 69 11 82
79 79 14 75 14 0 28 84 57 37 76 87 32 75 14 151 83 76 69 76 0 32 140 58 15 60 69 102 14 87 37 68 68 75 42 87 32 68 84 15 87 37 84 76 172 68 69 68 37 68 75 0 57 32 79 151 143 84 34 84 14 68 37 0 68 69 0 32 45 45 75 83 60 71 68 45 79 75 14 68 68 68 69 151 69 76 75
90 90 61 92 61 75 72 95 68 48 87 128 43 92 61 173 94 87 80 87 75 43 157 69 90 71 80 137 61 128 48 79 79 92 53 128 43 79 95 90 128 48 95 87 219 79 80 79 48 79 92 75 68 43 90 173 171 95 45 95 61 79 48 75 79 80 75 43 56 92 92 94 71 82 79 56 90 92 61 79 79 79 80 173 80 87 0
