89 71 55
166 36 78 135 105 116 41 182 33 126 187 13 135 116 320 33 70 122 149 120 103 62 1 96 33 16 246 155 205 108 115 1 59 47 96 89 149 113 103 16 89 74 70 65 151 91 95 120 64 77 33 155 34 0 70 116 89 212 41 157 128 202 122 249 115 60 108 89 149 167 120
222 59 141 198 173 141 104 245 96 221 264 108 198 141 336 96 165 166 165 136 119 33 96 71 96 79 309 157 268 108 148 96 122 110 71 174 217 149 166 79 174 45 133 40 151 4 0 136 132 140 96 157 97 95 133 141 64 152 104 97 191 115 166 265 148 35 162 105 217 230 183
205 134 145 218 212 68 147 286 139 260 167 162 37 68 264 139 152 93 0 91 46 137 150 99 139 156 329 207 272 62 75 150 125 125 99 101 256 201 69 156 101 149 102 130 105 166 165 91 171 116 139 207 138 149 102 68 106 229 147 174 211 277 93 220 75 135 89 60 256 189 203
220 156 132 15 184 161 95 234 87 246 252 133 187 161 226 87 167 176 203 196 157 150 121 188 87 104 126 274 259 173 128 121 104 99 188 154 115 167 155 104 154 162 122 157 216 179 183 196 143 131 87 274 86 120 122 161 181 304 95 249 8 290 176 297 128 152 173 171 115 221 0
218 115 209 231 254 81 165 313 164 273 212 164 138 81 304 164 165 106 105 104 59 118 152 80 164 164 342 158 336 43 88 152 138 178 80 114 298 182 165 164 114 130 167 111 0 147 151 104 213 129 164 158 165 151 167 81 87 210 165 155 224 258 106 233 88 116 102 73 298 202 216
159 88 150 172 208 22 106 254 105 214 153 116 79 22 245 105 106 47 46 45 0 91 104 53 105 119 283 161 277 16 29 104 79 119 53 55 252 155 106 119 55 103 121 84 59 120 119 45 167 70 105 161 106 103 121 22 60 183 106 128 165 231 47 174 29 89 43 14 252 143 157
235 167 108 202 175 101 110 249 102 261 130 148 0 101 227 102 182 126 37 124 79 165 136 132 102 119 313 240 235 95 108 136 128 88 132 134 219 182 32 119 134 177 65 163 138 194 198 124 134 146 102 240 101 135 65 101 139 262 110 207 195 305 126 253 108 167 122 93 219 222 187
187 24 110 167 138 108 73 214 65 186 233 73 167 108 334 65 130 136 135 134 89 2 61 36 65 48 278 122 237 73 118 61 91 79 36 144 182 114 135 48 144 14 102 5 116 31 35 134 97 109 65 122 66 60 102 108 29 152 73 97 160 142 136 263 118 0 132 103 182 199 152
235 167 108 202 175 101 110 249 102 261 130 148 0 101 227 102 182 126 37 124 79 165 136 132 102 119 313 240 235 95 108 136 128 88 132 134 219 182 32 119 134 177 65 163 138 194 198 124 134 146 102 240 101 135 65 101 139 262 110 207 195 305 126 253 108 167 122 93 219 222 187
175 72 166 188 211 38 122 270 121 230 169 121 95 38 261 121 122 63 62 61 16 75 109 37 121 121 299 177 293 0 45 109 95 135 37 71 255 139 122 121 71 87 137 68 43 104 108 61 170 86 121 177 122 108 137 38 44 167 122 112 181 215 63 190 45 73 59 30 255 159 173
201 38 120 177 152 122 83 224 75 200 243 87 177 122 348 75 144 150 149 148 103 12 75 50 75 58 288 136 247 87 132 75 101 89 50 158 196 128 145 58 158 0 112 19 130 41 45 148 111 119 75 136 76 74 112 122 43 166 83 111 170 152 150 277 132 14 146 117 196 209 162
133 69 45 102 112 83 8 149 0 159 168 46 102 83 313 0 80 89 139 109 105 63 34 101 0 17 213 187 172 121 134 34 26 14 101 122 156 80 70 17 122 75 37 70 164 92 96 109 71 44 0 187 1 33 37 83 94 217 8 162 95 203 89 279 134 65 141 119 156 134 87
179 49 91 148 118 129 54 195 46 139 200 0 148 129 333 46 83 135 162 133 116 75 14 109 46 29 259 142 218 121 128 14 72 60 109 102 162 126 116 29 102 87 83 78 164 104 108 133 77 90 46 142 47 13 83 129 102 225 54 170 141 215 135 262 128 73 121 102 162 180 133
175 72 166 188 211 38 122 270 121 230 169 121 95 38 261 121 122 63 62 61 16 75 109 37 121 121 299 177 293 0 45 109 95 135 37 71 255 139 122 121 71 87 137 68 43 104 108 61 170 86 121 177 122 108 137 38 44 167 122 112 181 215 63 190 45 73 59 30 255 159 173
282 218 194 249 257 232 157 0 149 308 250 195 249 232 360 149 229 238 286 258 254 212 183 250 149 166 360 336 321 270 283 183 175 161 250 271 131 229 217 166 271 224 184 219 313 241 245 258 216 193 149 336 148 182 184 232 243 366 157 311 238 352 238 428 283 214 290 268 131 283 234
150 52 62 119 121 100 25 166 17 142 185 29 119 100 330 17 86 106 156 126 119 46 17 84 17 0 230 170 189 121 131 17 43 31 84 105 165 97 87 0 105 58 54 53 164 75 79 126 80 61 17 170 18 16 54 100 77 200 25 145 112 186 106 265 131 48 124 105 165 151 104
158 162 204 261 231 236 167 308 159 0 313 139 261 236 431 159 196 248 260 231 214 188 127 222 159 142 372 281 331 230 241 127 185 173 222 215 275 239 229 142 215 200 196 191 273 217 221 231 190 203 159 281 160 126 196 236 215 338 167 283 254 328 248 360 241 186 234 200 275 293 246
228 164 140 23 176 169 103 238 95 254 260 141 195 169 234 95 175 184 211 204 165 158 129 196 95 112 134 282 267 181 136 129 112 107 196 162 107 175 163 112 162 170 130 165 224 187 191 204 135 139 95 282 94 128 130 169 189 312 103 257 0 298 184 305 136 160 181 179 107 229 8
167 37 79 136 104 117 42 183 34 127 186 14 136 117 321 34 69 123 150 121 104 63 0 97 34 17 247 156 206 109 114 0 60 48 97 88 148 114 104 17 88 75 71 66 152 92 96 121 63 78 34 156 35 1 71 117 90 213 42 158 129 203 123 250 114 61 107 90 148 168 121
333 262 324 312 354 196 280 428 279 360 327 262 253 196 71 279 280 221 220 191 174 265 250 227 279 265 171 335 451 190 203 250 253 293 227 229 398 329 280 265 229 277 281 258 233 269 265 191 313 244 279 335 280 249 281 196 234 357 280 302 305 380 221 0 203 263 217 160 398 289 297
178 114 0 147 67 128 53 194 45 204 174 91 108 128 335 45 125 134 145 133 150 108 79 146 45 62 258 232 127 166 179 79 71 59 146 167 111 125 76 62 167 120 43 115 209 137 141 133 26 89 45 232 46 78 43 128 139 262 53 207 140 248 134 324 179 110 186 164 111 179 132
134 70 46 101 113 84 9 148 1 160 167 47 101 84 312 1 81 90 138 110 106 64 35 102 1 18 212 188 173 122 135 35 27 13 102 123 157 81 69 18 123 76 36 71 165 93 97 110 72 45 1 188 0 34 36 84 95 218 9 163 94 204 90 280 135 66 142 120 157 135 86
288 176 262 319 246 205 225 366 217 338 336 225 262 205 428 217 163 230 229 228 183 154 213 130 217 200 360 274 389 167 212 213 243 231 130 238 334 232 287 200 238 166 254 147 210 156 152 228 249 199 217 274 218 212 254 205 123 0 225 55 312 267 230 357 212 152 226 197 334 326 304
206 135 134 191 201 69 81 238 89 248 200 135 126 69 292 89 153 0 93 92 47 138 123 100 89 106 302 114 261 63 76 123 115 103 100 102 245 169 153 106 102 150 126 131 106 167 166 92 160 117 89 114 90 122 126 69 107 230 81 175 184 278 0 221 76 136 90 61 245 190 176
212 60 146 203 174 75 109 250 101 222 206 109 132 75 298 101 159 100 99 98 53 38 97 0 101 84 314 158 273 37 82 97 127 115 0 108 218 102 159 84 108 50 138 31 80 67 71 98 133 123 101 158 102 96 138 75 7 130 109 75 196 178 100 227 82 36 96 67 218 196 188
301 223 174 267 241 175 176 250 168 313 0 200 130 175 357 168 248 200 167 198 153 231 186 206 168 185 378 314 301 169 124 186 194 154 206 98 285 248 98 185 98 243 131 237 212 260 264 198 200 212 168 314 167 187 131 175 213 336 176 281 260 371 200 327 124 233 117 167 285 296 252
125 77 53 110 120 91 0 157 8 167 176 54 110 91 321 8 72 81 147 117 106 71 42 109 8 25 221 195 180 122 135 42 34 22 109 130 164 88 78 25 130 83 45 78 165 100 104 117 79 36 8 195 9 41 45 91 102 225 0 170 103 211 81 280 135 73 149 120 164 142 95
170 106 43 137 110 120 45 184 37 196 131 83 65 120 292 37 117 126 102 90 121 100 71 138 37 54 248 224 170 137 150 71 63 23 138 159 154 117 33 54 159 112 0 107 167 129 133 90 69 81 37 224 36 70 0 120 131 254 45 199 130 240 126 281 150 102 164 121 154 171 122
204 133 133 211 200 67 117 258 109 231 198 133 124 67 262 109 151 92 91 0 45 136 121 98 109 126 322 206 260 61 74 121 124 113 98 100 244 189 123 126 100 148 90 129 104 140 136 0 159 115 109 206 110 120 90 67 105 228 117 173 204 251 92 191 74 134 88 31 244 160 196
213 61 147 204 175 76 110 251 102 223 207 110 133 76 299 102 160 101 100 99 54 39 98 1 102 85 315 159 274 38 83 98 128 116 1 109 219 103 160 85 109 51 139 32 81 68 72 99 134 124 102 159 103 97 139 76 8 131 110 76 197 179 101 228 83 37 97 68 219 197 189
150 52 62 119 121 100 25 166 17 142 185 29 119 100 330 17 86 106 156 126 119 46 17 84 17 0 230 170 189 121 131 17 43 31 84 105 165 97 87 0 105 58 54 53 164 75 79 126 80 61 17 170 18 16 54 100 77 200 25 145 112 186 106 265 131 48 124 105 165 151 104
125 106 125 182 173 128 72 229 80 196 248 83 182 128 297 80 0 153 152 151 106 132 69 159 80 86 197 225 252 122 135 69 106 94 159 157 217 79 150 86 157 144 117 135 165 161 165 151 132 36 80 225 81 70 117 128 159 163 72 218 175 272 153 280 135 130 149 120 217 214 167
218 55 137 194 169 139 100 241 92 217 260 104 194 139 340 92 161 167 166 140 120 29 92 67 92 75 305 153 264 104 149 92 118 106 67 175 213 145 162 75 175 41 129 36 147 0 4 140 128 136 92 153 93 91 129 139 60 156 100 101 187 111 167 269 149 31 163 109 213 226 179
158 162 204 261 231 236 167 308 159 0 313 139 261 236 431 159 196 248 260 231 214 188 127 222 159 142 372 281 331 230 241 127 185 173 222 215 275 239 229 142 215 200 196 191 273 217 221 231 190 203 159 281 160 126 196 236 215 338 167 283 254 328 248 360 241 186 234 200 275 293 246
192 29 115 172 143 106 78 219 70 191 237 78 163 106 329 70 135 131 130 129 84 7 66 31 70 53 283 127 242 68 113 66 96 84 31 139 187 109 140 53 139 19 107 0 111 36 40 129 102 114 70 127 71 65 107 106 24 147 78 92 165 147 131 258 113 5 127 98 187 204 157
340 333 335 241 402 267 321 360 313 431 357 333 227 267 0 313 297 292 264 262 245 336 321 298 313 330 100 406 462 261 274 321 324 315 298 300 341 376 259 330 300 348 292 329 304 340 336 262 361 315 313 406 312 320 292 267 305 428 321 373 234 451 292 71 274 334 288 231 341 360 226
214 125 167 169 192 77 130 271 122 215 98 102 134 77 300 122 157 102 101 100 55 146 88 108 122 105 280 216 294 71 26 88 134 136 108 0 228 202 161 105 0 158 159 139 114 175 174 100 151 125 122 216 123 89 159 77 115 238 130 183 162 286 102 229 26 144 19 69 228 198 154
309 146 232 289 260 183 195 336 187 281 314 142 240 183 406 187 225 114 207 206 161 124 156 158 187 170 400 0 359 177 190 156 213 201 158 216 304 236 257 170 216 136 224 127 158 153 157 206 219 231 187 0 188 155 224 183 151 274 195 219 282 264 114 335 190 122 204 175 304 304 274
212 60 146 203 174 75 109 250 101 222 206 109 132 75 298 101 159 100 99 98 53 38 97 0 101 84 314 158 273 37 82 97 127 115 0 108 218 102 159 84 108 50 138 31 80 67 71 98 133 123 101 158 102 96 138 75 7 130 109 75 196 178 100 227 82 36 96 67 218 196 188
202 131 186 188 211 65 149 290 141 234 117 121 122 65 288 141 149 90 89 88 43 134 107 96 141 124 299 204 313 59 45 107 122 155 96 19 247 198 149 124 19 146 164 127 102 163 162 88 170 113 141 204 142 108 164 65 103 226 149 171 181 274 90 217 45 132 0 57 247 186 173
267 203 179 236 246 165 142 283 134 293 296 180 222 165 360 134 214 190 189 160 143 197 168 196 134 151 347 304 306 159 172 168 160 148 196 198 290 214 204 151 198 209 171 204 202 226 230 160 205 178 134 304 135 167 171 165 203 326 142 271 229 337 190 289 172 199 186 129 290 0 221
173 102 164 186 194 36 120 268 119 200 167 102 93 36 231 119 120 61 60 31 14 105 90 67 119 105 297 175 291 30 43 90 93 133 67 69 238 169 120 105 69 117 121 98 73 109 105 31 153 84 119 175 120 89 121 36 74 197 120 142 179 220 61 160 43 103 57 0 238 129 171
150 52 62 119 121 100 25 166 17 142 185 29 119 100 330 17 86 106 156 126 119 46 17 84 17 0 230 170 189 121 131 17 43 31 84 105 165 97 87 0 105 58 54 53 164 75 79 126 80 61 17 170 18 16 54 100 77 200 25 145 112 186 106 265 131 48 124 105 165 151 104
204 138 125 182 145 163 88 229 80 239 248 126 182 163 376 80 79 169 201 189 155 116 114 102 80 97 276 236 252 139 184 114 106 94 102 202 189 0 150 97 202 128 117 109 182 145 149 189 104 115 80 236 81 113 117 163 109 232 88 177 175 256 169 329 184 114 198 169 189 214 167
170 106 43 137 110 120 45 184 37 196 131 83 65 120 292 37 117 126 102 90 121 100 71 138 37 54 248 224 170 137 150 71 63 23 138 159 154 117 33 54 159 112 0 107 167 129 133 90 69 81 37 224 36 70 0 120 131 254 45 199 130 240 126 281 150 102 164 121 154 171 122
214 125 167 169 192 77 130 271 122 215 98 102 134 77 300 122 157 102 101 100 55 146 88 108 122 105 280 216 294 71 26 88 134 136 108 0 228 202 161 105 0 158 159 139 114 175 174 100 151 125 122 216 123 89 159 77 115 238 130 183 162 286 102 229 26 144 19 69 228 198 154
284 121 207 264 191 150 170 311 162 283 281 170 207 150 373 162 218 175 174 173 128 99 158 75 162 145 375 219 334 112 157 158 188 176 75 183 279 177 232 145 183 111 199 92 155 101 97 173 194 198 162 219 163 157 199 150 68 55 170 0 257 212 175 302 157 97 171 142 279 271 249
175 72 166 188 211 38 122 270 121 230 169 121 95 38 261 121 122 63 62 61 16 75 109 37 121 121 299 177 293 0 45 109 95 135 37 71 255 139 122 121 71 87 137 68 43 104 108 61 170 86 121 177 122 108 137 38 44 167 122 112 181 215 63 190 45 73 59 30 255 159 173
289 185 111 130 126 239 164 131 156 275 285 162 219 239 341 156 217 245 256 244 252 184 148 218 156 165 241 304 238 255 243 148 182 170 218 228 0 189 187 165 228 196 154 187 298 213 217 244 85 200 156 304 157 149 154 239 211 334 164 279 107 324 245 398 243 182 247 238 0 290 115
189 26 108 165 140 110 71 212 63 188 231 75 165 110 336 63 132 138 137 136 91 0 63 38 63 46 276 124 235 75 120 63 89 77 38 146 184 116 133 46 146 12 100 7 118 29 33 136 99 107 63 124 64 62 100 110 31 154 71 99 158 140 138 265 120 2 134 105 184 197 150
202 0 114 171 141 110 77 218 69 162 223 49 167 110 333 69 106 135 134 133 88 26 37 60 69 52 282 146 241 72 117 37 95 83 60 125 185 138 139 52 125 38 106 29 115 55 59 133 100 113 69 146 70 36 106 110 53 176 77 121 164 166 135 262 117 24 131 102 185 203 156
158 162 204 261 231 236 167 308 159 0 313 139 261 236 431 159 196 248 260 231 214 188 127 222 159 142 372 281 331 230 241 127 185 173 222 215 275 239 229 142 215 200 196 191 273 217 221 231 190 203 159 281 160 126 196 236 215 338 167 283 254 328 248 360 241 186 234 200 275 293 246
175 72 166 188 211 38 122 270 121 230 169 121 95 38 261 121 122 63 62 61 16 75 109 37 121 121 299 177 293 0 45 109 95 135 37 71 255 139 122 121 71 87 137 68 43 104 108 61 170 86 121 177 122 108 137 38 44 167 122 112 181 215 63 190 45 73 59 30 255 159 173
147 83 59 114 126 97 22 161 14 173 154 60 88 97 315 14 94 103 125 113 119 77 48 115 14 31 225 201 186 135 148 48 40 0 115 136 170 94 56 31 136 89 23 84 178 106 110 113 85 58 14 201 13 47 23 97 108 231 22 176 107 217 103 293 148 79 155 133 170 148 99
0 202 178 235 245 181 125 282 133 158 301 179 235 181 340 133 125 206 205 204 159 189 167 212 133 150 240 309 305 175 188 167 159 147 212 214 289 204 203 150 214 201 170 192 218 218 222 204 204 89 133 309 134 166 170 181 216 288 125 284 228 329 206 333 188 187 202 173 289 267 220
301 223 174 267 241 175 176 250 168 313 0 200 130 175 357 168 248 200 167 198 153 231 186 206 168 185 378 314 301 169 124 186 194 154 206 98 285 248 98 185 98 243 131 237 212 260 264 198 200 212 168 314 167 187 131 175 213 336 176 281 260 371 200 327 124 233 117 167 285 296 252
159 88 150 172 208 22 106 254 105 214 153 116 79 22 245 105 106 47 46 45 0 91 104 53 105 119 283 161 277 16 29 104 79 119 53 55 252 155 106 119 55 103 121 84 59 120 119 45 167 70 105 161 106 103 121 22 60 183 106 128 165 231 47 174 29 89 43 14 252 143 157
203 139 76 170 143 128 78 217 70 229 98 116 32 128 259 70 150 153 69 123 106 133 104 159 70 87 281 257 203 122 135 104 96 56 159 161 187 150 0 87 161 145 33 140 165 162 166 123 102 114 70 257 69 103 33 128 164 287 78 232 163 273 153 280 135 135 149 120 187 204 155
216 53 139 196 167 82 102 243 94 215 213 102 139 82 305 94 159 107 106 105 60 31 90 7 94 77 307 151 266 44 89 90 120 108 7 115 211 109 164 77 115 43 131 24 87 60 64 105 126 130 94 151 95 89 131 82 0 123 102 68 189 171 107 234 89 29 103 74 211 203 181
305 241 127 274 194 255 180 321 172 331 301 218 235 255 462 172 252 261 272 260 277 235 206 273 172 189 385 359 0 293 306 206 198 186 273 294 238 252 203 189 294 247 170 242 336 264 268 260 153 216 172 359 173 205 170 255 266 389 180 334 267 375 261 451 306 237 313 291 238 306 259
240 282 258 141 310 287 221 360 213 372 378 259 313 287 100 213 197 302 329 322 283 276 247 314 213 230 0 400 385 299 254 247 230 225 314 280 241 276 281 230 280 288 248 283 342 305 309 322 269 233 213 400 212 246 248 287 307 360 221 375 134 416 302 171 254 278 299 297 241 347 126
147 83 59 114 126 97 22 161 14 173 154 60 88 97 315 14 94 103 125 113 119 77 48 115 14 31 225 201 186 135 148 48 40 0 115 136 170 94 56 31 136 89 23 84 178 106 110 113 85 58 14 201 13 47 23 97 108 231 22 176 107 217 103 293 148 79 155 133 170 148 99
159 95 71 119 138 57 34 175 26 185 194 72 128 57 324 26 106 115 125 124 79 89 60 127 26 43 230 213 198 95 108 60 0 40 127 134 182 106 96 43 134 101 63 96 138 118 122 124 97 70 26 213 27 59 63 57 120 243 34 188 112 229 115 253 108 91 122 93 182 160 104
134 70 46 101 113 84 9 148 1 160 167 47 101 84 312 1 81 90 138 110 106 64 35 102 1 18 212 188 173 122 135 35 27 13 102 123 157 81 69 18 123 76 36 71 165 93 97 110 72 45 1 188 0 34 36 84 95 218 9 163 94 204 90 280 135 66 142 120 157 135 86
202 0 114 171 141 110 77 218 69 162 223 49 167 110 333 69 106 135 134 133 88 26 37 60 69 52 282 146 241 72 117 37 95 83 60 125 185 138 139 52 125 38 106 29 115 55 59 133 100 113 69 146 70 36 106 110 53 176 77 121 164 166 135 262 117 24 131 102 185 203 156
235 171 147 0 199 176 110 249 102 261 267 148 202 176 241 102 182 191 218 211 172 165 136 203 102 119 141 289 274 188 143 136 119 114 203 169 130 182 170 119 169 177 137 172 231 194 198 211 158 146 102 289 101 135 137 176 196 319 110 264 23 305 191 312 143 167 188 186 130 236 15
89 113 89 146 156 92 36 193 44 203 212 90 146 92 315 44 36 117 116 115 70 107 78 123 44 61 233 231 216 86 99 78 70 58 123 125 200 115 114 61 125 119 81 114 129 136 140 115 115 0 44 231 45 77 81 92 130 199 36 198 139 247 117 244 99 109 113 84 200 178 131
187 24 110 167 138 108 73 214 65 186 233 73 167 108 334 65 130 136 135 134 89 2 61 36 65 48 278 122 237 73 118 61 91 79 36 144 182 114 135 48 144 14 102 5 116 31 35 134 97 109 65 122 66 60 102 108 29 152 73 97 160 142 136 263 118 0 132 103 182 199 152
289 185 111 130 126 239 164 131 156 275 285 162 219 239 341 156 217 245 256 244 252 184 148 218 156 165 241 304 238 255 243 148 182 170 218 228 0 189 187 165 228 196 154 187 298 213 217 244 85 200 156 304 157 149 154 239 211 334 164 279 107 324 245 398 243 182 247 238 0 290 115
214 125 167 169 192 77 130 271 122 215 98 102 134 77 300 122 157 102 101 100 55 146 88 108 122 105 280 216 294 71 26 88 134 136 108 0 228 202 161 105 0 158 159 139 114 175 174 100 151 125 122 216 123 89 159 77 115 238 130 183 162 286 102 229 26 144 19 69 228 198 154
181 110 128 176 195 0 91 232 83 236 175 129 101 0 267 83 128 69 68 67 22 110 117 75 83 100 287 183 255 38 51 117 57 97 75 77 239 163 128 100 77 122 120 106 81 139 141 67 154 92 83 183 84 116 120 0 82 205 91 150 169 250 69 196 51 108 65 36 239 165 161
204 100 26 158 41 154 79 216 71 190 200 77 134 154 361 71 132 160 171 159 167 99 63 133 71 80 269 219 153 170 177 63 97 85 133 151 85 104 102 80 151 111 69 102 213 128 132 159 0 115 71 219 72 64 69 154 126 249 79 194 135 239 160 313 177 97 170 153 85 205 143
309 146 232 289 260 183 195 336 187 281 314 142 240 183 406 187 225 114 207 206 161 124 156 158 187 170 400 0 359 177 190 156 213 201 158 216 304 236 257 170 216 136 224 127 158 153 157 206 219 231 187 0 188 155 224 183 151 274 195 219 282 264 114 335 190 122 204 175 304 304 274
267 203 179 236 246 165 142 283 134 293 296 180 222 165 360 134 214 190 189 160 143 197 168 196 134 151 347 304 306 159 172 168 160 148 196 198 290 214 204 151 198 209 171 204 202 226 230 160 205 178 134 304 135 167 171 165 203 326 142 271 229 337 190 289 172 199 186 129 290 0 221
158 162 204 261 231 236 167 308 159 0 313 139 261 236 431 159 196 248 260 231 214 188 127 222 159 142 372 281 331 230 241 127 185 173 222 215 275 239 229 142 215 200 196 191 273 217 221 231 190 203 159 281 160 126 196 236 215 338 167 283 254 328 248 360 241 186 234 200 275 293 246
170 106 43 137 110 120 45 184 37 196 131 83 65 120 292 37 117 126 102 90 121 100 71 138 37 54 248 224 170 137 150 71 63 23 138 159 154 117 33 54 159 112 0 107 167 129 133 90 69 81 37 224 36 70 0 120 131 254 45 199 130 240 126 281 150 102 164 121 154 171 122
187 24 110 167 138 108 73 214 65 186 233 73 167 108 334 65 130 136 135 134 89 2 61 36 65 48 278 122 237 73 118 61 91 79 36 144 182 114 135 48 144 14 102 5 116 31 35 134 97 109 65 122 66 60 102 108 29 152 73 97 160 142 136 263 118 0 132 103 182 199 152
203 139 76 170 143 128 78 217 70 229 98 116 32 128 259 70 150 153 69 123 106 133 104 159 70 87 281 257 203 122 135 104 96 56 159 161 187 150 0 87 161 145 33 140 165 162 166 123 102 114 70 257 69 103 33 128 164 287 78 232 163 273 153 280 135 135 149 120 187 204 155
159 95 71 119 138 57 34 175 26 185 194 72 128 57 324 26 106 115 125 124 79 89 60 127 26 43 230 213 198 95 108 60 0 40 127 134 182 106 96 43 134 101 63 96 138 118 122 124 97 70 26 213 27 59 63 57 120 243 34 188 112 229 115 253 108 91 122 93 182 160 104
159 88 150 172 208 22 106 254 105 214 153 116 79 22 245 105 106 47 46 45 0 91 104 53 105 119 283 161 277 16 29 104 79 119 53 55 252 155 106 119 55 103 121 84 59 120 119 45 167 70 105 161 106 103 121 22 60 183 106 128 165 231 47 174 29 89 43 14 252 143 157
245 141 67 199 0 195 120 257 112 231 241 118 175 195 402 112 173 201 212 200 208 140 104 174 112 121 310 260 194 211 218 104 138 126 174 192 126 145 143 121 192 152 110 143 254 169 173 200 41 156 112 260 113 105 110 195 167 246 120 191 176 280 201 354 218 138 211 194 126 246 184
173 102 164 186 194 36 120 268 119 200 167 102 93 36 231 119 120 61 60 31 14 105 90 67 119 105 297 175 291 30 43 90 93 133 67 69 238 169 120 105 69 117 121 98 73 109 105 31 153 84 119 175 120 89 121 36 74 197 120 142 179 220 61 160 43 103 57 0 238 129 171
188 117 179 143 218 51 135 283 134 241 124 128 108 51 274 134 135 76 75 74 29 120 114 82 134 131 254 190 306 45 0 114 108 148 82 26 243 184 135 131 26 132 150 113 88 149 148 74 177 99 134 190 135 115 150 51 89 212 135 157 136 260 76 203 0 118 45 43 243 172 128
204 138 125 182 145 163 88 229 80 239 248 126 182 163 376 80 79 169 201 189 155 116 114 102 80 97 276 236 252 139 184 114 106 94 102 202 189 0 150 97 202 128 117 109 182 145 149 189 104 115 80 236 81 113 117 163 109 232 88 177 175 256 169 329 184 114 198 169 189 214 167
329 166 248 305 280 250 211 352 203 328 371 215 305 250 451 203 272 278 277 251 231 140 203 178 203 186 416 264 375 215 260 203 229 217 178 286 324 256 273 186 286 152 240 147 258 111 115 251 239 247 203 264 204 202 240 250 171 267 211 212 298 0 278 380 260 142 274 220 324 337 290
202 131 186 188 211 65 149 290 141 234 117 121 122 65 288 141 149 90 89 88 43 134 107 96 141 124 299 204 313 59 45 107 122 155 96 19 247 198 149 124 19 146 164 127 102 163 162 88 170 113 141 204 142 108 164 65 103 226 149 171 181 274 90 217 45 132 0 57 247 186 173
245 141 67 199 0 195 120 257 112 231 241 118 175 195 402 112 173 201 212 200 208 140 104 174 112 121 310 260 194 211 218 104 138 126 174 192 126 145 143 121 192 152 110 143 254 169 173 200 41 156 112 260 113 105 110 195 167 246 120 191 176 280 201 354 218 138 211 194 126 246 184
192 29 115 172 143 106 78 219 70 191 237 78 163 106 329 70 135 131 130 129 84 7 66 31 70 53 283 127 242 68 113 66 96 84 31 139 187 109 140 53 139 19 107 0 111 36 40 129 102 114 70 127 71 65 107 106 24 147 78 92 165 147 131 258 113 5 127 98 187 204 157
235 167 108 202 175 101 110 249 102 261 130 148 0 101 227 102 182 126 37 124 79 165 136 132 102 119 313 240 235 95 108 136 128 88 132 134 219 182 32 119 134 177 65 163 138 194 198 124 134 146 102 240 101 135 65 101 139 262 110 207 195 305 126 253 108 167 122 93 219 222 187
