95 90 12
33 0 25 5 0 18 25 21 25 14 21 0 25 33 0 33 8 5 0 25 25 33 10 25 25 25 33 0 25 25 8 8 33 33 21 18 25 0 25 0 33 25 25 25 53 25 25 32 0 25 25 33 0 33 0 8 25 25 5 33 25 25 53 25 33 10 33 5 25 8 0 50 0 18 0 0 18 14 0 0 25 10 14 33 5 18 53 33 25 25
43 10 27 5 10 28 27 31 27 4 31 10 27 43 10 43 8 5 10 27 27 43 0 27 27 27 43 10 27 27 8 8 43 43 31 28 27 10 27 10 43 27 27 27 61 27 27 34 10 27 27 43 10 43 10 8 27 27 5 43 27 27 61 27 43 0 43 5 27 8 10 52 10 28 10 10 28 4 10 10 27 0 4 43 5 28 61 43 27 27
38 5 30 0 5 23 30 26 30 9 26 5 30 38 5 38 3 0 5 30 30 38 5 30 30 30 38 5 30 30 3 3 38 38 26 23 30 5 30 5 38 30 30 30 58 30 30 37 5 30 30 38 5 38 5 3 30 30 0 38 30 30 58 30 38 5 38 0 30 3 5 55 5 23 5 5 23 9 5 5 30 5 9 38 0 23 58 38 30 30
33 0 25 5 0 18 25 21 25 14 21 0 25 33 0 33 8 5 0 25 25 33 10 25 25 25 33 0 25 25 8 8 33 33 21 18 25 0 25 0 33 25 25 25 53 25 25 32 0 25 25 33 0 33 0 8 25 25 5 33 25 25 53 25 33 10 33 5 25 8 0 50 0 18 0 0 18 14 0 0 25 10 14 33 5 18 53 33 25 25
47 14 23 9 14 32 23 29 23 0 29 14 23 47 14 47 12 9 14 23 23 47 4 23 23 23 47 14 23 23 12 12 47 47 29 32 23 14 23 14 47 23 23 23 61 23 23 30 14 23 23 47 14 47 14 12 23 23 9 47 23 23 61 23 47 4 47 9 23 12 14 48 14 32 14 14 32 0 14 14 23 4 0 47 9 32 61 47 23 23
43 10 27 5 10 28 27 31 27 4 31 10 27 43 10 43 8 5 10 27 27 43 0 27 27 27 43 10 27 27 8 8 43 43 31 28 27 10 27 10 43 27 27 27 61 27 27 34 10 27 27 43 10 43 10 8 27 27 5 43 27 27 61 27 43 0 43 5 27 8 10 52 10 28 10 10 28 4 10 10 27 0 4 43 5 28 61 43 27 27
38 5 30 0 5 23 30 26 30 9 26 5 30 38 5 38 3 0 5 30 30 38 5 30 30 30 38 5 30 30 3 3 38 38 26 23 30 5 30 5 38 30 30 30 58 30 30 37 5 30 30 38 5 38 5 3 30 30 0 38 30 30 58 30 38 5 38 0 30 3 5 55 5 23 5 5 23 9 5 5 30 5 9 38 0 23 58 38 30 30
35 32 7 37 32 48 7 13 7 30 13 32 7 35 32 35 35 37 32 7 7 35 34 7 7 7 35 32 7 7 35 35 35 35 13 48 7 32 7 32 35 7 7 7 45 7 7 0 32 7 7 35 32 35 32 35 7 7 37 35 7 7 45 7 35 34 35 37 7 35 32 32 32 48 32 32 48 30 32 32 7 34 30 35 37 48 45 35 7 7
28 25 0 30 25 41 0 6 0 23 6 25 0 28 25 28 28 30 25 0 0 28 27 0 0 0 28 25 0 0 28 28 28 28 6 41 0 25 0 25 28 0 0 0 38 0 0 7 25 0 0 28 25 28 25 28 0 0 30 28 0 0 38 0 28 27 28 30 0 28 25 25 25 41 25 25 41 23 25 25 0 27 23 28 30 41 38 28 0 0
33 0 25 5 0 18 25 21 25 14 21 0 25 33 0 33 8 5 0 25 25 33 10 25 25 25 33 0 25 25 8 8 33 33 21 18 25 0 25 0 33 25 25 25 53 25 25 32 0 25 25 33 0 33 0 8 25 25 5 33 25 25 53 25 33 10 33 5 25 8 0 50 0 18 0 0 18 14 0 0 25 10 14 33 5 18 53 33 25 25
35 32 7 37 32 48 7 13 7 30 13 32 7 35 32 35 35 37 32 7 7 35 34 7 7 7 35 32 7 7 35 35 35 35 13 48 7 32 7 32 35 7 7 7 45 7 7 0 32 7 7 35 32 35 32 35 7 7 37 35 7 7 45 7 35 34 35 37 7 35 32 32 32 48 32 32 48 30 32 32 7 34 30 35 37 48 45 35 7 7
53 50 25 55 50 66 25 31 25 48 31 50 25 53 50 53 53 55 50 25 25 53 52 25 25 25 53 50 25 25 53 53 53 53 31 66 25 50 25 50 53 25 25 25 63 25 25 32 50 25 25 53 50 53 50 53 25 25 55 53 25 25 63 25 53 52 53 55 25 53 50 0 50 66 50 50 66 48 50 50 25 52 48 53 55 66 63 53 25 25
33 0 25 5 0 18 25 21 25 14 21 0 25 33 0 33 8 5 0 25 25 33 10 25 25 25 33 0 25 25 8 8 33 33 21 18 25 0 25 0 33 25 25 25 53 25 25 32 0 25 25 33 0 33 0 8 25 25 5 33 25 25 53 25 33 10 33 5 25 8 0 50 0 18 0 0 18 14 0 0 25 10 14 33 5 18 53 33 25 25
43 10 27 5 10 28 27 31 27 4 31 10 27 43 10 43 8 5 10 27 27 43 0 27 27 27 43 10 27 27 8 8 43 43 31 28 27 10 27 10 43 27 27 27 61 27 27 34 10 27 27 43 10 43 10 8 27 27 5 43 27 27 61 27 43 0 43 5 27 8 10 52 10 28 10 10 28 4 10 10 27 0 4 43 5 28 61 43 27 27
47 14 23 9 14 32 23 29 23 0 29 14 23 47 14 47 12 9 14 23 23 47 4 23 23 23 47 14 23 23 12 12 47 47 29 32 23 14 23 14 47 23 23 23 61 23 23 30 14 23 23 47 14 47 14 12 23 23 9 47 23 23 61 23 47 4 47 9 23 12 14 48 14 32 14 14 32 0 14 14 23 4 0 47 9 32 61 47 23 23
38 5 30 0 5 23 30 26 30 9 26 5 30 38 5 38 3 0 5 30 30 38 5 30 30 30 38 5 30 30 3 3 38 38 26 23 30 5 30 5 38 30 30 30 58 30 30 37 5 30 30 38 5 38 5 3 30 30 0 38 30 30 58 30 38 5 38 0 30 3 5 55 5 23 5 5 23 9 5 5 30 5 9 38 0 23 58 38 30 30
38 5 30 0 5 23 30 26 30 9 26 5 30 38 5 38 3 0 5 30 30 38 5 30 30 30 38 5 30 30 3 3 38 38 26 23 30 5 30 5 38 30 30 30 58 30 30 37 5 30 30 38 5 38 5 3 30 30 0 38 30 30 58 30 38 5 38 0 30 3 5 55 5 23 5 5 23 9 5 5 30 5 9 38 0 23 58 38 30 30
53 50 25 55 50 66 25 31 25 48 31 50 25 53 50 53 53 55 50 25 25 53 52 25 25 25 53 50 25 25 53 53 53 53 31 66 25 50 25 50 53 25 25 25 63 25 25 32 50 25 25 53 50 53 50 53 25 25 55 53 25 25 63 25 53 52 53 55 25 53 50 0 50 66 50 50 66 48 50 50 25 52 48 53 55 66 63 53 25 25
53 50 25 55 50 66 25 31 25 48 31 50 25 53 50 53 53 55 50 25 25 53 52 25 25 25 53 50 25 25 53 53 53 53 31 66 25 50 25 50 53 25 25 25 63 25 25 32 50 25 25 53 50 53 50 53 25 25 55 53 25 25 63 25 53 52 53 55 25 53 50 0 50 66 50 50 66 48 50 50 25 52 48 53 55 66 63 53 25 25
28 25 0 30 25 41 0 6 0 23 6 25 0 28 25 28 28 30 25 0 0 28 27 0 0 0 28 25 0 0 28 28 28 28 6 41 0 25 0 25 28 0 0 0 38 0 0 7 25 0 0 28 25 28 25 28 0 0 30 28 0 0 38 0 28 27 28 30 0 28 25 25 25 41 25 25 41 23 25 25 0 27 23 28 30 41 38 28 0 0
61 58 33 63 58 74 33 39 33 56 39 58 33 61 58 61 61 63 58 33 33 61 60 33 33 33 61 58 33 33 61 61 61 61 39 74 33 58 33 58 61 33 33 33 71 33 33 40 58 33 33 61 58 61 58 61 33 33 63 61 33 33 71 33 61 60 61 63 33 61 58 58 58 74 58 58 74 56 58 58 33 60 56 61 63 74 71 61 33 33
38 5 30 0 5 23 30 26 30 9 26 5 30 38 5 38 3 0 5 30 30 38 5 30 30 30 38 5 30 30 3 3 38 38 26 23 30 5 30 5 38 30 30 30 58 30 30 37 5 30 30 38 5 38 5 3 30 30 0 38 30 30 58 30 38 5 38 0 30 3 5 55 5 23 5 5 23 9 5 5 30 5 9 38 0 23 58 38 30 30
38 5 30 0 5 23 30 26 30 9 26 5 30 38 5 38 3 0 5 30 30 38 5 30 30 30 38 5 30 30 3 3 38 38 26 23 30 5 30 5 38 30 30 30 58 30 30 37 5 30 30 38 5 38 5 3 30 30 0 38 30 30 58 30 38 5 38 0 30 3 5 55 5 23 5 5 23 9 5 5 30 5 9 38 0 23 58 38 30 30
38 5 30 0 5 23 30 26 30 9 26 5 30 38 5 38 3 0 5 30 30 38 5 30 30 30 38 5 30 30 3 3 38 38 26 23 30 5 30 5 38 30 30 30 58 30 30 37 5 30 30 38 5 38 5 3 30 30 0 38 30 30 58 30 38 5 38 0 30 3 5 55 5 23 5 5 23 9 5 5 30 5 9 38 0 23 58 38 30 30
43 10 27 5 10 28 27 31 27 4 31 10 27 43 10 43 8 5 10 27 27 43 0 27 27 27 43 10 27 27 8 8 43 43 31 28 27 10 27 10 43 27 27 27 61 27 27 34 10 27 27 43 10 43 10 8 27 27 5 43 27 27 61 27 43 0 43 5 27 8 10 52 10 28 10 10 28 4 10 10 27 0 4 43 5 28 61 43 27 27
33 0 25 5 0 18 25 21 25 14 21 0 25 33 0 33 8 5 0 25 25 33 10 25 25 25 33 0 25 25 8 8 33 33 21 18 25 0 25 0 33 25 25 25 53 25 25 32 0 25 25 33 0 33 0 8 25 25 5 33 25 25 53 25 33 10 33 5 25 8 0 50 0 18 0 0 18 14 0 0 25 10 14 33 5 18 53 33 25 25
43 10 27 5 10 28 27 31 27 4 31 10 27 43 10 43 8 5 10 27 27 43 0 27 27 27 43 10 27 27 8 8 43 43 31 28 27 10 27 10 43 27 27 27 61 27 27 34 10 27 27 43 10 43 10 8 27 27 5 43 27 27 61 27 43 0 43 5 27 8 10 52 10 28 10 10 28 4 10 10 27 0 4 43 5 28 61 43 27 27
51 18 41 23 18 0 41 39 41 32 39 18 41 51 18 51 26 23 18 41 41 51 28 41 41 41 51 18 41 41 26 26 51 51 39 0 41 18 41 18 51 41 41 41 71 41 41 48 18 41 41 51 18 51 18 26 41 41 23 51 41 41 71 41 51 28 51 23 41 26 18 66 18 0 18 18 0 32 18 18 41 28 32 51 23 0 71 51 41 41
28 25 0 30 25 41 0 6 0 23 6 25 0 28 25 28 28 30 25 0 0 28 27 0 0 0 28 25 0 0 28 28 28 28 6 41 0 25 0 25 28 0 0 0 38 0 0 7 25 0 0 28 25 28 25 28 0 0 30 28 0 0 38 0 28 27 28 30 0 28 25 25 25 41 25 25 41 23 25 25 0 27 23 28 30 41 38 28 0 0
47 14 23 9 14 32 23 29 23 0 29 14 23 47 14 47 12 9 14 23 23 47 4 23 23 23 47 14 23 23 12 12 47 47 29 32 23 14 23 14 47 23 23 23 61 23 23 30 14 23 23 47 14 47 14 12 23 23 9 47 23 23 61 23 47 4 47 9 23 12 14 48 14 32 14 14 32 0 14 14 23 4 0 47 9 32 61 47 23 23
41 8 28 3 8 26 28 29 28 12 29 8 28 41 8 41 0 3 8 28 28 41 8 28 28 28 41 8 28 28 0 0 41 41 29 26 28 8 28 8 41 28 28 28 61 28 28 35 8 28 28 41 8 41 8 0 28 28 3 41 28 28 61 28 41 8 41 3 28 0 8 53 8 26 8 8 26 12 8 8 28 8 12 41 3 26 61 41 28 28
53 50 25 55 50 66 25 31 25 48 31 50 25 53 50 53 53 55 50 25 25 53 52 25 25 25 53 50 25 25 53 53 53 53 31 66 25 50 25 50 53 25 25 25 63 25 25 32 50 25 25 53 50 53 50 53 25 25 55 53 25 25 63 25 53 52 53 55 25 53 50 0 50 66 50 50 66 48 50 50 25 52 48 53 55 66 63 53 25 25
43 10 27 5 10 28 27 31 27 4 31 10 27 43 10 43 8 5 10 27 27 43 0 27 27 27 43 10 27 27 8 8 43 43 31 28 27 10 27 10 43 27 27 27 61 27 27 34 10 27 27 43 10 43 10 8 27 27 5 43 27 27 61 27 43 0 43 5 27 8 10 52 10 28 10 10 28 4 10 10 27 0 4 43 5 28 61 43 27 27
47 14 23 9 14 32 23 29 23 0 29 14 23 47 14 47 12 9 14 23 23 47 4 23 23 23 47 14 23 23 12 12 47 47 29 32 23 14 23 14 47 23 23 23 61 23 23 30 14 23 23 47 14 47 14 12 23 23 9 47 23 23 61 23 47 4 47 9 23 12 14 48 14 32 14 14 32 0 14 14 23 4 0 47 9 32 61 47 23 23
34 21 6 26 21 39 6 0 6 29 0 21 6 34 21 34 29 26 21 6 6 34 31 6 6 6 34 21 6 6 29 29 34 34 0 39 6 21 6 21 34 6 6 6 32 6 6 13 21 6 6 34 21 34 21 29 6 6 26 34 6 6 32 6 34 31 34 26 6 29 21 31 21 39 21 21 39 29 21 21 6 31 29 34 26 39 32 34 6 6
52 34 59 29 34 52 59 55 59 38 55 34 59 52 34 52 32 29 34 59 59 52 34 59 59 59 52 34 59 59 32 32 52 52 55 52 59 34 59 34 52 59 59 59 62 59 59 66 34 59 59 52 34 52 34 32 59 59 29 52 59 59 62 59 52 34 52 29 59 32 34 84 34 52 34 34 52 38 34 34 59 34 38 52 29 52 62 52 59 59
33 0 25 5 0 18 25 21 25 14 21 0 25 33 0 33 8 5 0 25 25 33 10 25 25 25 33 0 25 25 8 8 33 33 21 18 25 0 25 0 33 25 25 25 53 25 25 32 0 25 25 33 0 33 0 8 25 25 5 33 25 25 53 25 33 10 33 5 25 8 0 50 0 18 0 0 18 14 0 0 25 10 14 33 5 18 53 33 25 25
43 10 27 5 10 28 27 31 27 4 31 10 27 43 10 43 8 5 10 27 27 43 0 27 27 27 43 10 27 27 8 8 43 43 31 28 27 10 27 10 43 27 27 27 61 27 27 34 10 27 27 43 10 43 10 8 27 27 5 43 27 27 61 27 43 0 43 5 27 8 10 52 10 28 10 10 28 4 10 10 27 0 4 43 5 28 61 43 27 27
38 5 30 0 5 23 30 26 30 9 26 5 30 38 5 38 3 0 5 30 30 38 5 30 30 30 38 5 30 30 3 3 38 38 26 23 30 5 30 5 38 30 30 30 58 30 30 37 5 30 30 38 5 38 5 3 30 30 0 38 30 30 58 30 38 5 38 0 30 3 5 55 5 23 5 5 23 9 5 5 30 5 9 38 0 23 58 38 30 30
66 53 38 58 53 71 38 32 38 61 32 53 38 66 53 66 61 58 53 38 38 66 61 38 38 38 66 53 38 38 61 61 66 66 32 71 38 53 38 53 66 38 38 38 0 38 38 45 53 38 38 66 53 66 53 61 38 38 58 66 38 38 0 38 66 61 66 58 38 61 53 63 53 71 53 53 71 61 53 53 38 61 61 66 58 71 0 66 38 38
33 0 25 5 0 18 25 21 25 14 21 0 25 33 0 33 8 5 0 25 25 33 10 25 25 25 33 0 25 25 8 8 33 33 21 18 25 0 25 0 33 25 25 25 53 25 25 32 0 25 25 33 0 33 0 8 25 25 5 33 25 25 53 25 33 10 33 5 25 8 0 50 0 18 0 0 18 14 0 0 25 10 14 33 5 18 53 33 25 25
33 0 25 5 0 18 25 21 25 14 21 0 25 33 0 33 8 5 0 25 25 33 10 25 25 25 33 0 25 25 8 8 33 33 21 18 25 0 25 0 33 25 25 25 53 25 25 32 0 25 25 33 0 33 0 8 25 25 5 33 25 25 53 25 33 10 33 5 25 8 0 50 0 18 0 0 18 14 0 0 25 10 14 33 5 18 53 33 25 25
43 10 27 5 10 28 27 31 27 4 31 10 27 43 10 43 8 5 10 27 27 43 0 27 27 27 43 10 27 27 8 8 43 43 31 28 27 10 27 10 43 27 27 27 61 27 27 34 10 27 27 43 10 43 10 8 27 27 5 43 27 27 61 27 43 0 43 5 27 8 10 52 10 28 10 10 28 4 10 10 27 0 4 43 5 28 61 43 27 27
53 50 25 55 50 66 25 31 25 48 31 50 25 53 50 53 53 55 50 25 25 53 52 25 25 25 53 50 25 25 53 53 53 53 31 66 25 50 25 50 53 25 25 25 63 25 25 32 50 25 25 53 50 53 50 53 25 25 55 53 25 25 63 25 53 52 53 55 25 53 50 0 50 66 50 50 66 48 50 50 25 52 48 53 55 66 63 53 25 25
66 53 38 58 53 71 38 32 38 61 32 53 38 66 53 66 61 58 53 38 38 66 61 38 38 38 66 53 38 38 61 61 66 66 32 71 38 53 38 53 66 38 38 38 0 38 38 45 53 38 38 66 53 66 53 61 38 38 58 66 38 38 0 38 66 61 66 58 38 61 53 63 53 71 53 53 71 61 53 53 38 61 61 66 58 71 0 66 38 38
38 5 30 0 5 23 30 26 30 9 26 5 30 38 5 38 3 0 5 30 30 38 5 30 30 30 38 5 30 30 3 3 38 38 26 23 30 5 30 5 38 30 30 30 58 30 30 37 5 30 30 38 5 38 5 3 30 30 0 38 30 30 58 30 38 5 38 0 30 3 5 55 5 23 5 5 23 9 5 5 30 5 9 38 0 23 58 38 30 30
34 21 6 26 21 39 6 0 6 29 0 21 6 34 21 34 29 26 21 6 6 34 31 6 6 6 34 21 6 6 29 29 34 34 0 39 6 21 6 21 34 6 6 6 32 6 6 13 21 6 6 34 21 34 21 29 6 6 26 34 6 6 32 6 34 31 34 26 6 29 21 31 21 39 21 21 39 29 21 21 6 31 29 34 26 39 32 34 6 6
41 8 28 3 8 26 28 29 28 12 29 8 28 41 8 41 0 3 8 28 28 41 8 28 28 28 41 8 28 28 0 0 41 41 29 26 28 8 28 8 41 28 28 28 61 28 28 35 8 28 28 41 8 41 8 0 28 28 3 41 28 28 61 28 41 8 41 3 28 0 8 53 8 26 8 8 26 12 8 8 28 8 12 41 3 26 61 41 28 28
115 112 87 117 112 128 87 93 87 110 93 112 87 115 112 115 115 117 112 87 87 115 114 87 87 87 115 112 87 87 115 115 115 115 93 128 87 112 87 112 115 87 87 87 125 87 87 94 112 87 87 115 112 115 112 115 87 87 117 115 87 87 125 87 115 114 115 117 87 115 112 112 112 128 112 112 128 110 112 112 87 114 110 115 117 128 125 115 87 87
28 25 0 30 25 41 0 6 0 23 6 25 0 28 25 28 28 30 25 0 0 28 27 0 0 0 28 25 0 0 28 28 28 28 6 41 0 25 0 25 28 0 0 0 38 0 0 7 25 0 0 28 25 28 25 28 0 0 30 28 0 0 38 0 28 27 28 30 0 28 25 25 25 41 25 25 41 23 25 25 0 27 23 28 30 41 38 28 0 0
43 10 27 5 10 28 27 31 27 4 31 10 27 43 10 43 8 5 10 27 27 43 0 27 27 27 43 10 27 27 8 8 43 43 31 28 27 10 27 10 43 27 27 27 61 27 27 34 10 27 27 43 10 43 10 8 27 27 5 43 27 27 61 27 43 0 43 5 27 8 10 52 10 28 10 10 28 4 10 10 27 0 4 43 5 28 61 43 27 27
51 18 41 23 18 0 41 39 41 32 39 18 41 51 18 51 26 23 18 41 41 51 28 41 41 41 51 18 41 41 26 26 51 51 39 0 41 18 41 18 51 41 41 41 71 41 41 48 18 41 41 51 18 51 18 26 41 41 23 51 41 41 71 41 51 28 51 23 41 26 18 66 18 0 18 18 0 32 18 18 41 28 32 51 23 0 71 51 41 41
43 10 27 5 10 28 27 31 27 4 31 10 27 43 10 43 8 5 10 27 27 43 0 27 27 27 43 10 27 27 8 8 43 43 31 28 27 10 27 10 43 27 27 27 61 27 27 34 10 27 27 43 10 43 10 8 27 27 5 43 27 27 61 27 43 0 43 5 27 8 10 52 10 28 10 10 28 4 10 10 27 0 4 43 5 28 61 43 27 27
34 21 6 26 21 39 6 0 6 29 0 21 6 34 21 34 29 26 21 6 6 34 31 6 6 6 34 21 6 6 29 29 34 34 0 39 6 21 6 21 34 6 6 6 32 6 6 13 21 6 6 34 21 34 21 29 6 6 26 34 6 6 32 6 34 31 34 26 6 29 21 31 21 39 21 21 39 29 21 21 6 31 29 34 26 39 32 34 6 6
28 25 0 30 25 41 0 6 0 23 6 25 0 28 25 28 28 30 25 0 0 28 27 0 0 0 28 25 0 0 28 28 28 28 6 41 0 25 0 25 28 0 0 0 38 0 0 7 25 0 0 28 25 28 25 28 0 0 30 28 0 0 38 0 28 27 28 30 0 28 25 25 25 41 25 25 41 23 25 25 0 27 23 28 30 41 38 28 0 0
47 14 23 9 14 32 23 29 23 0 29 14 23 47 14 47 12 9 14 23 23 47 4 23 23 23 47 14 23 23 12 12 47 47 29 32 23 14 23 14 47 23 23 23 61 23 23 30 14 23 23 47 14 47 14 12 23 23 9 47 23 23 61 23 47 4 47 9 23 12 14 48 14 32 14 14 32 0 14 14 23 4 0 47 9 32 61 47 23 23
43 10 27 5 10 28 27 31 27 4 31 10 27 43 10 43 8 5 10 27 27 43 0 27 27 27 43 10 27 27 8 8 43 43 31 28 27 10 27 10 43 27 27 27 61 27 27 34 10 27 27 43 10 43 10 8 27 27 5 43 27 27 61 27 43 0 43 5 27 8 10 52 10 28 10 10 28 4 10 10 27 0 4 43 5 28 61 43 27 27
28 25 0 30 25 41 0 6 0 23 6 25 0 28 25 28 28 30 25 0 0 28 27 0 0 0 28 25 0 0 28 28 28 28 6 41 0 25 0 25 28 0 0 0 38 0 0 7 25 0 0 28 25 28 25 28 0 0 30 28 0 0 38 0 28 27 28 30 0 28 25 25 25 41 25 25 41 23 25 25 0 27 23 28 30 41 38 28 0 0
51 18 41 23 18 0 41 39 41 32 39 18 41 51 18 51 26 23 18 41 41 51 28 41 41 41 51 18 41 41 26 26 51 51 39 0 41 18 41 18 51 41 41 41 71 41 41 48 18 41 41 51 18 51 18 26 41 41 23 51 41 41 71 41 51 28 51 23 41 26 18 66 18 0 18 18 0 32 18 18 41 28 32 51 23 0 71 51 41 41
38 5 30 0 5 23 30 26 30 9 26 5 30 38 5 38 3 0 5 30 30 38 5 30 30 30 38 5 30 30 3 3 38 38 26 23 30 5 30 5 38 30 30 30 58 30 30 37 5 30 30 38 5 38 5 3 30 30 0 38 30 30 58 30 38 5 38 0 30 3 5 55 5 23 5 5 23 9 5 5 30 5 9 38 0 23 58 38 30 30
43 10 27 5 10 28 27 31 27 4 31 10 27 43 10 43 8 5 10 27 27 43 0 27 27 27 43 10 27 27 8 8 43 43 31 28 27 10 27 10 43 27 27 27 61 27 27 34 10 27 27 43 10 43 10 8 27 27 5 43 27 27 61 27 43 0 43 5 27 8 10 52 10 28 10 10 28 4 10 10 27 0 4 43 5 28 61 43 27 27
33 0 25 5 0 18 25 21 25 14 21 0 25 33 0 33 8 5 0 25 25 33 10 25 25 25 33 0 25 25 8 8 33 33 21 18 25 0 25 0 33 25 25 25 53 25 25 32 0 25 25 33 0 33 0 8 25 25 5 33 25 25 53 25 33 10 33 5 25 8 0 50 0 18 0 0 18 14 0 0 25 10 14 33 5 18 53 33 25 25
33 0 25 5 0 18 25 21 25 14 21 0 25 33 0 33 8 5 0 25 25 33 10 25 25 25 33 0 25 25 8 8 33 33 21 18 25 0 25 0 33 25 25 25 53 25 25 32 0 25 25 33 0 33 0 8 25 25 5 33 25 25 53 25 33 10 33 5 25 8 0 50 0 18 0 0 18 14 0 0 25 10 14 33 5 18 53 33 25 25
38 5 30 0 5 23 30 26 30 9 26 5 30 38 5 38 3 0 5 30 30 38 5 30 30 30 38 5 30 30 3 3 38 38 26 23 30 5 30 5 38 30 30 30 58 30 30 37 5 30 30 38 5 38 5 3 30 30 0 38 30 30 58 30 38 5 38 0 30 3 5 55 5 23 5 5 23 9 5 5 30 5 9 38 0 23 58 38 30 30
38 5 30 0 5 23 30 26 30 9 26 5 30 38 5 38 3 0 5 30 30 38 5 30 30 30 38 5 30 30 3 3 38 38 26 23 30 5 30 5 38 30 30 30 58 30 30 37 5 30 30 38 5 38 5 3 30 30 0 38 30 30 58 30 38 5 38 0 30 3 5 55 5 23 5 5 23 9 5 5 30 5 9 38 0 23 58 38 30 30
35 32 7 37 32 48 7 13 7 30 13 32 7 35 32 35 35 37 32 7 7 35 34 7 7 7 35 32 7 7 35 35 35 35 13 48 7 32 7 32 35 7 7 7 45 7 7 0 32 7 7 35 32 35 32 35 7 7 37 35 7 7 45 7 35 34 35 37 7 35 32 32 32 48 32 32 48 30 32 32 7 34 30 35 37 48 45 35 7 7
33 0 25 5 0 18 25 21 25 14 21 0 25 33 0 33 8 5 0 25 25 33 10 25 25 25 33 0 25 25 8 8 33 33 21 18 25 0 25 0 33 25 25 25 53 25 25 32 0 25 25 33 0 33 0 8 25 25 5 33 25 25 53 25 33 10 33 5 25 8 0 50 0 18 0 0 18 14 0 0 25 10 14 33 5 18 53 33 25 25
43 10 27 5 10 28 27 31 27 4 31 10 27 43 10 43 8 5 10 27 27 43 0 27 27 27 43 10 27 27 8 8 43 43 31 28 27 10 27 10 43 27 27 27 61 27 27 34 10 27 27 43 10 43 10 8 27 27 5 43 27 27 61 27 43 0 43 5 27 8 10 52 10 28 10 10 28 4 10 10 27 0 4 43 5 28 61 43 27 27
0 33 28 38 33 51 28 34 28 47 34 33 28 0 33 0 41 38 33 28 28 0 43 28 28 28 0 33 28 28 41 41 0 0 34 51 28 33 28 33 0 28 28 28 66 28 28 35 33 28 28 0 33 0 33 41 28 28 38 0 28 28 66 28 0 43 0 38 28 41 33 53 33 51 33 33 51 47 33 33 28 43 47 0 38 51 66 0 28 28
33 0 25 5 0 18 25 21 25 14 21 0 25 33 0 33 8 5 0 25 25 33 10 25 25 25 33 0 25 25 8 8 33 33 21 18 25 0 25 0 33 25 25 25 53 25 25 32 0 25 25 33 0 33 0 8 25 25 5 33 25 25 53 25 33 10 33 5 25 8 0 50 0 18 0 0 18 14 0 0 25 10 14 33 5 18 53 33 25 25
34 21 6 26 21 39 6 0 6 29 0 21 6 34 21 34 29 26 21 6 6 34 31 6 6 6 34 21 6 6 29 29 34 34 0 39 6 21 6 21 34 6 6 6 32 6 6 13 21 6 6 34 21 34 21 29 6 6 26 34 6 6 32 6 34 31 34 26 6 29 21 31 21 39 21 21 39 29 21 21 6 31 29 34 26 39 32 34 6 6
47 14 23 9 14 32 23 29 23 0 29 14 23 47 14 47 12 9 14 23 23 47 4 23 23 23 47 14 23 23 12 12 47 47 29 32 23 14 23 14 47 23 23 23 61 23 23 30 14 23 23 47 14 47 14 12 23 23 9 47 23 23 61 23 47 4 47 9 23 12 14 48 14 32 14 14 32 0 14 14 23 4 0 47 9 32 61 47 23 23
38 5 30 0 5 23 30 26 30 9 26 5 30 38 5 38 3 0 5 30 30 38 5 30 30 30 38 5 30 30 3 3 38 38 26 23 30 5 30 5 38 30 30 30 58 30 30 37 5 30 30 38 5 38 5 3 30 30 0 38 30 30 58 30 38 5 38 0 30 3 5 55 5 23 5 5 23 9 5 5 30 5 9 38 0 23 58 38 30 30
35 32 7 37 32 48 7 13 7 30 13 32 7 35 32 35 35 37 32 7 7 35 34 7 7 7 35 32 7 7 35 35 35 35 13 48 7 32 7 32 35 7 7 7 45 7 7 0 32 7 7 35 32 35 32 35 7 7 37 35 7 7 45 7 35 34 35 37 7 35 32 32 32 48 32 32 48 30 32 32 7 34 30 35 37 48 45 35 7 7
28 25 0 30 25 41 0 6 0 23 6 25 0 28 25 28 28 30 25 0 0 28 27 0 0 0 28 25 0 0 28 28 28 28 6 41 0 25 0 25 28 0 0 0 38 0 0 7 25 0 0 28 25 28 25 28 0 0 30 28 0 0 38 0 28 27 28 30 0 28 25 25 25 41 25 25 41 23 25 25 0 27 23 28 30 41 38 28 0 0
19 52 47 57 52 70 47 53 47 66 53 52 47 19 52 19 60 57 52 47 47 19 62 47 47 47 19 52 47 47 60 60 19 19 53 70 47 52 47 52 19 47 47 47 85 47 47 54 52 47 47 19 52 19 52 60 47 47 57 19 47 47 85 47 19 62 19 57 47 60 52 72 52 70 52 52 70 66 52 52 47 62 66 19 57 70 85 19 47 47
33 0 25 5 0 18 25 21 25 14 21 0 25 33 0 33 8 5 0 25 25 33 10 25 25 25 33 0 25 25 8 8 33 33 21 18 25 0 25 0 33 25 25 25 53 25 25 32 0 25 25 33 0 33 0 8 25 25 5 33 25 25 53 25 33 10 33 5 25 8 0 50 0 18 0 0 18 14 0 0 25 10 14 33 5 18 53 33 25 25
53 50 25 55 50 66 25 31 25 48 31 50 25 53 50 53 53 55 50 25 25 53 52 25 25 25 53 50 25 25 53 53 53 53 31 66 25 50 25 50 53 25 25 25 63 25 25 32 50 25 25 53 50 53 50 53 25 25 55 53 25 25 63 25 53 52 53 55 25 53 50 0 50 66 50 50 66 48 50 50 25 52 48 53 55 66 63 53 25 25
36 33 8 38 33 33 8 14 8 31 14 33 8 36 33 36 36 38 33 8 8 36 35 8 8 8 36 33 8 8 36 36 36 36 14 33 8 33 8 33 36 8 8 8 46 8 8 15 33 8 8 36 33 36 33 36 8 8 38 36 8 8 46 8 36 35 36 38 8 36 33 33 33 33 33 33 33 31 33 33 8 35 31 36 38 33 46 36 8 8
28 25 0 30 25 41 0 6 0 23 6 25 0 28 25 28 28 30 25 0 0 28 27 0 0 0 28 25 0 0 28 28 28 28 6 41 0 25 0 25 28 0 0 0 38 0 0 7 25 0 0 28 25 28 25 28 0 0 30 28 0 0 38 0 28 27 28 30 0 28 25 25 25 41 25 25 41 23 25 25 0 27 23 28 30 41 38 28 0 0
43 10 27 5 10 28 27 31 27 4 31 10 27 43 10 43 8 5 10 27 27 43 0 27 27 27 43 10 27 27 8 8 43 43 31 28 27 10 27 10 43 27 27 27 61 27 27 34 10 27 27 43 10 43 10 8 27 27 5 43 27 27 61 27 43 0 43 5 27 8 10 52 10 28 10 10 28 4 10 10 27 0 4 43 5 28 61 43 27 27
33 0 25 5 0 18 25 21 25 14 21 0 25 33 0 33 8 5 0 25 25 33 10 25 25 25 33 0 25 25 8 8 33 33 21 18 25 0 25 0 33 25 25 25 53 25 25 32 0 25 25 33 0 33 0 8 25 25 5 33 25 25 53 25 33 10 33 5 25 8 0 50 0 18 0 0 18 14 0 0 25 10 14 33 5 18 53 33 25 25
47 14 23 9 14 32 23 29 23 0 29 14 23 47 14 47 12 9 14 23 23 47 4 23 23 23 47 14 23 23 12 12 47 47 29 32 23 14 23 14 47 23 23 23 61 23 23 30 14 23 23 47 14 47 14 12 23 23 9 47 23 23 61 23 47 4 47 9 23 12 14 48 14 32 14 14 32 0 14 14 23 4 0 47 9 32 61 47 23 23
34 21 6 26 21 39 6 0 6 29 0 21 6 34 21 34 29 26 21 6 6 34 31 6 6 6 34 21 6 6 29 29 34 34 0 39 6 21 6 21 34 6 6 6 32 6 6 13 21 6 6 34 21 34 21 29 6 6 26 34 6 6 32 6 34 31 34 26 6 29 21 31 21 39 21 21 39 29 21 21 6 31 29 34 26 39 32 34 6 6
28 25 0 30 25 41 0 6 0 23 6 25 0 28 25 28 28 30 25 0 0 28 27 0 0 0 28 25 0 0 28 28 28 28 6 41 0 25 0 25 28 0 0 0 38 0 0 7 25 0 0 28 25 28 25 28 0 0 30 28 0 0 38 0 28 27 28 30 0 28 25 25 25 41 25 25 41 23 25 25 0 27 23 28 30 41 38 28 0 0
66 53 38 58 53 71 38 32 38 61 32 53 38 66 53 66 61 58 53 38 38 66 61 38 38 38 66 53 38 38 61 61 66 66 32 71 38 53 38 53 66 38 38 38 0 38 38 45 53 38 38 66 53 66 53 61 38 38 58 66 38 38 0 38 66 61 66 58 38 61 53 63 53 71 53 53 71 61 53 53 38 61 61 66 58 71 0 66 38 38
38 5 30 0 5 23 30 26 30 9 26 5 30 38 5 38 3 0 5 30 30 38 5 30 30 30 38 5 30 30 3 3 38 38 26 23 30 5 30 5 38 30 30 30 58 30 30 37 5 30 30 38 5 38 5 3 30 30 0 38 30 30 58 30 38 5 38 0 30 3 5 55 5 23 5 5 23 9 5 5 30 5 9 38 0 23 58 38 30 30
43 10 27 5 10 28 27 31 27 4 31 10 27 43 10 43 8 5 10 27 27 43 0 27 27 27 43 10 27 27 8 8 43 43 31 28 27 10 27 10 43 27 27 27 61 27 27 34 10 27 27 43 10 43 10 8 27 27 5 43 27 27 61 27 43 0 43 5 27 8 10 52 10 28 10 10 28 4 10 10 27 0 4 43 5 28 61 43 27 27
43 10 27 5 10 28 27 31 27 4 31 10 27 43 10 43 8 5 10 27 27 43 0 27 27 27 43 10 27 27 8 8 43 43 31 28 27 10 27 10 43 27 27 27 61 27 27 34 10 27 27 43 10 43 10 8 27 27 5 43 27 27 61 27 43 0 43 5 27 8 10 52 10 28 10 10 28 4 10 10 27 0 4 43 5 28 61 43 27 27
66 53 38 58 53 71 38 32 38 61 32 53 38 66 53 66 61 58 53 38 38 66 61 38 38 38 66 53 38 38 61 61 66 66 32 71 38 53 38 53 66 38 38 38 0 38 38 45 53 38 38 66 53 66 53 61 38 38 58 66 38 38 0 38 66 61 66 58 38 61 53 63 53 71 53 53 71 61 53 53 38 61 61 66 58 71 0 66 38 38
35 32 7 37 32 48 7 13 7 30 13 32 7 35 32 35 35 37 32 7 7 35 34 7 7 7 35 32 7 7 35 35 35 35 13 48 7 32 7 32 35 7 7 7 45 7 7 0 32 7 7 35 32 35 32 35 7 7 37 35 7 7 45 7 35 34 35 37 7 35 32 32 32 48 32 32 48 30 32 32 7 34 30 35 37 48 45 35 7 7
28 25 0 30 25 41 0 6 0 23 6 25 0 28 25 28 28 30 25 0 0 28 27 0 0 0 28 25 0 0 28 28 28 28 6 41 0 25 0 25 28 0 0 0 38 0 0 7 25 0 0 28 25 28 25 28 0 0 30 28 0 0 38 0 28 27 28 30 0 28 25 25 25 41 25 25 41 23 25 25 0 27 23 28 30 41 38 28 0 0
34 21 6 26 21 39 6 0 6 29 0 21 6 34 21 34 29 26 21 6 6 34 31 6 6 6 34 21 6 6 29 29 34 34 0 39 6 21 6 21 34 6 6 6 32 6 6 13 21 6 6 34 21 34 21 29 6 6 26 34 6 6 32 6 34 31 34 26 6 29 21 31 21 39 21 21 39 29 21 21 6 31 29 34 26 39 32 34 6 6
53 50 25 55 50 66 25 31 25 48 31 50 25 53 50 53 53 55 50 25 25 53 52 25 25 25 53 50 25 25 53 53 53 53 31 66 25 50 25 50 53 25 25 25 63 25 25 32 50 25 25 53 50 53 50 53 25 25 55 53 25 25 63 25 53 52 53 55 25 53 50 0 50 66 50 50 66 48 50 50 25 52 48 53 55 66 63 53 25 25
34 21 6 26 21 39 6 0 6 29 0 21 6 34 21 34 29 26 21 6 6 34 31 6 6 6 34 21 6 6 29 29 34 34 0 39 6 21 6 21 34 6 6 6 32 6 6 13 21 6 6 34 21 34 21 29 6 6 26 34 6 6 32 6 34 31 34 26 6 29 21 31 21 39 21 21 39 29 21 21 6 31 29 34 26 39 32 34 6 6
