89 89 81
240 173 106 281 78 260 387 234 340 255 375 199 207 253 147 332 380 136 234 266 309 519 332 140 266 417 203 37 89 333 212 261 194 241 174 544 460 299 141 182 143 79 470 396 220 234 187 529 167 264 339 214 290 311 486 212 277 256 336 332 371 206 169 356 157 226 370 115 282 322 107 425 74 233 331 244 183 223 0 218 384 73 409 175 323 324 255 408 347
509 548 495 606 355 400 663 325 488 405 513 359 484 380 300 470 530 289 437 406 522 657 494 468 528 691 451 462 489 495 303 348 564 394 312 637 600 459 417 451 407 479 603 534 537 367 278 663 258 584 471 466 506 449 607 303 417 533 446 482 509 366 539 496 433 502 463 443 409 422 384 0 351 471 424 460 396 485 425 371 650 498 631 375 414 488 348 535 560
300 439 372 487 344 328 415 337 303 323 328 341 424 313 312 285 198 301 377 324 468 472 473 274 0 499 409 303 295 310 315 380 122 406 324 509 304 441 275 242 349 285 317 528 455 325 290 535 270 282 399 348 424 264 544 315 313 522 478 246 497 348 97 392 291 360 335 249 342 382 373 528 340 389 296 378 342 43 266 382 455 339 564 317 390 433 360 468 542
206 399 429 455 253 307 426 223 168 302 371 217 342 77 198 304 273 187 295 313 380 260 379 334 390 466 317 360 355 175 201 299 408 292 170 437 297 317 283 148 273 345 284 392 444 401 136 511 156 450 305 294 344 307 252 201 324 431 397 225 248 224 401 403 299 368 311 309 48 8 282 414 249 287 272 298 254 347 323 269 434 396 270 241 0 298 246 174 418
314 214 147 238 173 217 272 252 225 212 340 92 175 269 165 294 330 154 128 223 219 484 300 25 249 302 160 78 46 218 230 218 127 259 139 429 393 192 26 277 100 36 380 361 261 144 173 414 185 149 318 99 234 276 448 230 234 318 316 282 336 99 152 313 42 111 255 0 298 317 169 443 169 190 216 201 93 206 115 133 372 114 468 68 309 209 140 424 293
129 374 359 436 183 332 407 189 245 337 312 177 312 0 164 227 350 153 301 338 327 337 302 294 313 447 315 290 315 252 167 280 331 258 176 418 278 277 243 71 233 305 265 398 469 361 142 527 122 418 228 316 372 248 233 167 349 361 378 302 229 184 324 428 259 328 327 269 29 69 212 380 179 337 288 326 214 270 253 235 460 326 251 201 77 352 212 155 378
394 431 364 596 448 213 600 454 342 218 484 404 428 265 429 441 343 418 456 219 551 539 411 405 317 182 314 433 404 349 432 265 353 341 441 625 13 376 354 336 428 394 0 542 350 236 407 403 387 334 452 427 319 420 440 432 230 393 363 295 436 411 328 309 370 373 532 380 236 276 477 603 444 284 493 273 441 274 470 500 504 469 458 396 284 471 417 362 288
356 402 438 421 309 354 514 279 415 359 85 205 385 227 254 0 483 243 338 360 243 229 416 319 285 544 266 369 340 422 257 406 321 287 158 392 428 305 268 298 261 330 441 243 491 386 192 358 212 399 342 309 353 21 460 257 371 467 504 436 254 212 296 450 252 353 218 294 256 296 318 470 305 296 239 307 242 242 332 325 405 405 478 229 304 433 163 363 406
297 360 293 364 339 52 462 366 191 57 459 211 271 280 280 406 182 285 318 58 319 559 146 243 380 343 153 224 172 198 352 0 345 180 258 500 252 111 244 351 267 182 265 342 189 362 292 450 312 286 220 317 158 395 300 352 69 240 98 134 451 218 370 148 260 250 371 218 251 291 324 348 335 123 332 112 248 423 261 351 343 260 473 235 299 321 256 230 345
314 360 366 389 231 338 475 245 416 333 158 163 298 327 284 243 458 273 331 344 0 430 173 244 468 505 330 297 265 421 309 319 346 378 210 522 538 263 229 256 219 255 551 432 475 347 244 457 264 368 99 302 417 222 560 309 355 267 417 410 327 156 371 434 245 314 348 219 356 388 202 522 235 360 309 371 126 425 309 352 479 333 504 187 380 412 286 482 350
339 239 172 263 198 242 297 277 250 237 365 117 200 294 190 319 355 179 153 248 244 509 325 0 274 327 185 103 71 243 255 243 152 284 164 454 418 217 51 302 125 61 405 386 286 169 198 439 210 124 343 124 259 301 473 255 259 343 341 307 361 124 177 338 67 136 280 25 323 342 194 468 194 215 241 226 118 231 140 158 397 139 493 93 334 234 165 449 318
441 445 481 376 352 439 560 322 485 444 0 248 441 312 297 85 526 286 394 445 158 272 331 365 328 590 351 412 386 492 300 459 364 372 201 477 471 348 314 383 304 376 484 328 576 432 235 443 255 484 257 387 438 64 545 300 456 425 557 521 169 255 339 535 330 399 303 340 341 379 360 513 348 381 324 392 284 285 375 368 490 448 563 272 371 476 248 448 449
298 204 246 337 135 270 319 175 272 275 255 7 206 184 128 212 377 117 175 276 156 399 329 124 348 349 259 177 145 265 153 218 226 222 54 426 398 107 73 240 63 135 411 276 360 191 88 452 108 248 255 146 281 191 417 153 287 255 316 329 251 0 251 366 89 158 252 99 213 232 106 366 132 289 213 290 30 305 206 199 383 213 408 31 224 256 187 339 194
346 317 266 357 176 294 348 246 155 289 394 168 47 301 221 338 260 210 0 300 331 538 172 153 377 378 279 197 165 148 224 318 255 261 193 473 469 268 102 288 176 155 456 415 316 220 159 344 179 277 246 29 278 330 320 224 311 266 243 212 390 175 280 390 86 187 299 128 330 303 147 437 180 274 260 285 205 334 234 261 421 233 449 144 295 271 184 456 187
407 444 377 583 461 200 600 467 329 205 471 391 441 278 428 428 330 431 469 206 538 552 398 418 304 195 301 423 391 336 445 252 340 328 438 638 0 363 367 349 422 381 13 529 337 249 420 416 400 321 439 440 306 407 448 445 217 406 350 282 449 398 315 296 383 386 519 393 249 289 490 600 457 271 480 260 428 261 460 499 491 459 471 409 297 459 404 375 301
375 288 246 337 205 265 319 275 126 260 387 139 76 316 212 309 231 201 29 271 302 531 201 124 348 349 258 177 145 119 253 317 226 290 186 444 440 239 73 317 147 135 427 408 345 191 188 315 208 248 275 0 249 323 349 253 282 295 272 183 383 146 251 361 57 158 270 99 342 302 176 466 209 245 231 256 176 305 214 232 392 213 478 115 294 242 155 468 216
316 332 265 336 250 71 390 282 119 76 381 282 312 337 179 296 191 184 274 65 360 506 187 215 389 362 30 196 144 126 251 123 317 79 269 422 271 234 216 354 281 154 284 258 196 334 235 448 215 163 261 245 57 317 307 251 76 226 221 153 466 289 342 155 231 257 248 190 335 295 279 471 246 0 209 11 283 396 233 250 260 232 502 258 287 249 133 277 331
310 304 237 371 148 299 405 180 247 304 368 192 277 235 71 325 352 82 261 293 352 494 331 158 382 406 280 211 179 240 158 351 260 187 167 492 499 292 159 252 200 169 500 389 394 277 133 518 113 282 326 232 285 304 462 158 304 326 310 304 364 199 285 383 175 215 318 133 264 277 177 371 144 250 279 239 226 339 218 0 454 247 335 168 269 117 203 385 393
251 357 298 389 289 6 416 325 145 11 445 269 329 338 222 360 126 227 300 0 344 571 204 248 324 297 95 229 197 152 294 58 350 122 312 444 206 169 249 309 216 187 219 323 131 367 278 404 258 228 245 271 100 381 242 294 11 269 156 88 509 276 375 90 265 192 313 223 309 321 318 406 285 65 274 54 306 367 266 293 297 265 437 248 313 275 198 288 374
251 290 273 348 97 264 405 67 230 269 255 101 226 122 42 212 335 31 179 258 264 399 280 210 270 435 193 204 231 237 45 312 306 136 54 379 400 201 159 193 149 221 387 276 387 277 20 405 0 326 213 208 250 191 349 45 269 275 410 287 251 108 281 348 175 244 205 185 151 164 126 258 93 215 166 204 138 227 167 113 392 240 373 117 156 230 90 277 302
521 380 313 0 359 383 510 415 455 378 376 330 404 436 390 421 503 379 357 389 389 648 463 263 487 540 306 244 192 456 393 364 365 415 377 547 583 430 264 463 338 202 596 594 427 382 368 573 348 387 488 337 393 440 611 393 400 506 462 455 207 337 390 479 280 349 373 238 407 447 388 606 355 336 334 347 331 444 281 371 560 280 629 306 455 447 258 533 531
547 618 576 547 476 448 649 446 423 443 477 433 520 418 421 392 318 410 473 444 522 621 549 454 509 568 392 507 475 430 424 500 387 501 433 0 638 533 403 489 477 465 625 635 575 521 399 452 379 525 592 444 479 413 593 424 433 455 598 366 494 426 412 512 387 377 174 429 389 429 471 637 472 422 213 433 396 466 544 492 361 543 611 445 437 475 289 515 560
317 431 364 455 377 82 328 354 57 77 521 322 259 302 310 436 48 315 212 88 410 485 280 307 246 363 183 295 263 64 242 134 368 210 341 366 282 245 256 373 304 253 295 411 219 374 307 480 287 316 311 183 188 457 330 242 99 357 232 0 473 329 343 178 240 280 396 282 273 233 359 482 373 153 362 142 359 289 332 304 209 331 495 298 225 187 286 364 399
391 297 339 430 229 163 412 268 302 168 348 100 313 277 221 305 293 210 268 169 263 492 257 217 441 442 264 270 238 309 246 111 319 291 147 533 363 0 166 333 156 228 376 369 300 284 181 554 201 341 331 239 269 284 411 246 180 351 209 245 344 107 344 259 182 251 359 192 306 325 213 459 225 234 320 223 137 398 299 292 454 306 515 124 317 265 280 341 301
382 319 252 427 298 137 533 454 276 142 576 353 312 469 353 491 257 356 316 131 475 508 335 286 455 206 226 183 235 283 425 189 388 253 394 575 337 300 287 402 347 225 350 454 0 380 407 535 387 359 376 345 231 512 373 425 142 400 116 219 591 360 389 221 303 323 444 261 440 452 327 537 294 196 405 185 354 443 220 394 428 219 568 329 444 406 329 419 452
277 136 69 244 115 223 350 271 303 218 412 170 244 290 184 369 343 173 197 229 297 556 323 103 303 380 166 0 52 296 249 224 205 275 211 507 423 270 104 219 178 42 433 433 183 197 224 492 204 227 376 177 253 348 471 249 240 262 299 295 408 177 206 319 120 189 333 78 319 359 144 462 111 196 294 207 171 260 37 211 421 36 446 146 360 287 218 445 367
58 318 288 463 112 303 478 260 316 298 383 233 241 71 181 298 421 170 288 309 256 408 231 302 242 518 384 219 271 323 238 351 260 275 247 489 349 333 251 0 177 261 336 469 402 369 213 515 193 420 157 317 389 319 304 238 320 290 437 373 300 240 253 399 267 336 380 277 100 140 141 451 108 354 341 343 217 199 182 252 418 255 322 209 148 369 283 226 381
299 343 313 404 129 323 395 293 202 328 441 213 0 312 206 385 307 195 47 329 298 493 125 200 424 425 282 244 212 195 271 271 302 300 240 520 441 313 149 241 202 202 428 462 312 267 206 391 226 324 199 76 325 377 367 271 340 219 196 259 437 206 327 419 133 234 346 175 341 350 100 484 133 312 307 323 176 381 207 277 377 280 402 191 342 318 231 467 140
394 300 258 349 232 198 331 311 228 203 399 151 234 328 224 353 318 213 187 192 314 543 359 136 360 191 271 189 157 221 289 250 238 314 198 377 386 251 85 336 159 147 373 420 323 203 232 403 244 260 413 158 292 335 434 289 203 406 348 280 395 158 263 282 101 0 203 111 357 376 261 502 228 257 164 246 188 317 226 215 390 225 550 127 368 98 199 480 352
257 396 329 444 301 371 458 294 346 366 285 298 381 270 269 242 241 258 334 367 425 429 430 231 43 456 366 260 252 353 272 423 79 363 281 466 261 398 232 199 306 242 274 485 443 282 247 492 227 239 356 305 440 221 503 272 356 479 521 289 454 305 54 435 248 317 292 206 299 339 330 485 297 396 253 407 299 0 223 339 479 296 521 274 347 415 317 425 499
262 368 309 400 300 17 427 336 156 22 456 280 340 349 233 371 115 238 311 11 355 582 215 259 313 308 106 240 208 163 305 69 361 133 323 433 217 180 260 320 227 198 230 334 142 378 289 415 269 239 256 282 111 392 231 305 0 280 167 99 520 287 386 79 276 203 324 234 320 332 329 417 296 76 285 65 317 356 277 304 308 276 426 259 324 286 209 299 385
325 231 189 280 163 259 262 242 183 254 330 82 133 259 155 252 288 144 86 265 245 474 258 67 291 292 201 120 88 176 220 260 169 249 129 387 383 182 16 267 90 78 370 351 303 134 163 372 175 191 332 57 192 266 406 220 276 341 329 240 326 89 194 355 0 101 213 42 288 307 192 433 159 231 174 238 119 248 157 175 362 156 494 58 299 199 98 414 273
158 403 388 407 212 303 378 218 216 308 341 206 341 29 193 256 321 182 330 309 356 308 331 323 342 418 344 319 344 223 196 251 360 287 205 389 249 306 272 100 262 334 236 427 440 390 171 543 151 447 257 342 392 277 204 196 320 390 349 273 200 213 353 399 288 357 343 298 0 40 241 409 208 335 304 346 243 299 282 264 431 355 222 230 48 346 241 126 407
346 302 235 306 280 101 420 260 149 106 351 252 282 315 209 266 221 214 279 95 330 476 157 185 409 392 0 166 114 156 238 153 287 109 247 392 301 264 186 384 260 124 314 288 226 304 213 418 193 133 231 258 87 287 337 238 106 251 251 183 444 259 312 185 201 271 218 160 344 325 309 451 276 30 179 41 253 366 203 280 290 202 532 228 317 279 103 307 356
305 244 280 377 151 310 359 121 284 315 201 47 240 176 96 158 389 85 193 312 210 345 304 164 324 389 247 211 185 291 99 258 266 190 0 433 438 147 113 247 103 175 441 222 394 231 34 459 54 288 267 186 304 137 403 99 323 309 356 341 197 54 291 402 129 198 259 139 205 178 160 312 147 269 220 258 84 281 174 167 437 247 427 71 170 284 144 331 248
318 341 274 365 272 344 399 373 352 339 364 219 302 331 292 321 320 281 255 350 346 508 427 152 122 429 287 205 173 345 351 345 0 386 266 387 340 319 153 260 227 163 353 488 388 203 300 413 306 160 417 226 361 300 477 351 361 416 443 368 463 226 25 440 169 238 213 127 360 400 296 564 268 317 174 328 220 79 194 260 400 241 582 195 408 336 250 486 420
377 381 417 440 288 375 496 258 421 380 64 184 377 248 233 21 462 222 330 381 222 208 395 301 264 526 287 348 322 428 236 395 300 308 137 413 407 284 250 319 240 312 420 264 512 368 171 379 191 420 321 323 374 0 481 236 392 446 493 457 233 191 275 471 266 335 239 276 277 315 297 449 284 317 260 328 221 221 311 304 426 384 499 208 307 412 184 384 385
333 364 344 415 171 128 469 203 198 133 372 215 300 258 116 287 248 105 261 122 378 516 266 284 406 419 109 275 223 205 172 180 386 0 190 501 328 291 233 275 223 233 341 337 253 351 156 526 136 242 340 290 114 308 364 172 133 283 278 210 387 222 410 212 249 314 327 259 287 300 200 394 167 79 288 68 252 363 241 187 317 311 502 191 292 304 212 198 388
240 354 287 378 300 5 405 336 134 0 444 268 328 337 233 359 125 238 289 11 333 562 203 237 323 286 106 218 186 141 305 57 339 133 315 443 205 168 238 298 227 176 218 334 142 356 289 403 269 239 234 260 111 380 253 305 22 280 155 77 508 275 364 101 254 203 324 212 308 310 329 405 296 76 285 65 305 366 255 304 286 254 448 259 302 264 209 287 385
466 589 625 648 496 567 686 466 428 562 272 392 493 337 423 229 533 430 538 571 430 0 552 509 472 357 476 556 530 435 444 559 508 516 345 621 552 492 458 408 448 520 539 472 508 576 379 587 399 609 529 531 563 208 512 444 582 458 624 485 441 399 483 661 474 543 447 484 308 268 505 657 492 506 468 517 429 429 519 494 634 592 530 416 260 558 392 434 353
166 210 180 355 4 291 389 160 323 296 348 125 133 179 73 305 368 62 180 285 235 492 258 194 340 419 276 111 163 328 138 335 268 167 147 472 457 225 143 108 69 153 444 369 294 261 113 498 93 318 265 209 281 284 412 138 296 182 329 373 344 132 243 375 159 228 298 169 208 248 33 351 0 246 259 235 109 297 74 144 310 147 335 101 249 261 183 334 273
215 313 380 488 269 239 446 146 317 234 257 262 199 228 255 342 359 244 246 245 99 529 74 343 399 520 231 376 345 324 258 220 417 340 267 592 439 331 328 157 318 354 452 489 376 446 233 358 213 364 0 275 318 321 461 258 256 168 318 311 426 255 410 335 332 413 418 318 257 297 298 471 265 261 379 272 225 356 339 326 520 394 479 286 305 443 303 383 273
439 398 436 531 269 380 383 369 342 385 449 201 140 378 322 406 447 311 187 374 350 353 199 318 542 470 356 367 339 335 347 345 420 388 248 560 301 301 267 381 257 329 288 470 452 385 282 531 302 442 273 216 366 385 491 347 385 105 336 399 445 194 445 464 273 352 386 293 407 426 240 560 273 331 347 320 224 499 347 393 517 331 542 225 418 450 299 533 0
374 414 372 455 327 139 271 297 0 134 485 265 202 245 272 415 105 261 155 145 416 428 243 250 303 419 149 303 263 7 185 191 352 198 284 423 329 302 199 316 273 261 342 377 276 317 250 441 230 282 317 126 176 421 387 185 156 337 289 57 416 272 377 235 183 228 367 225 216 176 302 488 323 119 328 130 302 346 340 247 266 339 438 241 168 130 252 342 342
358 441 477 207 348 503 556 318 416 508 169 244 437 229 293 254 521 282 390 509 327 441 500 361 497 586 444 408 382 423 296 451 463 387 197 494 449 344 310 300 300 372 436 419 591 428 231 512 251 485 426 383 501 233 404 296 520 506 549 473 0 251 488 599 326 395 456 336 200 240 357 509 344 466 417 455 281 454 371 364 631 444 422 268 248 481 341 326 445
311 342 275 390 247 369 424 348 377 364 339 244 327 324 316 296 295 305 280 375 371 483 452 177 97 454 312 206 198 370 326 370 25 410 291 412 315 344 178 253 252 188 328 513 389 228 301 438 281 185 410 251 386 275 452 326 386 425 468 343 488 251 0 465 194 263 238 152 353 393 276 539 243 342 199 353 245 54 169 285 425 242 575 220 401 361 275 479 445
284 529 514 533 338 282 504 344 342 287 448 332 467 155 314 363 412 303 456 288 482 434 376 449 468 544 307 445 402 349 322 230 486 198 331 515 375 341 398 226 388 412 362 535 419 516 297 669 277 440 383 468 312 384 330 322 299 470 328 364 326 339 479 378 414 480 469 424 126 166 367 535 334 277 430 266 369 425 408 385 515 481 348 356 174 472 367 0 533
376 0 67 380 214 359 461 357 414 354 445 197 343 374 270 402 479 259 317 357 360 589 239 239 439 491 302 136 188 407 335 360 341 364 244 618 444 297 215 318 141 178 431 466 319 195 278 603 290 363 313 288 389 381 599 335 368 333 435 431 441 204 342 447 231 300 444 214 403 407 243 548 210 332 405 343 234 396 173 304 520 172 545 173 399 398 329 529 398
380 545 515 629 331 443 600 440 438 448 563 415 402 251 406 478 541 397 449 437 504 530 527 493 564 640 532 446 498 445 418 473 582 502 427 611 471 515 478 322 404 488 458 649 568 596 393 765 373 617 479 478 537 499 195 418 426 451 571 495 422 408 575 505 494 550 565 468 222 262 302 631 335 502 526 491 378 521 409 335 579 482 0 436 270 452 463 348 542
348 333 331 506 178 275 278 314 337 280 425 262 219 361 255 467 395 244 266 269 267 458 94 343 522 566 251 262 314 344 320 240 416 283 309 455 406 351 325 290 251 304 393 484 400 443 295 481 275 384 168 295 261 446 386 320 280 0 338 357 506 255 425 359 341 406 281 318 390 430 149 533 182 226 242 215 225 479 256 326 426 226 451 283 431 443 318 470 105
399 405 363 334 263 280 436 233 328 285 324 220 307 288 208 239 400 197 260 274 309 468 336 241 296 355 179 294 262 335 211 332 174 288 220 213 480 320 190 341 264 252 493 442 405 308 186 239 166 312 379 231 266 260 508 211 285 242 430 362 417 213 199 364 174 164 39 216 304 264 259 424 259 209 0 220 183 253 331 279 226 330 526 232 272 262 76 430 347
289 239 306 463 254 198 372 220 243 203 331 336 125 302 260 416 328 249 172 204 173 552 0 325 473 489 157 323 271 250 325 146 427 266 304 549 398 257 274 231 327 281 411 445 335 392 270 432 280 290 74 201 244 395 446 325 215 94 244 280 500 329 452 294 258 359 375 300 331 371 225 494 258 187 336 198 299 430 332 331 447 320 527 316 379 373 260 376 199
170 214 184 359 0 295 393 164 327 300 352 129 129 183 77 309 372 66 176 289 231 496 254 198 344 423 280 115 167 324 142 339 272 171 151 476 461 229 147 112 73 157 448 373 298 265 117 502 97 322 269 205 285 288 416 142 300 178 325 377 348 135 247 379 163 232 302 173 212 252 29 355 4 250 263 239 105 301 78 148 306 151 331 105 253 265 187 338 269
526 491 449 540 423 291 522 502 419 286 590 342 425 447 415 544 411 404 378 297 505 357 489 327 499 0 392 380 348 412 480 343 429 419 389 568 195 442 276 518 350 338 182 611 206 394 423 585 435 451 520 349 397 526 539 480 308 566 322 363 586 349 454 387 292 191 394 302 418 458 452 691 419 362 355 351 379 456 417 406 572 416 640 318 466 289 390 544 470
319 178 111 202 157 181 308 288 261 176 376 128 202 305 201 330 301 190 155 187 255 520 281 61 285 338 124 42 10 254 266 182 163 233 175 465 381 228 62 261 136 0 394 397 225 180 209 450 221 185 354 135 211 312 429 266 198 304 280 253 372 135 188 277 78 147 291 36 334 353 186 479 153 154 252 165 129 242 79 169 408 78 488 104 345 245 176 412 329
438 444 402 373 302 319 475 272 367 324 303 259 346 327 247 218 432 236 299 313 348 447 375 280 335 394 218 333 301 374 250 371 213 327 259 174 519 359 229 380 303 291 532 461 444 347 225 278 205 351 418 270 305 239 547 250 324 281 469 396 456 252 238 403 213 203 0 255 343 303 297 463 298 248 39 259 222 292 370 318 187 369 565 271 311 301 115 469 386
470 584 517 608 530 235 481 507 210 230 397 475 412 455 463 354 201 468 365 241 555 541 433 460 399 516 336 448 416 217 395 287 521 363 470 519 435 398 409 526 457 406 448 564 372 527 460 633 440 469 464 336 341 333 483 395 252 510 385 153 566 482 496 331 393 433 549 435 426 386 512 635 526 306 515 295 512 442 485 457 362 484 648 451 378 340 439 517 552
235 141 208 338 73 222 320 216 273 227 304 56 202 233 129 261 342 118 176 216 219 448 327 125 349 350 260 178 146 266 194 267 227 223 103 477 422 156 74 177 0 136 428 325 347 192 137 462 149 249 318 147 282 240 458 194 227 251 365 304 300 63 252 306 90 159 303 100 262 281 102 407 69 281 264 270 93 306 143 200 379 214 404 32 273 257 188 388 257
346 67 0 313 184 292 419 340 372 287 481 239 313 359 253 438 412 242 266 298 366 625 306 172 372 449 235 69 121 365 318 293 274 344 280 576 377 339 173 288 208 111 364 502 252 128 293 561 273 296 380 246 322 417 540 318 309 331 368 364 477 246 275 388 189 258 402 147 388 428 213 495 180 265 363 276 240 329 106 237 490 105 515 215 429 354 287 514 436
476 520 490 560 306 291 537 459 266 286 490 390 377 460 383 405 257 372 421 297 479 634 447 397 455 572 290 421 404 273 437 343 400 317 437 361 491 454 346 418 379 408 504 518 428 464 412 465 392 423 520 392 295 426 539 437 308 426 441 209 631 383 425 387 362 390 187 372 431 442 277 650 310 260 226 249 353 479 384 454 0 457 579 388 434 396 302 515 517
329 188 121 192 167 191 318 298 263 186 386 138 212 315 211 340 311 200 165 197 265 530 271 71 295 348 114 52 0 264 276 172 173 223 185 475 391 238 72 271 146 10 404 402 235 190 219 460 231 195 345 145 201 322 439 276 208 314 270 263 382 145 198 287 88 157 301 46 344 363 196 489 163 144 262 155 139 252 89 179 404 88 498 114 355 255 186 402 339
228 259 242 379 66 233 374 98 261 238 286 110 195 153 11 243 353 0 210 227 273 430 249 179 301 404 214 173 200 268 76 285 281 105 85 410 431 210 128 170 118 190 418 307 356 246 51 436 31 303 244 201 219 222 380 76 238 244 383 315 282 117 305 317 144 213 236 154 182 195 95 289 62 184 197 173 147 258 136 82 372 209 397 86 187 199 121 303 311
527 466 502 594 373 329 581 343 377 334 328 269 462 398 318 243 449 307 415 323 432 472 445 386 528 611 288 433 402 384 321 342 488 337 222 635 529 369 335 469 325 397 542 0 454 453 256 601 276 421 489 408 315 264 565 321 334 484 440 411 419 276 513 413 351 420 461 361 427 400 382 534 369 258 442 269 306 485 396 389 518 469 649 293 392 506 366 535 470
341 447 388 479 379 96 506 415 235 101 535 359 419 428 312 450 194 317 390 90 434 661 294 338 392 387 185 319 287 242 384 148 440 212 402 512 296 259 339 399 306 277 309 413 221 457 368 410 348 318 335 361 190 471 310 384 79 359 246 178 599 366 465 0 355 282 403 313 399 411 408 496 375 155 364 144 396 435 356 383 387 355 505 338 403 365 288 378 464
536 461 419 510 393 410 0 472 271 405 560 312 395 407 385 514 376 374 348 416 475 686 372 297 415 522 420 350 318 278 375 462 399 469 359 649 600 412 246 478 320 308 600 581 533 364 393 634 405 421 446 319 447 496 582 375 427 278 560 328 556 319 424 506 262 331 475 272 378 418 422 663 389 390 436 401 349 458 387 405 537 386 600 288 426 401 360 504 383
271 278 293 368 117 284 393 87 250 289 235 81 206 142 62 192 355 51 159 278 244 379 270 198 290 423 213 224 219 257 65 292 300 156 34 399 420 181 147 213 137 209 407 256 407 265 0 425 20 322 233 188 270 171 369 65 289 295 390 307 231 88 301 368 163 232 225 173 171 144 146 278 113 235 186 224 118 247 187 133 412 260 393 105 136 250 110 297 282
463 363 296 387 322 234 421 393 282 239 484 241 324 418 314 399 354 303 277 228 368 609 290 124 282 451 133 227 195 289 371 286 160 242 288 525 321 341 175 420 249 185 334 421 359 293 322 551 326 0 364 248 220 420 470 371 239 384 384 316 485 248 185 318 191 260 351 149 447 458 318 584 318 163 312 174 242 239 264 282 423 263 617 217 450 358 236 440 442
296 335 318 393 142 300 375 112 185 305 300 146 271 167 87 257 290 76 224 294 309 444 325 255 315 480 238 249 276 192 0 352 351 172 99 424 445 246 204 238 194 266 432 321 425 322 65 450 45 371 258 253 286 236 394 0 305 320 450 242 296 153 326 384 220 289 250 230 196 209 171 303 138 251 211 240 183 272 212 158 437 285 418 162 201 275 135 322 347
427 398 354 447 265 269 401 297 130 264 476 249 318 352 188 433 235 199 271 275 412 558 373 234 433 289 279 287 255 123 275 321 336 304 284 475 459 265 183 369 257 245 471 506 406 301 250 501 230 358 443 242 306 412 517 275 286 443 419 187 481 256 361 365 199 98 301 209 346 306 294 488 261 249 262 260 286 415 324 117 396 323 452 225 298 0 297 472 450
365 479 412 503 372 130 376 402 105 125 526 370 307 350 348 483 0 353 260 126 458 533 328 355 198 411 221 343 311 112 290 182 320 248 389 318 330 293 304 421 342 301 343 449 257 422 355 528 335 354 359 231 226 462 346 290 115 395 280 48 521 377 295 194 288 318 432 330 321 281 401 530 368 191 400 180 407 241 380 352 257 379 541 346 273 235 324 412 447
573 603 561 573 502 398 634 472 441 403 443 454 391 527 447 358 528 436 344 404 457 587 432 439 535 585 418 492 460 434 450 450 413 526 459 452 416 554 388 515 462 450 403 601 535 506 425 0 405 551 358 315 504 379 646 450 415 481 548 480 512 452 438 410 372 403 278 414 543 503 491 663 498 448 239 458 422 492 529 518 465 528 765 430 511 501 315 669 531
395 435 368 462 325 150 560 464 289 155 557 309 196 378 378 504 280 383 243 156 417 624 244 341 478 322 251 299 270 296 450 98 443 278 356 598 350 209 342 437 365 280 363 440 116 460 390 548 410 384 318 272 256 493 398 450 167 338 0 232 549 316 468 246 329 348 469 316 349 389 296 446 329 221 430 210 346 521 336 310 441 335 571 333 397 419 354 328 336
362 599 540 611 416 248 582 416 387 253 545 410 367 233 391 460 346 380 320 242 560 512 446 473 544 539 337 471 439 394 394 300 477 364 403 593 448 411 422 304 458 429 440 565 373 540 369 646 349 470 461 349 342 481 0 394 231 386 398 330 404 417 452 310 406 434 547 448 204 244 445 607 412 307 508 296 447 503 486 462 539 507 195 434 252 517 439 330 491
198 407 428 447 252 315 418 231 176 310 379 225 350 69 206 296 281 195 303 321 388 268 371 342 382 458 325 359 363 183 209 291 400 300 178 429 289 325 291 140 281 353 276 400 452 409 144 503 164 458 297 302 352 315 244 209 332 430 389 233 240 232 393 411 307 376 303 317 40 0 281 422 248 295 264 306 262 339 322 277 442 395 262 249 8 306 254 166 426
318 357 340 415 164 331 472 0 297 336 322 168 293 189 109 279 402 98 246 325 245 466 220 277 337 502 260 271 298 304 112 366 373 203 121 446 467 268 226 260 216 288 454 343 454 344 87 472 67 393 146 275 317 258 416 112 336 314 464 354 318 175 348 415 242 311 272 252 218 231 193 325 160 282 233 271 205 294 234 180 459 307 440 184 223 297 157 344 369
239 270 253 390 77 228 385 109 272 233 297 121 206 164 0 254 348 11 221 222 284 423 260 190 312 415 209 184 211 279 87 280 292 116 96 421 428 221 139 181 129 201 429 318 353 257 62 447 42 314 255 212 214 233 391 87 233 255 378 310 293 128 316 312 155 224 247 165 193 206 106 300 73 179 208 168 158 269 147 71 383 220 406 97 198 188 132 314 322
291 197 239 330 129 263 312 168 265 268 248 0 213 177 121 205 370 110 168 269 163 392 336 117 341 342 252 170 138 258 146 211 219 215 47 433 391 100 66 233 56 128 404 269 353 184 81 454 101 241 262 139 274 184 410 146 280 262 309 322 244 7 244 359 82 151 259 92 206 225 113 359 125 282 220 283 37 298 199 192 390 206 415 24 217 249 180 332 201
381 407 365 456 324 146 278 304 7 141 492 258 195 252 279 422 112 268 148 152 421 435 250 243 310 412 156 296 264 0 192 198 345 205 291 430 336 309 192 323 266 254 349 384 283 310 257 434 237 289 324 119 183 428 394 192 163 344 296 64 423 265 370 242 176 221 374 218 223 183 295 495 328 126 335 137 295 353 333 240 273 332 445 234 175 123 259 349 335
427 195 128 382 265 361 364 344 317 356 432 184 267 361 257 386 422 246 220 367 347 576 392 169 325 394 304 197 190 310 322 362 203 351 231 521 249 284 118 369 192 180 236 453 380 0 265 506 277 293 446 191 326 368 540 322 378 443 460 374 428 191 228 457 134 203 347 144 390 409 294 367 261 334 308 345 221 282 234 277 464 233 596 160 401 301 232 516 385
275 234 240 331 105 300 349 205 302 305 284 37 176 214 158 242 407 147 205 306 126 429 299 118 342 379 253 171 139 295 183 248 220 252 84 396 428 137 103 217 93 129 441 306 354 221 118 422 138 242 225 176 311 221 447 183 317 225 346 359 281 30 245 396 119 188 222 93 243 262 76 396 109 283 183 294 0 299 183 226 353 207 378 61 254 286 160 369 224
351 389 322 393 285 106 447 317 176 111 438 274 325 372 214 353 226 219 278 100 417 563 244 259 424 397 87 253 201 183 286 158 361 114 304 479 306 269 208 389 282 211 319 315 231 326 270 504 250 220 318 249 0 374 342 286 111 261 256 188 501 281 386 190 192 292 305 234 392 352 314 506 281 57 266 46 311 440 290 285 295 289 537 250 344 306 190 312 366
313 172 105 280 151 259 386 307 339 254 448 206 280 326 220 405 379 209 233 265 333 592 320 139 339 416 202 36 88 332 285 260 241 311 247 543 459 306 140 255 214 78 469 469 219 233 260 528 240 263 394 213 289 384 507 285 276 226 335 331 444 213 242 355 156 225 369 114 355 395 180 498 147 232 330 243 207 296 73 247 457 0 482 182 396 323 254 481 331
305 343 276 347 239 60 401 271 130 65 392 283 323 326 168 307 180 173 285 54 371 517 198 226 378 351 41 207 155 137 240 112 328 68 258 433 260 223 227 343 270 165 273 269 185 345 224 458 204 174 272 256 46 328 296 240 65 215 210 142 455 290 353 144 238 246 259 201 346 306 268 460 235 11 220 0 294 407 244 239 249 243 491 259 298 260 144 266 320
341 329 287 258 187 204 360 157 252 209 248 180 231 212 132 163 324 121 184 198 286 392 260 165 360 390 103 218 186 259 135 256 250 212 144 289 404 280 114 283 188 176 417 366 329 232 110 315 90 236 303 155 190 184 439 135 209 318 354 286 341 187 275 288 98 199 115 140 241 254 216 348 183 133 76 144 160 317 255 203 302 254 463 156 246 297 0 367 299
245 359 292 383 295 0 410 331 139 5 439 263 323 332 228 354 130 233 294 6 338 567 198 242 328 291 101 223 191 146 300 52 344 128 310 448 200 163 243 303 222 181 213 329 137 361 284 398 264 234 239 265 106 375 248 300 17 275 150 82 503 270 369 96 259 198 319 217 303 315 324 400 291 71 280 60 300 371 260 299 291 259 443 254 307 269 204 282 380
0 376 346 521 170 245 536 318 374 240 441 291 299 129 239 356 365 228 346 251 314 466 289 339 300 526 346 277 329 381 296 297 318 333 305 547 407 391 309 58 235 319 394 527 382 427 271 573 251 463 215 375 351 377 362 296 262 348 395 317 358 298 311 341 325 394 438 314 158 198 199 509 166 316 399 305 275 257 240 310 476 313 380 267 206 427 341 284 439
309 215 173 264 147 243 246 226 199 238 314 66 149 243 139 268 304 128 102 249 229 458 274 51 275 276 186 104 72 192 204 244 153 233 113 403 367 166 0 251 74 62 354 335 287 118 147 388 159 175 328 73 208 250 422 204 260 325 342 256 310 73 178 339 16 85 229 26 272 291 176 417 143 216 190 227 103 232 141 159 346 140 478 42 283 183 114 398 267
199 243 213 388 29 324 422 193 302 329 360 113 100 212 106 318 401 95 147 318 202 505 225 194 373 452 309 144 196 295 171 324 296 200 160 471 490 213 176 141 102 186 477 382 327 294 146 491 126 318 298 176 314 297 445 171 329 149 296 359 357 106 276 408 192 261 297 169 241 281 0 384 33 279 259 268 76 330 107 177 277 180 302 134 282 294 216 367 240
267 173 215 306 105 254 288 184 241 259 272 24 191 201 97 229 346 86 144 248 187 416 316 93 317 318 228 146 114 234 162 235 195 191 71 445 409 124 42 209 32 104 396 293 329 160 105 430 117 217 286 115 250 208 434 162 259 283 333 298 268 31 220 338 58 127 271 68 230 249 134 375 101 258 232 259 61 274 175 168 388 182 436 0 241 225 156 356 225
