55 79 34
79 146 109 164 79 0 106 139 77 132 118 70 170 51 101 89 109 175 195 89 207 168 109 139 77 139 0 118 164 164 109 70 170 140 240 89 192 0 0 170 0 51 146 126 149 204 79 244 207 109 57 109 270 197 140 0 204 102 77 197 79 140 197 132 247 109 126 101 140 127 89 101 102 101 207 109 106 131 102
83 160 76 138 83 118 22 54 195 39 0 188 174 169 17 93 76 128 149 93 92 142 76 54 195 153 118 0 138 138 76 188 174 144 122 93 107 118 118 174 118 169 160 42 66 292 83 332 92 76 61 76 186 139 144 118 292 18 195 139 83 144 139 39 140 76 42 17 144 12 93 17 18 17 92 76 22 128 18
212 276 192 254 212 247 162 194 236 179 140 216 218 210 157 222 192 268 158 222 208 258 192 194 236 269 247 140 254 254 192 216 218 107 262 222 180 247 247 218 247 210 276 182 175 363 212 403 208 192 190 192 326 148 107 247 363 158 236 148 212 107 148 179 0 192 182 157 107 128 222 157 158 157 208 192 162 264 158
22 196 52 183 22 57 49 82 134 75 61 127 113 108 44 32 52 152 150 32 153 187 52 82 134 196 57 61 183 183 52 127 113 83 183 32 135 57 57 113 57 108 196 69 92 261 22 301 153 52 0 52 213 140 83 57 261 45 134 140 22 83 140 75 190 52 69 44 83 73 32 44 45 44 153 52 49 74 45
22 196 52 183 22 57 49 82 134 75 61 127 113 108 44 32 52 152 150 32 153 187 52 82 134 196 57 61 183 183 52 127 113 83 183 32 135 57 57 113 57 108 196 69 92 261 22 301 153 52 0 52 213 140 83 57 261 45 134 140 22 83 140 75 190 52 69 44 83 73 32 44 45 44 153 52 49 74 45
120 184 186 139 120 77 183 162 0 209 195 147 247 26 178 130 186 228 257 130 185 138 186 162 0 191 77 195 139 139 186 147 247 217 317 130 215 77 77 247 77 26 184 203 226 127 120 167 185 186 134 186 304 247 217 77 127 179 0 247 120 217 247 209 236 186 203 178 217 204 130 178 179 178 185 186 183 208 179
218 7 183 52 218 139 175 207 191 192 153 105 90 165 170 228 183 146 191 228 98 56 183 207 191 0 139 153 52 52 183 105 90 214 236 228 213 139 139 90 139 165 7 182 212 298 218 338 98 183 196 183 339 181 214 139 298 171 191 181 218 214 181 192 269 183 182 170 214 141 228 170 171 170 98 183 175 270 171
200 45 131 0 200 164 158 191 139 177 138 143 128 113 155 190 131 94 139 190 46 4 131 191 139 52 164 138 0 0 131 143 128 252 184 190 161 164 164 128 164 113 45 130 204 246 200 286 46 131 183 131 324 129 252 164 246 154 139 129 200 252 129 177 254 131 130 155 252 126 190 155 154 155 46 131 158 257 154
83 160 76 138 83 118 22 54 195 39 0 188 174 169 17 93 76 128 149 93 92 142 76 54 195 153 118 0 138 138 76 188 174 144 122 93 107 118 118 174 118 169 160 42 66 292 83 332 92 76 61 76 186 139 144 118 292 18 195 139 83 144 139 39 140 76 42 17 144 12 93 17 18 17 92 76 22 128 18
218 0 176 45 218 146 182 214 184 199 160 98 83 158 177 228 176 139 184 228 91 49 176 214 184 7 146 160 45 45 176 98 83 207 229 228 206 146 146 83 146 158 0 175 205 291 218 331 91 176 196 176 346 174 207 146 291 178 184 174 218 207 174 199 276 176 175 177 207 148 228 177 178 177 91 176 182 270 178
66 177 93 155 66 101 5 38 178 31 17 171 157 152 0 76 93 145 133 76 109 159 93 38 178 170 101 17 155 155 93 171 157 127 139 76 91 101 101 157 101 152 177 25 49 305 66 345 109 93 44 93 169 123 127 101 305 1 178 123 66 127 123 31 157 93 25 0 127 29 76 0 1 0 109 93 5 118 1
120 184 186 139 120 77 183 162 0 209 195 147 247 26 178 130 186 228 257 130 185 138 186 162 0 191 77 195 139 139 186 147 247 217 317 130 215 77 77 247 77 26 184 203 226 127 120 167 185 186 134 186 304 247 217 77 127 179 0 247 120 217 247 209 236 186 203 178 217 204 130 178 179 178 185 186 183 208 179
204 49 135 4 204 168 162 195 138 181 142 147 132 117 159 194 135 90 143 194 50 0 135 195 138 56 168 142 4 4 135 147 132 256 180 194 165 168 168 132 168 117 49 134 208 250 204 290 50 135 187 135 328 133 256 168 250 158 138 133 204 256 133 181 258 135 134 159 256 130 194 159 158 159 50 135 162 261 158
94 158 160 113 94 51 157 188 26 183 169 121 221 0 152 104 160 207 246 104 159 117 160 188 26 165 51 169 113 113 160 121 221 191 291 104 241 51 51 221 51 0 158 177 200 153 94 193 159 160 108 160 321 242 191 51 153 153 26 242 94 191 242 183 210 160 177 152 191 178 104 152 153 152 159 160 157 182 153
97 199 115 177 97 132 34 67 209 0 39 202 188 183 31 107 115 167 162 107 131 181 115 67 209 192 132 39 177 177 115 202 188 158 161 107 120 132 132 188 132 183 199 54 80 331 97 371 131 115 75 115 200 152 158 132 331 30 209 152 97 158 152 0 179 115 54 31 158 51 107 31 30 31 131 115 34 149 30
212 276 192 254 212 247 162 194 236 179 140 216 218 210 157 222 192 268 158 222 208 258 192 194 236 269 247 140 254 254 192 216 218 107 262 222 180 247 247 218 247 210 276 182 175 363 212 403 208 192 190 192 326 148 107 247 363 158 236 148 212 107 148 179 0 192 182 157 107 128 222 157 158 157 208 192 162 264 158
247 291 313 246 247 204 310 289 127 331 292 274 374 153 305 257 313 340 293 257 200 250 313 289 127 298 204 292 246 246 313 274 374 344 414 257 315 204 204 374 204 153 291 284 353 0 247 40 200 313 261 313 177 283 344 204 0 306 127 283 247 344 283 331 363 313 284 305 344 280 257 305 306 305 200 313 310 335 306
95 148 64 126 95 127 34 66 204 51 12 197 186 178 29 105 64 140 161 105 80 130 64 66 204 141 127 12 126 126 64 197 186 156 134 105 119 127 127 186 127 178 148 54 78 280 95 320 80 64 73 64 198 151 156 127 280 30 204 151 95 156 151 51 128 64 54 29 156 0 105 29 30 29 80 64 34 140 30
162 174 119 129 162 197 126 85 247 152 139 267 253 242 123 172 119 223 10 172 83 133 119 85 247 181 197 139 129 129 119 267 253 215 261 172 32 197 197 253 197 242 174 146 172 283 162 323 83 119 140 119 292 0 215 197 283 122 247 0 162 215 0 152 148 119 146 123 215 151 172 123 122 123 83 119 126 214 122
22 196 52 183 22 57 49 82 134 75 61 127 113 108 44 32 52 152 150 32 153 187 52 82 134 196 57 61 183 183 52 127 113 83 183 32 135 57 57 113 57 108 196 69 92 261 22 301 153 52 0 52 213 140 83 57 261 45 134 140 22 83 140 75 190 52 69 44 83 73 32 44 45 44 153 52 49 74 45
0 218 69 200 0 79 71 104 120 97 83 149 135 94 66 10 69 130 172 10 175 204 69 104 120 218 79 83 200 200 69 149 135 105 205 10 157 79 79 135 79 94 218 91 114 247 0 287 175 69 22 69 235 162 105 79 247 67 120 162 0 105 162 97 212 69 91 66 105 95 10 66 67 66 175 69 71 96 67
162 174 119 129 162 197 126 85 247 152 139 267 253 242 123 172 119 223 10 172 83 133 119 85 247 181 197 139 129 129 119 267 253 215 261 172 32 197 197 253 197 242 174 146 172 283 162 323 83 119 140 119 292 0 215 197 283 122 247 0 162 215 0 152 148 119 146 123 215 151 172 123 122 123 83 119 126 214 122
10 228 59 190 10 89 81 114 130 107 93 159 145 104 76 0 59 140 182 0 185 194 59 114 130 228 89 93 190 190 59 159 145 115 215 0 167 89 89 145 89 104 228 101 124 257 10 297 185 59 32 59 245 172 115 89 257 77 130 172 10 115 172 107 222 59 101 76 115 105 0 76 77 76 185 59 81 106 77
71 182 98 158 71 106 0 41 183 34 22 176 162 157 5 81 98 150 136 81 112 162 98 41 183 175 106 22 158 158 98 176 162 132 144 81 94 106 106 162 106 157 182 28 54 310 71 350 112 98 49 98 174 126 132 106 310 4 183 126 71 132 126 34 162 98 28 5 132 34 81 5 4 5 112 98 0 123 4
104 214 130 191 104 139 41 0 162 67 54 209 195 188 38 114 130 182 95 114 145 195 130 0 162 207 139 54 191 191 130 209 195 165 176 114 53 139 139 195 139 188 214 61 87 289 104 329 145 130 82 130 207 85 165 139 289 37 162 85 104 165 85 67 194 130 61 38 165 66 114 38 37 38 145 130 41 156 37
69 176 0 131 69 109 98 130 186 115 76 179 165 160 93 59 0 199 129 59 144 135 0 130 186 183 109 76 131 131 0 179 165 135 198 59 151 109 109 165 109 160 176 118 142 313 69 353 144 0 52 0 262 119 135 109 313 94 186 119 69 135 119 115 192 0 118 93 135 64 59 93 94 93 144 0 98 126 94
67 178 94 154 67 102 4 37 179 30 18 172 158 153 1 77 94 146 132 77 108 158 94 37 179 171 102 18 154 154 94 172 158 128 140 77 90 102 102 158 102 153 178 24 50 306 67 346 108 94 45 94 170 122 128 102 306 0 179 122 67 128 122 30 158 94 24 1 128 30 77 1 0 1 108 94 4 119 0
205 229 198 184 205 240 144 176 317 161 122 310 296 291 139 215 198 90 271 215 214 180 198 176 317 236 240 122 184 184 198 310 296 266 0 215 229 240 240 296 240 291 229 164 188 414 205 396 214 198 183 198 308 261 266 240 414 140 317 261 205 266 261 161 262 198 164 139 266 134 215 139 140 139 214 198 144 250 140
22 196 52 183 22 57 49 82 134 75 61 127 113 108 44 32 52 152 150 32 153 187 52 82 134 196 57 61 183 183 52 127 113 83 183 32 135 57 57 113 57 108 196 69 92 261 22 301 153 52 0 52 213 140 83 57 261 45 134 140 22 83 140 75 190 52 69 44 83 73 32 44 45 44 153 52 49 74 45
131 349 200 331 131 210 202 235 251 228 214 280 266 225 197 141 200 261 303 141 306 335 200 235 251 349 210 214 331 331 200 280 266 236 336 141 288 210 210 266 210 225 349 222 245 378 131 418 306 200 153 200 366 293 236 210 378 198 251 293 131 236 293 228 343 200 222 197 236 226 141 197 198 197 306 200 202 227 198
114 205 142 204 114 149 54 87 226 80 66 219 205 200 49 124 142 194 182 124 158 208 142 87 226 212 149 66 204 204 142 219 205 175 188 124 140 149 149 205 149 200 205 74 0 353 114 393 158 142 92 142 218 172 175 149 353 50 226 172 114 175 172 80 175 142 74 49 175 78 124 49 50 49 158 142 54 166 50
22 196 52 183 22 57 49 82 134 75 61 127 113 108 44 32 52 152 150 32 153 187 52 82 134 196 57 61 183 183 52 127 113 83 183 32 135 57 57 113 57 108 196 69 92 261 22 301 153 52 0 52 213 140 83 57 261 45 134 140 22 83 140 75 190 52 69 44 83 73 32 44 45 44 153 52 49 74 45
83 160 76 138 83 118 22 54 195 39 0 188 174 169 17 93 76 128 149 93 92 142 76 54 195 153 118 0 138 138 76 188 174 144 122 93 107 118 118 174 118 169 160 42 66 292 83 332 92 76 61 76 186 139 144 118 292 18 195 139 83 144 139 39 140 76 42 17 144 12 93 17 18 17 92 76 22 128 18
130 139 199 94 130 175 150 182 228 167 128 237 222 207 145 140 199 0 233 140 140 90 199 182 228 146 175 128 94 94 199 237 222 235 90 140 235 175 175 222 175 207 139 170 194 340 130 306 140 199 152 199 314 223 235 175 340 146 228 223 130 235 223 167 268 199 170 145 235 140 140 145 146 145 140 199 150 226 146
91 175 118 130 91 126 28 61 203 54 42 196 182 177 25 101 118 170 156 101 84 134 118 61 203 182 126 42 130 130 118 196 182 152 164 101 114 126 126 182 126 177 175 0 74 284 91 324 84 118 69 118 194 146 152 126 284 24 203 146 91 152 146 54 182 118 0 25 152 54 101 25 24 25 84 118 28 143 24
95 148 64 126 95 127 34 66 204 51 12 197 186 178 29 105 64 140 161 105 80 130 64 66 204 141 127 12 126 126 64 197 186 156 134 105 119 127 127 186 127 178 148 54 78 280 95 320 80 64 73 64 198 151 156 127 280 30 204 151 95 156 151 51 128 64 54 29 156 0 105 29 30 29 80 64 34 140 30
235 346 262 324 235 270 174 207 304 200 186 340 326 321 169 245 262 314 302 245 278 328 262 207 304 339 270 186 324 324 262 340 326 296 308 245 260 270 270 326 270 321 346 194 218 177 235 217 278 262 213 262 0 292 296 270 177 170 304 292 235 296 292 200 326 262 194 169 296 198 245 169 170 169 278 262 174 287 170
22 196 52 183 22 57 49 82 134 75 61 127 113 108 44 32 52 152 150 32 153 187 52 82 134 196 57 61 183 183 52 127 113 83 183 32 135 57 57 113 57 108 196 69 92 261 22 301 153 52 0 52 213 140 83 57 261 45 134 140 22 83 140 75 190 52 69 44 83 73 32 44 45 44 153 52 49 74 45
172 184 129 139 172 195 136 95 257 162 149 265 263 246 133 182 129 233 0 182 93 143 129 95 257 191 195 149 139 139 129 265 263 225 271 182 42 195 195 263 195 246 184 156 182 293 172 333 93 129 150 129 302 10 225 195 293 132 257 10 172 225 10 162 158 129 156 133 225 161 182 133 132 133 93 129 136 224 132
67 178 94 154 67 102 4 37 179 30 18 172 158 153 1 77 94 146 132 77 108 158 94 37 179 171 102 18 154 154 94 172 158 128 140 77 90 102 102 158 102 153 178 24 50 306 67 346 108 94 45 94 170 122 128 102 306 0 179 122 67 128 122 30 158 94 24 1 128 30 77 1 0 1 108 94 4 119 0
175 91 144 46 175 207 112 145 185 131 92 189 174 159 109 185 144 140 93 185 0 50 144 145 185 98 207 92 46 46 144 189 174 236 214 185 115 207 207 174 207 159 91 84 158 200 175 240 0 144 153 144 278 83 236 207 200 108 185 83 175 236 83 131 208 144 84 109 236 80 185 109 108 109 0 144 112 220 108
94 158 160 113 94 51 157 188 26 183 169 121 221 0 152 104 160 207 246 104 159 117 160 188 26 165 51 169 113 113 160 121 221 191 291 104 241 51 51 221 51 0 158 177 200 153 94 193 159 160 108 160 321 242 191 51 153 153 26 242 94 191 242 183 210 160 177 152 191 178 104 152 153 152 159 160 157 182 153
287 331 353 286 287 244 350 329 167 371 332 314 414 193 345 297 353 306 333 297 240 290 353 329 167 338 244 332 286 286 353 314 414 384 396 297 355 244 244 414 244 193 331 324 393 40 287 0 240 353 301 353 217 323 384 244 40 346 167 323 287 384 323 371 403 353 324 345 384 320 297 345 346 345 240 353 350 375 346
157 206 151 161 157 192 94 53 215 120 107 262 248 241 91 167 151 235 42 167 115 165 151 53 215 213 192 107 161 161 151 262 248 218 229 167 0 192 192 248 192 241 206 114 140 315 157 355 115 151 135 151 260 32 218 192 315 90 215 32 157 218 32 120 180 151 114 91 218 119 167 91 90 91 115 151 94 209 90
135 83 165 128 135 170 162 195 247 188 174 181 0 221 157 145 165 222 263 145 174 132 165 195 247 90 170 174 128 128 165 181 0 145 296 145 248 170 170 0 170 221 83 182 205 374 135 414 174 165 113 165 326 253 145 170 374 158 247 253 135 145 253 188 218 165 182 157 145 186 145 157 158 157 174 165 162 187 158
96 270 126 257 96 131 123 156 208 149 128 201 187 182 118 106 126 226 224 106 220 261 126 156 208 270 131 128 257 257 126 201 187 157 250 106 209 131 131 187 131 182 270 143 166 335 96 375 220 126 74 126 287 214 157 131 335 119 208 214 96 157 214 149 264 126 143 118 157 140 106 118 119 118 220 126 123 0 119
120 184 186 139 120 77 183 162 0 209 195 147 247 26 178 130 186 228 257 130 185 138 186 162 0 191 77 195 139 139 186 147 247 217 317 130 215 77 77 247 77 26 184 203 226 127 120 167 185 186 134 186 304 247 217 77 127 179 0 247 120 217 247 209 236 186 203 178 217 204 130 178 179 178 185 186 183 208 179
66 177 93 155 66 101 5 38 178 31 17 171 157 152 0 76 93 145 133 76 109 159 93 38 178 170 101 17 155 155 93 171 157 127 139 76 91 101 101 157 101 152 177 25 49 305 66 345 109 93 44 93 169 123 127 101 305 1 178 123 66 127 123 31 157 93 25 0 127 29 76 0 1 0 109 93 5 118 1
105 207 135 252 105 140 132 165 217 158 144 109 145 191 127 115 135 235 225 115 236 256 135 165 217 214 140 144 252 252 135 109 145 0 266 115 218 140 140 145 140 191 207 152 175 344 105 384 236 135 83 135 296 215 0 140 344 128 217 215 105 0 215 158 107 135 152 127 0 156 115 127 128 127 236 135 132 157 128
149 98 179 143 149 70 176 209 147 202 188 0 181 121 171 159 179 237 265 159 189 147 179 209 147 105 70 188 143 143 179 0 181 109 310 159 262 70 70 181 70 121 98 196 219 274 149 314 189 179 127 179 340 267 109 70 274 172 147 267 149 109 267 202 216 179 196 171 109 197 159 171 172 171 189 179 176 201 172
0 218 69 200 0 79 71 104 120 97 83 149 135 94 66 10 69 130 172 10 175 204 69 104 120 218 79 83 200 200 69 149 135 105 205 10 157 79 79 135 79 94 218 91 114 247 0 287 175 69 22 69 235 162 105 79 247 67 120 162 0 105 162 97 212 69 91 66 105 95 10 66 67 66 175 69 71 96 67
172 184 129 139 172 195 136 95 257 162 149 265 263 246 133 182 129 233 0 182 93 143 129 95 257 191 195 149 139 139 129 265 263 225 271 182 42 195 195 263 195 246 184 156 182 293 172 333 93 129 150 129 302 10 225 195 293 132 257 10 172 225 10 162 158 129 156 133 225 161 182 133 132 133 93 129 136 224 132
79 146 109 164 79 0 106 139 77 132 118 70 170 51 101 89 109 175 195 89 207 168 109 139 77 139 0 118 164 164 109 70 170 140 240 89 192 0 0 170 0 51 146 126 149 204 79 244 207 109 57 109 270 197 140 0 204 102 77 197 79 140 197 132 247 109 126 101 140 127 89 101 102 101 207 109 106 131 102
218 0 176 45 218 146 182 214 184 199 160 98 83 158 177 228 176 139 184 228 91 49 176 214 184 7 146 160 45 45 176 98 83 207 229 228 206 146 146 83 146 158 0 175 205 291 218 331 91 176 196 176 346 174 207 146 291 178 184 174 218 207 174 199 276 176 175 177 207 148 228 177 178 177 91 176 182 270 178
10 228 59 190 10 89 81 114 130 107 93 159 145 104 76 0 59 140 182 0 185 194 59 114 130 228 89 93 190 190 59 159 145 115 215 0 167 89 89 145 89 104 228 101 124 257 10 297 185 59 32 59 245 172 115 89 257 77 130 172 10 115 172 107 222 59 101 76 115 105 0 76 77 76 185 59 81 106 77
