58 75 27
6 68 84 112 44 55 44 84 84 44 68 104 44 44 84 30 44 73 104 44 88 127 112 85 84 40 40 127 85 80 84 85 30 40 53 68 84 104 44 41 44 30 104 44 18 84 104 44 18 40 80 116 104 112 80 80 55 6 44 68 55 68 0 104 40 112 112 85 73 73 56 18 104 80 84
90 117 0 68 91 104 91 0 0 91 117 153 91 91 0 105 91 120 153 91 135 174 68 126 0 95 95 174 126 4 0 126 105 95 126 117 0 153 91 125 91 105 153 91 67 0 153 91 67 95 4 163 153 68 4 4 104 90 91 117 104 117 84 153 95 68 68 126 120 120 111 67 153 4 0
47 121 126 99 66 94 66 126 126 66 121 124 66 66 126 83 66 87 124 66 110 141 99 94 126 62 62 141 94 122 126 94 83 62 0 121 126 124 66 12 66 83 124 66 71 126 124 66 71 62 122 138 124 99 122 122 94 47 66 121 94 121 53 124 62 99 99 94 87 87 78 71 124 122 126
122 139 163 148 72 108 72 163 163 72 139 147 72 72 163 119 72 101 147 72 116 61 148 135 163 76 76 61 135 167 163 135 119 76 138 139 163 147 72 150 72 119 147 72 134 163 147 72 134 76 167 0 147 148 167 167 108 122 72 139 108 139 116 147 76 148 148 135 101 101 92 134 147 167 163
90 117 0 68 91 104 91 0 0 91 117 153 91 91 0 105 91 120 153 91 135 174 68 126 0 95 95 174 126 4 0 126 105 95 126 117 0 153 91 125 91 105 153 91 67 0 153 91 67 95 4 163 153 68 4 4 104 90 91 117 104 117 84 153 95 68 68 126 120 120 111 67 153 4 0
86 121 4 72 95 108 95 4 4 95 121 157 95 95 4 109 95 116 157 95 139 170 72 130 4 99 99 170 130 0 4 130 109 99 122 121 4 157 95 121 95 109 157 95 71 4 157 95 71 99 0 167 157 72 0 0 108 86 95 121 108 121 80 157 99 72 72 130 116 116 115 71 157 0 4
79 96 120 91 29 65 29 120 120 29 96 53 29 29 120 103 29 0 53 29 73 54 91 92 120 33 33 54 92 116 120 92 103 33 87 96 120 53 29 75 29 103 53 29 91 120 53 29 91 33 116 101 53 91 116 116 65 79 29 96 65 96 73 53 33 91 91 92 0 0 49 91 53 116 120
79 96 120 91 29 65 29 120 120 29 96 53 29 29 120 103 29 0 53 29 73 54 91 92 120 33 33 54 92 116 120 92 103 33 87 96 120 53 29 75 29 103 53 29 91 120 53 29 91 33 116 101 53 91 116 116 65 79 29 96 65 96 73 53 33 91 91 92 0 0 49 91 53 116 120
35 109 125 87 78 96 78 125 125 78 109 128 78 78 125 71 78 75 128 78 122 129 87 106 125 74 74 129 106 121 125 106 71 74 12 109 125 128 78 0 78 71 128 78 59 125 128 78 59 74 121 150 128 87 121 121 96 35 78 109 96 109 41 128 74 87 87 106 75 75 90 59 128 121 125
6 68 84 112 44 55 44 84 84 44 68 104 44 44 84 30 44 73 104 44 88 127 112 85 84 40 40 127 85 80 84 85 30 40 53 68 84 104 44 41 44 30 104 44 18 84 104 44 18 40 80 116 104 112 80 80 55 6 44 68 55 68 0 104 40 112 112 85 73 73 56 18 104 80 84
90 117 0 68 91 104 91 0 0 91 117 153 91 91 0 105 91 120 153 91 135 174 68 126 0 95 95 174 126 4 0 126 105 95 126 117 0 153 91 125 91 105 153 91 67 0 153 91 67 95 4 163 153 68 4 4 104 90 91 117 104 117 84 153 95 68 68 126 120 120 111 67 153 4 0
91 74 126 58 63 53 63 126 126 63 74 50 63 63 126 98 63 92 50 63 19 146 58 0 126 67 67 146 0 130 126 0 98 67 94 74 126 50 63 106 63 98 50 63 67 126 50 63 67 67 130 135 50 58 130 130 53 91 63 74 53 74 85 50 67 58 58 0 92 92 69 67 50 130 126
86 121 4 72 95 108 95 4 4 95 121 157 95 95 4 109 95 116 157 95 139 170 72 130 4 99 99 170 130 0 4 130 109 99 122 121 4 157 95 121 95 109 157 95 71 4 157 95 71 99 0 167 157 72 0 0 108 86 95 121 108 121 80 157 99 72 72 130 116 116 115 71 157 0 4
62 47 111 88 20 16 20 111 111 20 47 65 20 20 111 86 20 49 65 20 64 103 88 69 111 16 16 103 69 115 111 69 86 16 78 47 111 65 20 90 20 86 65 20 53 111 65 20 53 16 115 92 65 88 115 115 16 62 20 47 16 47 56 65 16 88 88 69 49 49 0 53 65 115 111
61 31 104 104 36 0 36 104 104 36 31 49 36 36 104 85 36 65 49 36 72 119 104 53 104 32 32 119 53 108 104 53 85 32 94 31 104 49 36 96 36 85 49 36 37 104 49 36 37 32 108 108 49 104 108 108 0 61 36 31 0 31 55 49 32 104 104 53 65 65 16 37 49 108 104
24 50 67 125 62 37 62 67 67 62 50 86 62 62 67 48 62 91 86 62 86 145 125 67 67 58 58 145 67 71 67 67 48 58 71 50 67 86 62 59 62 48 86 62 0 67 86 62 0 58 71 134 86 125 71 71 37 24 62 50 37 50 18 86 58 125 125 67 91 91 53 0 86 71 67
90 117 0 68 91 104 91 0 0 91 117 153 91 91 0 105 91 120 153 91 135 174 68 126 0 95 95 174 126 4 0 126 105 95 126 117 0 153 91 125 91 105 153 91 67 0 153 91 67 95 4 163 153 68 4 4 104 90 91 117 104 117 84 153 95 68 68 126 120 120 111 67 153 4 0
91 74 126 58 63 53 63 126 126 63 74 50 63 63 126 98 63 92 50 63 19 146 58 0 126 67 67 146 0 130 126 0 98 67 94 74 126 50 63 106 63 98 50 63 67 126 50 63 67 67 130 135 50 58 130 130 53 91 63 74 53 74 85 50 67 58 58 0 92 92 69 67 50 130 126
50 67 91 76 0 36 0 91 91 0 67 75 0 0 91 74 0 29 75 0 44 83 76 63 91 4 4 83 63 95 91 63 74 4 66 67 91 75 0 78 0 74 75 0 62 91 75 0 62 4 95 72 75 76 95 95 36 50 0 67 36 67 44 75 4 76 76 63 29 29 20 62 75 95 91
122 139 163 148 72 108 72 163 163 72 139 147 72 72 163 119 72 101 147 72 116 61 148 135 163 76 76 61 135 167 163 135 119 76 138 139 163 147 72 150 72 119 147 72 134 163 147 72 134 76 167 0 147 148 167 167 108 122 72 139 108 139 116 147 76 148 148 135 101 101 92 134 147 167 163
46 63 95 72 4 32 4 95 95 4 63 79 4 4 95 70 4 33 79 4 48 87 72 67 95 0 0 87 67 99 95 67 70 0 62 63 95 79 4 74 4 70 79 4 58 95 79 4 58 0 99 76 79 72 99 99 32 46 4 63 32 63 40 79 0 72 72 67 33 33 16 58 79 99 95
50 67 91 76 0 36 0 91 91 0 67 75 0 0 91 74 0 29 75 0 44 83 76 63 91 4 4 83 63 95 91 63 74 4 66 67 91 75 0 78 0 74 75 0 62 91 75 0 62 4 95 72 75 76 95 95 36 50 0 67 36 67 44 75 4 76 76 63 29 29 20 62 75 95 91
118 132 68 0 76 104 76 68 68 76 132 108 76 76 68 142 76 91 108 76 77 145 0 58 68 72 72 145 58 72 68 58 142 72 99 132 68 108 76 87 76 142 108 76 125 68 108 76 125 72 72 148 108 0 72 72 104 118 76 132 104 132 112 108 72 0 0 58 91 91 88 125 108 72 68
74 0 117 132 67 31 67 117 117 67 0 80 67 67 117 98 67 96 80 67 93 150 132 74 117 63 63 150 74 121 117 74 98 63 121 0 117 80 67 109 67 98 80 67 50 117 80 67 50 63 121 139 80 132 121 121 31 74 67 0 31 0 68 80 63 132 132 74 96 96 47 50 80 121 117
50 67 91 76 0 36 0 91 91 0 67 75 0 0 91 74 0 29 75 0 44 83 76 63 91 4 4 83 63 95 91 63 74 4 66 67 91 75 0 78 0 74 75 0 62 91 75 0 62 4 95 72 75 76 95 95 36 50 0 67 36 67 44 75 4 76 76 63 29 29 20 62 75 95 91
47 121 126 99 66 94 66 126 126 66 121 124 66 66 126 83 66 87 124 66 110 141 99 94 126 62 62 141 94 122 126 94 83 62 0 121 126 124 66 12 66 83 124 66 71 126 124 66 71 62 122 138 124 99 122 122 94 47 66 121 94 121 53 124 62 99 99 94 87 87 78 71 124 122 126
133 150 174 145 83 119 83 174 174 83 150 107 83 83 174 157 83 54 107 83 127 0 145 146 174 87 87 0 146 170 174 146 157 87 141 150 174 107 83 129 83 157 107 83 145 174 107 83 145 87 170 61 107 145 170 170 119 133 83 150 119 150 127 107 87 145 145 146 54 54 103 145 107 170 174
46 63 95 72 4 32 4 95 95 4 63 79 4 4 95 70 4 33 79 4 48 87 72 67 95 0 0 87 67 99 95 67 70 0 62 63 95 79 4 74 4 70 79 4 58 95 79 4 58 0 99 76 79 72 99 99 32 46 4 63 32 63 40 79 0 72 72 67 33 33 16 58 79 99 95
118 132 68 0 76 104 76 68 68 76 132 108 76 76 68 142 76 91 108 76 77 145 0 58 68 72 72 145 58 72 68 58 142 72 99 132 68 108 76 87 76 142 108 76 125 68 108 76 125 72 72 148 108 0 72 72 104 118 76 132 104 132 112 108 72 0 0 58 91 91 88 125 108 72 68
61 31 104 104 36 0 36 104 104 36 31 49 36 36 104 85 36 65 49 36 72 119 104 53 104 32 32 119 53 108 104 53 85 32 94 31 104 49 36 96 36 85 49 36 37 104 49 36 37 32 108 108 49 104 108 108 0 61 36 31 0 31 55 49 32 104 104 53 65 65 16 37 49 108 104
118 132 68 0 76 104 76 68 68 76 132 108 76 76 68 142 76 91 108 76 77 145 0 58 68 72 72 145 58 72 68 58 142 72 99 132 68 108 76 87 76 142 108 76 125 68 108 76 125 72 72 148 108 0 72 72 104 118 76 132 104 132 112 108 72 0 0 58 91 91 88 125 108 72 68
110 80 153 108 75 49 75 153 153 75 80 0 75 75 153 134 75 53 0 75 31 107 108 50 153 79 79 107 50 157 153 50 134 79 124 80 153 0 75 128 75 134 0 75 86 153 0 75 86 79 157 147 0 108 157 157 49 110 75 80 49 80 104 0 79 108 108 50 53 53 65 86 0 157 153
61 31 104 104 36 0 36 104 104 36 31 49 36 36 104 85 36 65 49 36 72 119 104 53 104 32 32 119 53 108 104 53 85 32 94 31 104 49 36 96 36 85 49 36 37 104 49 36 37 32 108 108 49 104 108 108 0 61 36 31 0 31 55 49 32 104 104 53 65 65 16 37 49 108 104
94 93 135 77 44 72 44 135 135 44 93 31 44 44 135 117 44 73 31 44 0 127 77 19 135 48 48 127 19 139 135 19 117 48 110 93 135 31 44 122 44 117 31 44 86 135 31 44 86 48 139 116 31 77 139 139 72 94 44 93 72 93 88 31 48 77 77 19 73 73 64 86 31 139 135
47 121 126 99 66 94 66 126 126 66 121 124 66 66 126 83 66 87 124 66 110 141 99 94 126 62 62 141 94 122 126 94 83 62 0 121 126 124 66 12 66 83 124 66 71 126 124 66 71 62 122 138 124 99 122 122 94 47 66 121 94 121 53 124 62 99 99 94 87 87 78 71 124 122 126
62 47 111 88 20 16 20 111 111 20 47 65 20 20 111 86 20 49 65 20 64 103 88 69 111 16 16 103 69 115 111 69 86 16 78 47 111 65 20 90 20 86 65 20 53 111 65 20 53 16 115 92 65 88 115 115 16 62 20 47 16 47 56 65 16 88 88 69 49 49 0 53 65 115 111
122 139 163 148 72 108 72 163 163 72 139 147 72 72 163 119 72 101 147 72 116 61 148 135 163 76 76 61 135 167 163 135 119 76 138 139 163 147 72 150 72 119 147 72 134 163 147 72 134 76 167 0 147 148 167 167 108 122 72 139 108 139 116 147 76 148 148 135 101 101 92 134 147 167 163
118 132 68 0 76 104 76 68 68 76 132 108 76 76 68 142 76 91 108 76 77 145 0 58 68 72 72 145 58 72 68 58 142 72 99 132 68 108 76 87 76 142 108 76 125 68 108 76 125 72 72 148 108 0 72 72 104 118 76 132 104 132 112 108 72 0 0 58 91 91 88 125 108 72 68
122 139 163 148 72 108 72 163 163 72 139 147 72 72 163 119 72 101 147 72 116 61 148 135 163 76 76 61 135 167 163 135 119 76 138 139 163 147 72 150 72 119 147 72 134 163 147 72 134 76 167 0 147 148 167 167 108 122 72 139 108 139 116 147 76 148 148 135 101 101 92 134 147 167 163
79 96 120 91 29 65 29 120 120 29 96 53 29 29 120 103 29 0 53 29 73 54 91 92 120 33 33 54 92 116 120 92 103 33 87 96 120 53 29 75 29 103 53 29 91 120 53 29 91 33 116 101 53 91 116 116 65 79 29 96 65 96 73 53 33 91 91 92 0 0 49 91 53 116 120
52 22 95 113 45 9 45 95 95 45 22 58 45 45 95 76 45 74 58 45 81 128 113 62 95 41 41 128 62 99 95 62 76 41 99 22 95 58 45 87 45 76 58 45 28 95 58 45 28 41 99 117 58 113 99 99 9 52 45 22 9 22 46 58 41 113 113 62 74 74 25 28 58 99 95
47 121 126 99 66 94 66 126 126 66 121 124 66 66 126 83 66 87 124 66 110 141 99 94 126 62 62 141 94 122 126 94 83 62 0 121 126 124 66 12 66 83 124 66 71 126 124 66 71 62 122 138 124 99 122 122 94 47 66 121 94 121 53 124 62 99 99 94 87 87 78 71 124 122 126
46 63 95 72 4 32 4 95 95 4 63 79 4 4 95 70 4 33 79 4 48 87 72 67 95 0 0 87 67 99 95 67 70 0 62 63 95 79 4 74 4 70 79 4 58 95 79 4 58 0 99 76 79 72 99 99 32 46 4 63 32 63 40 79 0 72 72 67 33 33 16 58 79 99 95
61 31 104 104 36 0 36 104 104 36 31 49 36 36 104 85 36 65 49 36 72 119 104 53 104 32 32 119 53 108 104 53 85 32 94 31 104 49 36 96 36 85 49 36 37 104 49 36 37 32 108 108 49 104 108 108 0 61 36 31 0 31 55 49 32 104 104 53 65 65 16 37 49 108 104
50 67 91 76 0 36 0 91 91 0 67 75 0 0 91 74 0 29 75 0 44 83 76 63 91 4 4 83 63 95 91 63 74 4 66 67 91 75 0 78 0 74 75 0 62 91 75 0 62 4 95 72 75 76 95 95 36 50 0 67 36 67 44 75 4 76 76 63 29 29 20 62 75 95 91
6 68 84 112 44 55 44 84 84 44 68 104 44 44 84 30 44 73 104 44 88 127 112 85 84 40 40 127 85 80 84 85 30 40 53 68 84 104 44 41 44 30 104 44 18 84 104 44 18 40 80 116 104 112 80 80 55 6 44 68 55 68 0 104 40 112 112 85 73 73 56 18 104 80 84
50 67 91 76 0 36 0 91 91 0 67 75 0 0 91 74 0 29 75 0 44 83 76 63 91 4 4 83 63 95 91 63 74 4 66 67 91 75 0 78 0 74 75 0 62 91 75 0 62 4 95 72 75 76 95 95 36 50 0 67 36 67 44 75 4 76 76 63 29 29 20 62 75 95 91
50 67 91 76 0 36 0 91 91 0 67 75 0 0 91 74 0 29 75 0 44 83 76 63 91 4 4 83 63 95 91 63 74 4 66 67 91 75 0 78 0 74 75 0 62 91 75 0 62 4 95 72 75 76 95 95 36 50 0 67 36 67 44 75 4 76 76 63 29 29 20 62 75 95 91
46 63 95 72 4 32 4 95 95 4 63 79 4 4 95 70 4 33 79 4 48 87 72 67 95 0 0 87 67 99 95 67 70 0 62 63 95 79 4 74 4 70 79 4 58 95 79 4 58 0 99 76 79 72 99 99 32 46 4 63 32 63 40 79 0 72 72 67 33 33 16 58 79 99 95
35 109 125 87 78 96 78 125 125 78 109 128 78 78 125 71 78 75 128 78 122 129 87 106 125 74 74 129 106 121 125 106 71 74 12 109 125 128 78 0 78 71 128 78 59 125 128 78 59 74 121 150 128 87 121 121 96 35 78 109 96 109 41 128 74 87 87 106 75 75 90 59 128 121 125
91 74 126 58 63 53 63 126 126 63 74 50 63 63 126 98 63 92 50 63 19 146 58 0 126 67 67 146 0 130 126 0 98 67 94 74 126 50 63 106 63 98 50 63 67 126 50 63 67 67 130 135 50 58 130 130 53 91 63 74 53 74 85 50 67 58 58 0 92 92 69 67 50 130 126
47 121 126 99 66 94 66 126 126 66 121 124 66 66 126 83 66 87 124 66 110 141 99 94 126 62 62 141 94 122 126 94 83 62 0 121 126 124 66 12 66 83 124 66 71 126 124 66 71 62 122 138 124 99 122 122 94 47 66 121 94 121 53 124 62 99 99 94 87 87 78 71 124 122 126
36 98 105 142 74 85 74 105 105 74 98 134 74 74 105 0 74 103 134 74 117 157 142 98 105 70 70 157 98 109 105 98 0 70 83 98 105 134 74 71 74 0 134 74 48 105 134 74 48 70 109 119 134 142 109 109 85 36 74 98 85 98 30 134 70 142 142 98 103 103 86 48 134 109 105
46 63 95 72 4 32 4 95 95 4 63 79 4 4 95 70 4 33 79 4 48 87 72 67 95 0 0 87 67 99 95 67 70 0 62 63 95 79 4 74 4 70 79 4 58 95 79 4 58 0 99 76 79 72 99 99 32 46 4 63 32 63 40 79 0 72 72 67 33 33 16 58 79 99 95
94 93 135 77 44 72 44 135 135 44 93 31 44 44 135 117 44 73 31 44 0 127 77 19 135 48 48 127 19 139 135 19 117 48 110 93 135 31 44 122 44 117 31 44 86 135 31 44 86 48 139 116 31 77 139 139 72 94 44 93 72 93 88 31 48 77 77 19 73 73 64 86 31 139 135
0 74 90 118 50 61 50 90 90 50 74 110 50 50 90 36 50 79 110 50 94 133 118 91 90 46 46 133 91 86 90 91 36 46 47 74 90 110 50 35 50 36 110 50 24 90 110 50 24 46 86 122 110 118 86 86 61 0 50 74 61 74 6 110 46 118 118 91 79 79 62 24 110 86 90
79 96 120 91 29 65 29 120 120 29 96 53 29 29 120 103 29 0 53 29 73 54 91 92 120 33 33 54 92 116 120 92 103 33 87 96 120 53 29 75 29 103 53 29 91 120 53 29 91 33 116 101 53 91 116 116 65 79 29 96 65 96 73 53 33 91 91 92 0 0 49 91 53 116 120
47 121 126 99 66 94 66 126 126 66 121 124 66 66 126 83 66 87 124 66 110 141 99 94 126 62 62 141 94 122 126 94 83 62 0 121 126 124 66 12 66 83 124 66 71 126 124 66 71 62 122 138 124 99 122 122 94 47 66 121 94 121 53 124 62 99 99 94 87 87 78 71 124 122 126
