66 61 17
50 3 137 37 37 88 0 115 31 35 31 22 51 3 64 0 32 22 50 45 108 0 22 51 132 31 108 35 88 37 3 50 0 31 22 50 31 37 132 31 22 50 37 88 35 35 35 37 64 50 3 32 31 50 45 137 50 50 22 90 0
182 129 269 169 169 220 132 247 163 161 163 148 183 129 196 132 164 148 182 177 234 132 148 183 0 163 234 161 220 169 129 182 132 163 148 182 163 169 0 163 148 182 169 220 161 161 161 169 196 182 129 164 163 182 177 269 182 182 148 222 132
88 105 175 120 120 137 108 200 126 99 126 86 87 105 102 108 125 86 88 140 0 108 86 87 234 126 0 99 137 120 105 88 108 126 86 88 126 120 234 126 86 88 120 137 99 99 99 120 102 88 105 125 126 88 140 175 88 88 86 168 108
88 105 175 120 120 137 108 200 126 99 126 86 87 105 102 108 125 86 88 140 0 108 86 87 234 126 0 99 137 120 105 88 108 126 86 88 126 120 234 126 86 88 120 137 99 99 99 120 102 88 105 125 126 88 140 175 88 88 86 168 108
47 40 134 0 0 61 37 90 6 72 6 59 48 40 30 37 5 59 47 20 120 37 59 48 169 6 120 72 61 0 40 47 37 6 59 47 6 0 169 6 59 47 0 61 72 72 72 0 30 47 40 5 6 47 20 134 47 47 59 65 37
50 3 137 37 37 88 0 115 31 35 31 22 51 3 64 0 32 22 50 45 108 0 22 51 132 31 108 35 88 37 3 50 0 31 22 50 31 37 132 31 22 50 37 88 35 35 35 37 64 50 3 32 31 50 45 137 50 50 22 90 0
74 67 161 30 30 90 64 98 33 99 33 86 75 67 0 64 34 86 74 47 102 64 86 75 196 33 102 99 90 30 67 74 64 33 86 74 33 30 196 33 86 74 30 90 99 99 99 30 0 74 67 34 33 74 47 161 74 74 86 92 64
47 40 134 0 0 61 37 90 6 72 6 59 48 40 30 37 5 59 47 20 120 37 59 48 169 6 120 72 61 0 40 47 37 6 59 47 6 0 169 6 59 47 0 61 72 72 72 0 30 47 40 5 6 47 20 134 47 47 59 65 37
41 34 128 6 6 57 31 84 0 66 0 53 42 34 33 31 1 53 41 14 126 31 53 42 163 0 126 66 57 6 34 41 31 0 53 41 0 6 163 0 53 41 6 57 66 66 66 6 33 41 34 1 0 41 14 128 41 41 53 59 31
41 34 128 6 6 57 31 84 0 66 0 53 42 34 33 31 1 53 41 14 126 31 53 42 163 0 126 66 57 6 34 41 31 0 53 41 0 6 163 0 53 41 6 57 66 66 66 6 33 41 34 1 0 41 14 128 41 41 53 59 31
88 105 175 120 120 137 108 200 126 99 126 86 87 105 102 108 125 86 88 140 0 108 86 87 234 126 0 99 137 120 105 88 108 126 86 88 126 120 234 126 86 88 120 137 99 99 99 120 102 88 105 125 126 88 140 175 88 88 86 168 108
74 67 161 30 30 90 64 98 33 99 33 86 75 67 0 64 34 86 74 47 102 64 86 75 196 33 102 99 90 30 67 74 64 33 86 74 33 30 196 33 86 74 30 90 99 99 99 30 0 74 67 34 33 74 47 161 74 74 86 92 64
50 3 137 37 37 88 0 115 31 35 31 22 51 3 64 0 32 22 50 45 108 0 22 51 132 31 108 35 88 37 3 50 0 31 22 50 31 37 132 31 22 50 37 88 35 35 35 37 64 50 3 32 31 50 45 137 50 50 22 90 0
182 129 269 169 169 220 132 247 163 161 163 148 183 129 196 132 164 148 182 177 234 132 148 183 0 163 234 161 220 169 129 182 132 163 148 182 163 169 0 163 148 182 169 220 161 161 161 169 196 182 129 164 163 182 177 269 182 182 148 222 132
41 34 128 6 6 57 31 84 0 66 0 53 42 34 33 31 1 53 41 14 126 31 53 42 163 0 126 66 57 6 34 41 31 0 53 41 0 6 163 0 53 41 6 57 66 66 66 6 33 41 34 1 0 41 14 128 41 41 53 59 31
53 0 140 40 40 91 3 118 34 32 34 19 54 0 67 3 35 19 53 48 105 3 19 54 129 34 105 32 91 40 0 53 3 34 19 53 34 40 129 34 19 53 40 91 32 32 32 40 67 53 0 35 34 53 48 140 53 53 19 93 3
41 34 128 6 6 57 31 84 0 66 0 53 42 34 33 31 1 53 41 14 126 31 53 42 163 0 126 66 57 6 34 41 31 0 53 41 0 6 163 0 53 41 6 57 66 66 66 6 33 41 34 1 0 41 14 128 41 41 53 59 31
55 48 142 20 20 71 45 98 14 80 14 67 56 48 47 45 15 67 55 0 140 45 67 56 177 14 140 80 71 20 48 55 45 14 67 55 14 20 177 14 67 55 20 71 80 80 80 20 47 55 48 15 14 55 0 142 55 55 67 73 45
100 93 187 65 65 116 90 143 59 125 59 112 101 93 92 90 60 112 100 73 168 90 112 101 222 59 168 125 116 65 93 100 90 59 112 100 59 65 222 59 112 100 65 116 125 125 125 65 92 100 93 60 59 100 73 187 100 100 112 0 90
0 53 87 47 47 49 50 125 41 85 41 72 1 53 74 50 42 72 0 55 88 50 72 1 182 41 88 85 49 47 53 0 50 41 72 0 41 47 182 41 72 0 47 49 85 85 85 47 74 0 53 42 41 0 55 87 0 0 72 100 50
0 53 87 47 47 49 50 125 41 85 41 72 1 53 74 50 42 72 0 55 88 50 72 1 182 41 88 85 49 47 53 0 50 41 72 0 41 47 182 41 72 0 47 49 85 85 85 47 74 0 53 42 41 0 55 87 0 0 72 100 50
53 0 140 40 40 91 3 118 34 32 34 19 54 0 67 3 35 19 53 48 105 3 19 54 129 34 105 32 91 40 0 53 3 34 19 53 34 40 129 34 19 53 40 91 32 32 32 40 67 53 0 35 34 53 48 140 53 53 19 93 3
41 34 128 6 6 57 31 84 0 66 0 53 42 34 33 31 1 53 41 14 126 31 53 42 163 0 126 66 57 6 34 41 31 0 53 41 0 6 163 0 53 41 6 57 66 66 66 6 33 41 34 1 0 41 14 128 41 41 53 59 31
74 67 161 30 30 90 64 98 33 99 33 86 75 67 0 64 34 86 74 47 102 64 86 75 196 33 102 99 90 30 67 74 64 33 86 74 33 30 196 33 86 74 30 90 99 99 99 30 0 74 67 34 33 74 47 161 74 74 86 92 64
41 34 128 6 6 57 31 84 0 66 0 53 42 34 33 31 1 53 41 14 126 31 53 42 163 0 126 66 57 6 34 41 31 0 53 41 0 6 163 0 53 41 6 57 66 66 66 6 33 41 34 1 0 41 14 128 41 41 53 59 31
42 35 129 5 5 56 32 85 1 67 1 54 43 35 34 32 0 54 42 15 125 32 54 43 164 1 125 67 56 5 35 42 32 1 54 42 1 5 164 1 54 42 5 56 67 67 67 5 34 42 35 0 1 42 15 129 42 42 54 60 32
88 105 175 120 120 137 108 200 126 99 126 86 87 105 102 108 125 86 88 140 0 108 86 87 234 126 0 99 137 120 105 88 108 126 86 88 126 120 234 126 86 88 120 137 99 99 99 120 102 88 105 125 126 88 140 175 88 88 86 168 108
42 35 129 5 5 56 32 85 1 67 1 54 43 35 34 32 0 54 42 15 125 32 54 43 164 1 125 67 56 5 35 42 32 1 54 42 1 5 164 1 54 42 5 56 67 67 67 5 34 42 35 0 1 42 15 129 42 42 54 60 32
49 91 136 61 61 0 88 141 57 123 57 110 50 91 90 88 56 110 49 71 137 88 110 50 220 57 137 123 0 61 91 49 88 57 110 49 57 61 220 57 110 49 61 0 123 123 123 61 90 49 91 56 57 49 71 136 49 49 110 116 88
53 0 140 40 40 91 3 118 34 32 34 19 54 0 67 3 35 19 53 48 105 3 19 54 129 34 105 32 91 40 0 53 3 34 19 53 34 40 129 34 19 53 40 91 32 32 32 40 67 53 0 35 34 53 48 140 53 53 19 93 3
100 93 187 65 65 116 90 143 59 125 59 112 101 93 92 90 60 112 100 73 168 90 112 101 222 59 168 125 116 65 93 100 90 59 112 100 59 65 222 59 112 100 65 116 125 125 125 65 92 100 93 60 59 100 73 187 100 100 112 0 90
88 105 175 120 120 137 108 200 126 99 126 86 87 105 102 108 125 86 88 140 0 108 86 87 234 126 0 99 137 120 105 88 108 126 86 88 126 120 234 126 86 88 120 137 99 99 99 120 102 88 105 125 126 88 140 175 88 88 86 168 108
88 105 175 120 120 137 108 200 126 99 126 86 87 105 102 108 125 86 88 140 0 108 86 87 234 126 0 99 137 120 105 88 108 126 86 88 126 120 234 126 86 88 120 137 99 99 99 120 102 88 105 125 126 88 140 175 88 88 86 168 108
42 35 129 5 5 56 32 85 1 67 1 54 43 35 34 32 0 54 42 15 125 32 54 43 164 1 125 67 56 5 35 42 32 1 54 42 1 5 164 1 54 42 5 56 67 67 67 5 34 42 35 0 1 42 15 129 42 42 54 60 32
320 313 407 273 273 334 310 363 279 345 279 332 321 313 303 310 278 332 320 293 393 310 332 321 442 279 393 345 334 273 313 320 310 279 332 320 279 273 442 279 332 320 273 334 345 345 345 273 303 320 313 278 279 320 293 407 320 320 332 338 310
100 93 187 65 65 116 90 143 59 125 59 112 101 93 92 90 60 112 100 73 168 90 112 101 222 59 168 125 116 65 93 100 90 59 112 100 59 65 222 59 112 100 65 116 125 125 125 65 92 100 93 60 59 100 73 187 100 100 112 0 90
74 67 161 30 30 90 64 98 33 99 33 86 75 67 0 64 34 86 74 47 102 64 86 75 196 33 102 99 90 30 67 74 64 33 86 74 33 30 196 33 86 74 30 90 99 99 99 30 0 74 67 34 33 74 47 161 74 74 86 92 64
55 48 142 20 20 71 45 98 14 80 14 67 56 48 47 45 15 67 55 0 140 45 67 56 177 14 140 80 71 20 48 55 45 14 67 55 14 20 177 14 67 55 20 71 80 80 80 20 47 55 48 15 14 55 0 142 55 55 67 73 45
55 48 142 20 20 71 45 98 14 80 14 67 56 48 47 45 15 67 55 0 140 45 67 56 177 14 140 80 71 20 48 55 45 14 67 55 14 20 177 14 67 55 20 71 80 80 80 20 47 55 48 15 14 55 0 142 55 55 67 73 45
55 48 142 20 20 71 45 98 14 80 14 67 56 48 47 45 15 67 55 0 140 45 67 56 177 14 140 80 71 20 48 55 45 14 67 55 14 20 177 14 67 55 20 71 80 80 80 20 47 55 48 15 14 55 0 142 55 55 67 73 45
0 53 87 47 47 49 50 125 41 85 41 72 1 53 74 50 42 72 0 55 88 50 72 1 182 41 88 85 49 47 53 0 50 41 72 0 41 47 182 41 72 0 47 49 85 85 85 47 74 0 53 42 41 0 55 87 0 0 72 100 50
74 67 161 30 30 90 64 98 33 99 33 86 75 67 0 64 34 86 74 47 102 64 86 75 196 33 102 99 90 30 67 74 64 33 86 74 33 30 196 33 86 74 30 90 99 99 99 30 0 74 67 34 33 74 47 161 74 74 86 92 64
88 105 175 120 120 137 108 200 126 99 126 86 87 105 102 108 125 86 88 140 0 108 86 87 234 126 0 99 137 120 105 88 108 126 86 88 126 120 234 126 86 88 120 137 99 99 99 120 102 88 105 125 126 88 140 175 88 88 86 168 108
1 54 88 48 48 50 51 126 42 86 42 73 0 54 75 51 43 73 1 56 87 51 73 0 183 42 87 86 50 48 54 1 51 42 73 1 42 48 183 42 73 1 48 50 86 86 86 48 75 1 54 43 42 1 56 88 1 1 73 101 51
42 35 129 5 5 56 32 85 1 67 1 54 43 35 34 32 0 54 42 15 125 32 54 43 164 1 125 67 56 5 35 42 32 1 54 42 1 5 164 1 54 42 5 56 67 67 67 5 34 42 35 0 1 42 15 129 42 42 54 60 32
85 32 172 72 72 123 35 150 66 0 66 13 86 32 99 35 67 13 85 80 99 35 13 86 161 66 99 0 123 72 32 85 35 66 13 85 66 72 161 66 13 85 72 123 0 0 0 72 99 85 32 67 66 85 80 172 85 85 13 125 35
41 34 128 6 6 57 31 84 0 66 0 53 42 34 33 31 1 53 41 14 126 31 53 42 163 0 126 66 57 6 34 41 31 0 53 41 0 6 163 0 53 41 6 57 66 66 66 6 33 41 34 1 0 41 14 128 41 41 53 59 31
0 53 87 47 47 49 50 125 41 85 41 72 1 53 74 50 42 72 0 55 88 50 72 1 182 41 88 85 49 47 53 0 50 41 72 0 41 47 182 41 72 0 47 49 85 85 85 47 74 0 53 42 41 0 55 87 0 0 72 100 50
55 48 142 20 20 71 45 98 14 80 14 67 56 48 47 45 15 67 55 0 140 45 67 56 177 14 140 80 71 20 48 55 45 14 67 55 14 20 177 14 67 55 20 71 80 80 80 20 47 55 48 15 14 55 0 142 55 55 67 73 45
1 54 88 48 48 50 51 126 42 86 42 73 0 54 75 51 43 73 1 56 87 51 73 0 183 42 87 86 50 48 54 1 51 42 73 1 42 48 183 42 73 1 48 50 86 86 86 48 75 1 54 43 42 1 56 88 1 1 73 101 51
125 118 212 90 90 141 115 0 84 150 84 137 126 118 98 115 85 137 125 98 200 115 137 126 247 84 200 150 141 90 118 125 115 84 137 125 84 90 247 84 137 125 90 141 150 150 150 90 98 125 118 85 84 125 98 212 125 125 137 143 115
265 212 352 252 252 303 215 330 246 206 246 193 266 212 279 215 247 193 265 260 279 215 193 266 341 246 279 206 303 252 212 265 215 246 193 265 246 252 341 246 193 265 252 303 206 206 206 252 279 265 212 247 246 265 260 352 265 265 193 305 215
88 105 175 120 120 137 108 200 126 99 126 86 87 105 102 108 125 86 88 140 0 108 86 87 234 126 0 99 137 120 105 88 108 126 86 88 126 120 234 126 86 88 120 137 99 99 99 120 102 88 105 125 126 88 140 175 88 88 86 168 108
87 140 0 134 134 136 137 212 128 172 128 159 88 140 161 137 129 159 87 142 175 137 159 88 269 128 175 172 136 134 140 87 137 128 159 87 128 134 269 128 159 87 134 136 172 172 172 134 161 87 140 129 128 87 142 0 87 87 159 187 137
100 93 187 65 65 116 90 143 59 125 59 112 101 93 92 90 60 112 100 73 168 90 112 101 222 59 168 125 116 65 93 100 90 59 112 100 59 65 222 59 112 100 65 116 125 125 125 65 92 100 93 60 59 100 73 187 100 100 112 0 90
47 40 134 0 0 61 37 90 6 72 6 59 48 40 30 37 5 59 47 20 120 37 59 48 169 6 120 72 61 0 40 47 37 6 59 47 6 0 169 6 59 47 0 61 72 72 72 0 30 47 40 5 6 47 20 134 47 47 59 65 37
41 34 128 6 6 57 31 84 0 66 0 53 42 34 33 31 1 53 41 14 126 31 53 42 163 0 126 66 57 6 34 41 31 0 53 41 0 6 163 0 53 41 6 57 66 66 66 6 33 41 34 1 0 41 14 128 41 41 53 59 31
41 34 128 6 6 57 31 84 0 66 0 53 42 34 33 31 1 53 41 14 126 31 53 42 163 0 126 66 57 6 34 41 31 0 53 41 0 6 163 0 53 41 6 57 66 66 66 6 33 41 34 1 0 41 14 128 41 41 53 59 31
55 48 142 20 20 71 45 98 14 80 14 67 56 48 47 45 15 67 55 0 140 45 67 56 177 14 140 80 71 20 48 55 45 14 67 55 14 20 177 14 67 55 20 71 80 80 80 20 47 55 48 15 14 55 0 142 55 55 67 73 45
72 19 159 59 59 110 22 137 53 13 53 0 73 19 86 22 54 0 72 67 86 22 0 73 148 53 86 13 110 59 19 72 22 53 0 72 53 59 148 53 0 72 59 110 13 13 13 59 86 72 19 54 53 72 67 159 72 72 0 112 22
74 67 161 30 30 90 64 98 33 99 33 86 75 67 0 64 34 86 74 47 102 64 86 75 196 33 102 99 90 30 67 74 64 33 86 74 33 30 196 33 86 74 30 90 99 99 99 30 0 74 67 34 33 74 47 161 74 74 86 92 64
42 35 129 5 5 56 32 85 1 67 1 54 43 35 34 32 0 54 42 15 125 32 54 43 164 1 125 67 56 5 35 42 32 1 54 42 1 5 164 1 54 42 5 56 67 67 67 5 34 42 35 0 1 42 15 129 42 42 54 60 32
55 48 142 20 20 71 45 98 14 80 14 67 56 48 47 45 15 67 55 0 140 45 67 56 177 14 140 80 71 20 48 55 45 14 67 55 14 20 177 14 67 55 20 71 80 80 80 20 47 55 48 15 14 55 0 142 55 55 67 73 45
55 48 142 20 20 71 45 98 14 80 14 67 56 48 47 45 15 67 55 0 140 45 67 56 177 14 140 80 71 20 48 55 45 14 67 55 14 20 177 14 67 55 20 71 80 80 80 20 47 55 48 15 14 55 0 142 55 55 67 73 45
0 53 87 47 47 49 50 125 41 85 41 72 1 53 74 50 42 72 0 55 88 50 72 1 182 41 88 85 49 47 53 0 50 41 72 0 41 47 182 41 72 0 47 49 85 85 85 47 74 0 53 42 41 0 55 87 0 0 72 100 50
1 54 88 48 48 50 51 126 42 86 42 73 0 54 75 51 43 73 1 56 87 51 73 0 183 42 87 86 50 48 54 1 51 42 73 1 42 48 183 42 73 1 48 50 86 86 86 48 75 1 54 43 42 1 56 88 1 1 73 101 51
