56 81 37
126 0 29 99 444 188 229 23 198 63 156 73 444 98 29 180 218 0 104 188 198 63 210 365 175 80 328 118 23 94 46 198 23 353 330 242 52 189 275 191 94 441 431 362 212 289 23 214 191 73 175 69 72 134 0 133 269 51 132 23 63 220 250 248 88 214 269 80 222 118 133 98 198 132 220 218 101 188 214 133 189
521 441 470 443 624 475 612 418 599 504 338 468 624 460 470 347 464 441 423 370 599 504 231 472 592 361 614 535 418 489 463 621 418 634 437 643 442 455 382 351 489 0 532 675 635 535 418 624 351 468 488 510 513 507 441 506 664 492 410 418 504 307 654 434 483 624 664 361 422 535 506 539 589 410 307 464 496 475 624 506 562
168 88 117 168 513 100 281 65 198 151 198 115 513 140 117 230 130 88 154 179 198 151 252 385 244 122 345 187 65 6 115 197 65 381 350 242 94 120 354 224 6 483 422 274 183 201 65 283 224 115 87 157 160 176 88 175 311 139 201 65 151 242 319 160 0 283 311 122 153 187 175 186 254 201 242 130 13 100 283 175 231
268 188 217 226 352 195 381 165 277 251 298 215 352 90 217 103 94 188 179 0 277 251 254 349 344 222 334 287 165 173 215 364 165 382 314 321 194 175 369 134 173 370 243 395 350 165 165 383 134 215 208 257 260 276 188 275 411 239 193 165 251 63 284 64 179 383 411 222 142 287 275 266 309 193 63 94 180 195 383 275 331
482 365 394 424 332 290 492 379 527 302 246 429 332 439 394 392 255 365 468 349 527 302 241 0 500 371 535 443 379 379 371 511 379 557 35 487 350 310 90 361 379 472 188 490 525 184 379 513 361 429 303 308 437 396 365 395 616 314 412 379 302 412 445 285 385 513 616 371 343 443 395 427 437 412 412 255 377 290 513 395 451
330 220 191 163 415 195 332 227 292 283 298 177 415 153 191 40 157 220 116 63 292 283 191 412 345 284 334 288 227 236 216 418 227 445 377 336 237 175 342 71 236 307 306 395 413 228 227 344 71 177 208 289 292 227 220 226 447 271 130 227 283 0 347 127 242 344 447 284 142 288 226 318 309 130 0 157 243 195 344 226 282
255 175 204 176 473 13 345 152 285 238 285 202 473 227 204 168 205 175 215 208 285 238 257 303 331 142 258 274 152 81 202 258 152 325 268 329 181 33 323 137 81 488 451 187 244 209 152 357 137 202 0 244 247 240 175 239 398 226 196 152 238 208 395 235 87 357 398 142 66 274 239 273 167 196 208 205 74 13 357 239 295
198 72 101 171 515 260 301 95 270 135 228 145 515 170 101 252 290 72 176 260 270 135 282 437 247 152 400 190 95 166 118 270 95 425 402 314 124 261 347 262 166 513 503 434 284 361 95 286 262 145 247 141 0 206 72 205 341 123 203 95 135 292 322 320 160 286 341 152 294 190 205 170 270 203 292 290 173 260 286 205 261
298 218 235 298 446 218 410 195 272 220 328 245 446 184 235 197 0 218 272 94 272 220 348 255 374 252 428 317 195 124 245 315 195 444 220 316 224 238 275 228 124 464 337 392 301 71 195 413 228 245 205 226 290 306 218 305 369 232 287 195 220 157 190 30 130 413 369 252 236 317 305 172 355 287 157 0 131 218 413 305 361
177 51 80 150 466 239 178 74 241 12 207 124 466 149 80 231 232 51 155 239 241 12 261 314 226 131 379 169 74 145 97 249 74 404 279 197 103 240 224 242 145 492 482 413 263 303 74 223 242 124 226 18 123 106 51 105 320 0 183 74 12 271 301 202 139 223 320 131 273 169 105 149 147 183 271 232 152 239 223 105 161
153 46 75 53 398 215 222 50 244 109 125 100 398 125 75 176 245 46 150 215 244 109 232 371 129 107 282 72 50 121 0 244 50 380 336 288 21 216 281 145 121 463 458 389 258 316 50 168 145 100 202 115 118 117 46 116 296 97 86 50 109 216 204 275 115 168 296 107 216 72 116 144 210 86 216 245 128 215 168 116 172
269 189 218 119 464 308 162 166 378 149 297 216 464 241 218 242 361 189 219 331 378 149 331 451 215 223 348 158 166 237 172 369 166 496 416 334 193 315 361 211 237 562 440 482 383 432 166 62 211 216 295 155 261 57 189 56 277 161 152 166 149 282 376 339 231 62 277 223 282 158 56 287 276 152 282 361 244 308 62 56 0
357 250 279 257 602 408 426 254 270 313 329 304 602 329 279 380 190 250 354 284 270 313 436 445 333 311 486 276 254 314 204 437 254 584 410 314 225 420 465 349 314 654 527 582 451 261 254 372 349 304 395 319 322 321 250 320 500 301 290 254 313 347 0 220 319 372 500 311 420 276 320 348 414 290 347 190 321 408 372 320 376
114 212 241 311 656 257 433 217 181 275 350 267 656 292 241 387 301 212 311 350 181 275 404 525 387 274 502 330 217 177 258 14 217 451 512 225 246 277 487 381 177 635 337 431 0 372 217 426 381 267 244 281 284 328 212 327 265 263 344 217 275 413 451 331 183 426 265 274 310 330 327 281 410 344 413 301 170 257 426 327 383
153 73 102 153 498 215 266 50 271 136 183 0 498 125 102 217 245 73 177 215 271 136 237 429 229 107 382 172 50 121 100 253 50 380 394 315 79 216 339 245 121 468 458 389 267 316 50 268 245 0 202 142 145 161 73 160 296 124 186 50 136 177 304 275 115 268 296 107 249 172 160 171 271 186 177 245 128 215 268 160 216
230 104 75 199 478 228 269 127 302 167 260 177 478 202 75 76 272 104 0 179 302 167 227 468 279 184 370 222 127 148 150 302 127 457 433 346 156 211 378 107 148 423 422 402 311 343 127 281 107 177 215 173 176 162 104 163 373 155 166 127 167 116 354 243 154 281 373 184 178 222 163 202 302 166 116 272 141 228 281 163 219
369 289 306 369 446 196 481 266 343 291 360 316 446 255 306 268 71 289 343 165 343 291 355 184 445 323 441 388 266 195 316 386 266 373 149 387 295 216 204 299 195 535 372 396 372 0 266 484 299 316 209 297 361 377 289 376 440 303 358 266 291 228 261 101 201 484 440 323 249 388 376 243 350 358 228 71 202 196 484 376 432
306 180 151 123 402 155 292 203 252 243 258 217 402 193 151 0 197 180 76 103 252 243 151 392 305 244 294 248 203 224 176 378 203 485 357 296 197 135 302 31 224 347 346 355 387 268 203 304 31 217 168 249 252 187 180 186 407 231 90 203 243 40 380 167 230 304 407 244 102 248 186 278 269 90 40 197 217 155 304 186 242
447 330 359 389 297 255 457 344 492 267 211 394 297 404 359 357 220 330 433 314 492 267 206 35 465 336 500 408 344 344 336 526 344 522 0 452 315 275 55 326 344 437 223 455 512 149 344 478 326 394 268 273 402 361 330 360 581 279 385 344 267 377 410 250 350 478 581 336 308 408 360 392 402 385 377 220 342 255 478 360 416
551 444 473 345 0 460 514 448 629 454 398 498 0 442 473 402 446 444 478 352 629 454 393 332 527 505 574 470 448 519 398 642 448 734 297 639 419 475 242 371 519 624 520 660 656 446 448 526 371 498 473 460 515 409 444 408 629 466 312 448 454 415 602 416 513 526 629 505 442 470 408 542 502 312 415 446 526 460 526 408 464
206 99 128 0 345 189 169 103 297 156 178 153 345 178 128 123 298 99 199 226 297 156 212 424 182 160 229 125 103 174 53 297 103 433 389 341 74 196 334 92 174 443 469 363 311 369 103 181 92 153 176 162 171 64 99 63 284 150 33 103 156 163 257 290 168 181 284 160 163 125 63 197 157 33 163 298 181 189 181 63 119
151 269 298 284 629 411 327 246 418 314 379 296 629 321 298 407 369 269 373 411 418 314 433 616 425 303 513 368 246 317 296 251 246 576 581 462 275 412 526 376 317 664 574 585 265 440 246 339 376 296 398 320 341 220 269 221 0 320 317 246 314 447 500 399 311 339 0 303 445 368 221 367 441 317 447 369 324 411 339 221 277
155 29 0 128 473 217 240 52 227 92 185 102 473 127 0 151 235 29 75 217 227 92 239 394 204 109 357 147 52 123 75 227 52 382 359 271 81 218 304 182 123 470 460 391 241 306 52 243 182 102 204 98 101 163 29 162 298 80 161 52 92 191 279 265 117 243 298 109 251 147 162 127 227 161 191 235 130 217 243 162 218
236 156 185 178 398 298 347 133 354 219 0 183 398 208 185 258 328 156 260 298 354 219 107 246 254 190 407 197 133 204 125 336 133 463 211 398 104 299 156 227 204 338 434 472 350 360 133 293 227 183 285 225 228 242 156 241 379 207 211 133 219 298 329 358 198 293 379 190 298 197 241 254 335 211 298 328 211 298 293 241 297
319 229 240 169 514 358 0 216 419 190 347 266 514 291 240 292 410 229 269 381 419 190 381 492 351 273 398 294 216 287 222 419 216 546 457 375 243 365 402 261 287 612 602 532 433 481 216 224 261 266 345 196 301 107 229 106 327 178 202 216 190 332 426 380 281 224 327 273 332 294 106 327 325 202 332 410 294 358 224 106 162
132 52 81 74 419 194 243 29 250 115 104 79 419 104 81 197 224 52 156 194 250 115 211 350 150 86 303 93 29 100 21 232 29 359 315 294 0 195 260 166 100 442 437 368 246 295 29 189 166 79 181 121 124 138 52 137 275 103 107 29 115 237 225 254 94 189 275 86 228 93 137 150 231 107 237 224 107 194 189 137 193
298 191 182 92 371 124 261 195 283 248 227 245 371 224 182 31 228 191 107 134 283 248 120 361 274 213 263 217 195 218 145 389 195 462 326 327 166 104 271 0 218 351 377 324 381 299 195 273 0 245 137 254 262 156 191 155 376 242 59 195 248 71 349 198 224 273 376 213 71 217 155 289 238 59 71 228 211 124 273 155 211
282 175 204 182 527 344 351 179 373 238 254 229 527 254 204 305 374 175 279 344 373 238 361 500 0 236 178 57 179 250 129 373 179 509 465 417 150 345 410 274 250 592 531 518 387 445 179 153 274 229 331 244 247 246 175 245 425 226 215 179 238 345 333 404 244 153 425 236 345 57 245 273 339 215 345 374 257 344 153 245 215
423 431 460 469 520 438 602 408 490 490 434 458 520 333 460 346 337 431 422 243 490 490 429 188 531 465 577 474 408 416 458 323 408 625 223 534 437 418 278 377 416 532 0 638 337 372 408 378 377 458 451 496 503 497 431 496 574 482 436 408 490 306 527 307 422 378 574 465 385 474 496 509 408 436 306 337 423 438 378 496 440
100 198 227 297 642 271 419 203 167 261 336 253 642 278 227 378 315 198 302 364 167 261 390 511 373 260 516 316 203 191 244 0 203 465 526 211 232 291 473 389 191 621 323 445 14 386 203 412 389 253 258 267 270 314 198 313 251 249 330 203 261 418 437 345 197 412 251 260 324 316 313 267 396 330 418 315 184 271 412 313 369
174 94 123 174 519 94 287 71 204 157 204 121 519 146 123 224 124 94 148 173 204 157 258 379 250 128 339 193 71 0 121 191 71 387 344 248 100 114 360 218 0 489 416 268 177 195 71 289 218 121 81 163 166 182 94 181 317 145 207 71 157 236 314 154 6 289 317 128 147 193 181 192 248 207 236 124 7 94 289 181 237
268 188 217 189 460 0 358 165 298 251 298 215 460 240 217 155 218 188 228 195 298 251 244 290 344 129 245 287 165 94 215 271 165 338 255 342 194 20 310 124 94 475 438 200 257 196 165 370 124 215 13 257 260 253 188 252 411 239 183 165 251 195 408 248 100 370 411 129 53 287 252 286 154 183 195 218 87 0 370 252 308
160 80 109 160 505 129 273 57 278 143 190 107 505 132 109 244 252 80 184 222 278 143 130 371 236 0 334 179 57 128 107 260 57 273 336 322 86 109 281 213 128 361 465 329 274 323 57 275 213 107 142 149 152 168 80 167 303 131 193 57 143 284 311 282 122 275 303 0 142 179 167 178 243 193 284 252 135 129 275 167 223
290 210 239 212 393 244 381 187 403 273 107 237 393 262 239 151 348 210 227 254 403 273 0 241 361 130 383 304 187 258 232 390 187 403 206 447 211 224 151 120 258 231 429 444 404 355 187 393 120 237 257 279 282 276 210 275 433 261 179 187 273 191 436 318 252 393 433 130 191 304 275 308 358 179 191 348 265 244 393 275 331
321 214 243 181 526 370 224 218 412 211 293 268 526 293 243 304 413 214 281 383 412 211 393 513 153 275 331 96 218 289 168 412 218 548 478 396 189 377 423 273 289 624 378 544 426 484 218 0 273 268 357 217 286 119 214 118 339 223 214 218 211 344 372 401 283 0 339 275 344 96 118 312 338 214 344 413 296 370 0 118 62
302 222 251 163 442 53 332 199 351 285 298 249 442 232 251 102 236 222 178 142 351 285 191 343 345 142 192 288 199 147 216 324 199 391 308 395 228 33 342 71 147 422 385 253 310 249 199 344 71 249 66 291 294 227 222 226 445 273 130 199 285 142 420 206 153 344 445 142 0 288 226 320 167 130 142 236 140 53 344 226 282
311 242 271 341 639 342 375 265 44 185 398 315 639 231 271 296 316 242 346 321 44 185 447 487 417 322 570 360 265 248 288 211 265 595 452 0 294 362 397 327 248 643 534 516 225 387 265 396 327 315 329 191 314 279 242 278 462 197 374 265 185 336 314 327 242 396 462 322 395 360 278 144 320 374 336 316 255 342 396 278 334
239 132 161 33 312 183 202 136 330 189 211 186 312 211 161 90 287 132 166 193 330 189 179 412 215 193 262 158 136 207 86 330 136 453 385 374 107 163 330 59 207 410 436 383 344 358 136 214 59 186 196 195 203 97 132 96 317 183 0 136 189 130 290 257 201 214 317 193 130 158 96 230 190 0 130 287 214 183 214 96 152
214 134 163 64 409 253 107 111 323 94 242 161 409 186 163 187 306 134 162 276 323 94 276 396 246 168 293 189 111 182 117 314 111 441 361 279 138 260 306 156 182 507 497 427 328 377 111 119 156 161 240 100 206 0 134 1 220 106 97 111 94 227 321 284 176 119 220 168 227 189 1 232 221 97 227 306 189 253 119 1 57
324 198 227 157 502 154 325 221 364 135 335 271 502 296 227 269 355 198 302 309 364 135 358 437 339 243 359 282 221 248 210 396 221 492 402 320 231 134 347 238 248 589 408 354 410 350 221 338 238 271 167 141 270 221 198 220 441 147 190 221 135 309 414 325 254 338 441 243 167 282 220 296 0 190 309 355 241 154 338 220 276
435 328 357 229 574 245 398 332 526 385 407 382 574 407 357 294 428 328 370 334 526 385 383 535 178 334 0 235 332 339 282 516 332 583 500 570 303 225 534 263 339 614 577 445 502 441 332 331 263 382 258 391 400 293 328 292 513 379 262 332 385 334 486 398 345 331 513 334 192 235 292 426 359 262 334 428 332 245 331 292 348
392 275 304 334 242 310 402 289 441 212 156 339 242 364 304 302 275 275 378 369 441 212 151 90 410 281 534 353 289 360 281 473 289 554 55 397 260 330 0 271 360 382 278 510 487 204 289 423 271 339 323 218 347 306 275 305 526 224 330 289 212 342 465 305 354 423 526 281 342 353 305 373 347 330 342 275 367 310 423 305 361
178 98 127 178 442 240 291 75 187 161 208 125 442 0 127 193 184 98 202 90 187 161 262 439 254 132 407 197 75 146 125 278 75 405 404 231 104 241 364 224 146 460 333 414 292 255 75 293 224 125 227 167 170 186 98 185 321 149 211 75 161 153 329 154 140 293 321 132 232 197 185 196 296 211 153 184 153 240 293 185 241
269 189 218 196 475 20 365 166 318 252 299 216 475 241 218 135 238 189 211 175 318 252 224 310 345 109 225 288 166 114 216 291 166 358 275 362 195 0 330 104 114 455 418 220 277 216 166 377 104 216 33 258 261 260 189 259 412 240 163 166 252 175 420 239 120 377 412 109 33 288 259 287 134 163 175 238 107 20 377 259 315
442 362 391 363 660 200 532 339 472 425 472 389 660 414 391 355 392 362 402 395 472 425 444 490 518 329 445 461 339 268 389 445 339 138 455 516 368 220 510 324 268 675 638 0 431 396 339 544 324 389 187 431 434 427 362 426 585 413 383 339 425 395 582 422 274 544 585 329 253 461 426 460 354 383 395 392 261 200 544 426 482
103 23 52 103 448 165 216 0 221 86 133 50 448 75 52 203 195 23 127 165 221 86 187 379 179 57 332 122 0 71 50 203 0 330 344 265 29 166 289 195 71 418 408 339 217 266 0 218 195 50 152 92 95 111 23 110 246 74 136 0 86 227 254 225 65 218 246 57 199 122 110 121 221 136 227 195 78 165 218 110 166
181 101 130 181 526 87 294 78 211 164 211 128 526 153 130 217 131 101 141 180 211 164 265 377 257 135 332 200 78 7 128 184 78 394 342 255 107 107 367 211 7 496 423 261 170 202 78 296 211 128 74 170 173 189 101 188 324 152 214 78 164 243 321 161 13 296 324 135 140 200 188 199 241 214 243 131 0 87 296 188 244
224 98 127 197 542 286 327 121 100 161 254 171 542 196 127 278 172 98 202 266 100 161 308 427 273 178 426 216 121 192 144 267 121 451 392 144 150 287 373 289 192 539 509 460 281 243 121 312 289 171 273 167 170 232 98 231 367 149 230 121 161 318 348 202 186 312 367 178 320 216 231 0 296 230 318 172 199 286 312 231 287
0 126 155 206 551 268 319 103 267 189 236 153 551 178 155 306 298 126 230 268 267 189 290 482 282 160 435 225 103 174 153 100 103 433 447 311 132 269 392 298 174 521 423 442 114 369 103 321 298 153 255 195 198 214 126 213 151 177 239 103 189 330 357 328 168 321 151 160 302 225 213 224 324 239 330 298 181 268 321 213 269
195 69 98 162 460 257 196 92 235 6 225 142 460 167 98 249 226 69 173 257 235 6 279 308 244 149 391 187 92 163 115 267 92 422 273 191 121 258 218 254 163 510 496 431 281 297 92 217 254 142 244 0 141 100 69 99 320 18 195 92 6 289 319 196 157 217 320 149 291 187 99 167 141 195 289 226 170 257 217 99 155
213 133 162 63 408 252 106 110 322 93 241 160 408 185 162 186 305 133 163 275 322 93 275 395 245 167 292 188 110 181 116 313 110 440 360 278 137 259 305 155 181 506 496 426 327 376 110 118 155 160 239 99 205 1 133 0 221 105 96 110 93 226 320 283 175 118 221 167 226 188 0 231 220 96 226 305 188 252 118 0 56
225 118 147 125 470 287 294 122 316 181 197 172 470 197 147 248 317 118 222 287 316 181 304 443 57 179 235 0 122 193 72 316 122 452 408 360 93 288 353 217 193 535 474 461 330 388 122 96 217 172 274 187 190 189 118 188 368 169 158 122 181 288 276 347 187 96 368 179 288 0 188 216 282 158 288 317 200 287 96 188 158
433 353 382 433 734 338 546 330 551 416 463 380 734 405 382 485 444 353 457 382 551 416 403 557 509 273 583 452 330 387 380 465 330 0 522 595 359 358 554 462 387 634 625 138 451 373 330 548 462 380 325 422 425 441 353 440 576 404 453 330 416 445 584 446 381 548 576 273 391 452 440 451 492 453 445 444 394 338 548 440 496
189 63 92 156 454 251 190 86 229 0 219 136 454 161 92 243 220 63 167 251 229 0 273 302 238 143 385 181 86 157 109 261 86 416 267 185 115 252 212 248 157 504 490 425 275 291 86 211 248 136 238 6 135 94 63 93 314 12 189 86 0 283 313 190 151 211 314 143 285 181 93 161 135 189 283 220 164 251 211 93 149
328 248 265 290 416 248 380 225 302 190 358 275 416 154 265 167 30 248 243 64 302 190 318 285 404 282 398 347 225 154 275 345 225 446 250 327 254 239 305 198 154 434 307 422 331 101 225 401 198 275 235 196 320 284 248 283 399 202 257 225 190 127 220 0 160 401 399 282 206 347 283 202 325 257 127 30 161 248 401 283 339
267 198 227 297 629 298 419 221 0 229 354 271 629 187 227 252 272 198 302 277 0 229 403 527 373 278 526 316 221 204 244 167 221 551 492 44 250 318 441 283 204 599 490 472 181 343 221 412 283 271 285 235 270 323 198 322 418 241 330 221 229 292 270 302 198 412 418 278 351 316 322 100 364 330 292 272 211 298 412 322 378
