91 93 10
0 4 4 4 4 4 2 54 4 8 2 4 54 6 2 8 36 4 4 105 4 4 4 2 2 34 105 2 36 5 2 4 105 2 4 4 0 5 4 0 36 34 4 4 2 2 4 8 36 4 4 5 2 6 2 4 34 105 4 4 2 34 54 4 5 8 5 8 2 4 54 2 2 36 2 8 4 4 4 105 4 2 0 4 5 4 4 2 4 4 4 5 2
0 4 4 4 4 4 2 54 4 8 2 4 54 6 2 8 36 4 4 105 4 4 4 2 2 34 105 2 36 5 2 4 105 2 4 4 0 5 4 0 36 34 4 4 2 2 4 8 36 4 4 5 2 6 2 4 34 105 4 4 2 34 54 4 5 8 5 8 2 4 54 2 2 36 2 8 4 4 4 105 4 2 0 4 5 4 4 2 4 4 4 5 2
0 4 4 4 4 4 2 54 4 8 2 4 54 6 2 8 36 4 4 105 4 4 4 2 2 34 105 2 36 5 2 4 105 2 4 4 0 5 4 0 36 34 4 4 2 2 4 8 36 4 4 5 2 6 2 4 34 105 4 4 2 34 54 4 5 8 5 8 2 4 54 2 2 36 2 8 4 4 4 105 4 2 0 4 5 4 4 2 4 4 4 5 2
5 5 5 5 5 5 3 59 5 13 3 5 59 1 3 13 41 5 5 110 5 5 5 3 3 35 110 3 41 0 3 5 110 3 5 5 5 0 5 5 41 35 5 5 3 3 5 13 41 5 5 0 3 1 3 5 35 110 5 5 3 35 59 5 0 13 0 13 3 5 59 3 3 41 3 13 5 5 5 110 5 3 5 5 0 5 5 3 5 5 5 0 3
4 0 0 0 0 0 2 58 0 12 2 0 58 6 2 12 40 0 0 109 0 0 0 2 2 30 109 2 40 5 2 0 109 2 0 0 4 5 0 4 40 30 0 0 2 2 0 12 40 0 0 5 2 6 2 0 30 109 0 0 2 30 58 0 5 12 5 12 2 0 58 2 2 40 2 12 0 0 0 109 0 2 4 0 5 0 0 2 0 0 0 5 2
83 87 87 87 87 87 85 29 87 91 85 87 29 89 85 91 47 87 87 188 87 87 87 85 85 117 188 85 47 88 85 87 188 85 87 87 83 88 87 83 47 117 87 87 85 85 87 91 47 87 87 88 85 89 85 87 117 188 87 87 85 117 29 87 88 91 88 91 85 87 29 85 85 47 85 91 87 87 87 188 87 85 83 87 88 87 87 85 87 87 87 88 85
4 0 0 0 0 0 2 58 0 12 2 0 58 6 2 12 40 0 0 109 0 0 0 2 2 30 109 2 40 5 2 0 109 2 0 0 4 5 0 4 40 30 0 0 2 2 0 12 40 0 0 5 2 6 2 0 30 109 0 0 2 30 58 0 5 12 5 12 2 0 58 2 2 40 2 12 0 0 0 109 0 2 4 0 5 0 0 2 0 0 0 5 2
5 5 5 5 5 5 3 59 5 13 3 5 59 1 3 13 41 5 5 110 5 5 5 3 3 35 110 3 41 0 3 5 110 3 5 5 5 0 5 5 41 35 5 5 3 3 5 13 41 5 5 0 3 1 3 5 35 110 5 5 3 35 59 5 0 13 0 13 3 5 59 3 3 41 3 13 5 5 5 110 5 3 5 5 0 5 5 3 5 5 5 0 3
377 373 373 373 373 373 375 431 373 385 375 373 431 379 375 385 413 373 373 482 373 373 373 375 375 403 482 375 413 378 375 373 482 375 373 373 377 378 373 377 413 403 373 373 375 375 373 385 413 373 373 378 375 379 375 373 403 482 373 373 375 403 431 373 378 385 378 385 375 373 431 375 375 413 375 385 373 373 373 482 373 375 377 373 378 373 373 375 373 373 373 378 375
4 0 0 0 0 0 2 58 0 12 2 0 58 6 2 12 40 0 0 109 0 0 0 2 2 30 109 2 40 5 2 0 109 2 0 0 4 5 0 4 40 30 0 0 2 2 0 12 40 0 0 5 2 6 2 0 30 109 0 0 2 30 58 0 5 12 5 12 2 0 58 2 2 40 2 12 0 0 0 109 0 2 4 0 5 0 0 2 0 0 0 5 2
4 0 0 0 0 0 2 58 0 12 2 0 58 6 2 12 40 0 0 109 0 0 0 2 2 30 109 2 40 5 2 0 109 2 0 0 4 5 0 4 40 30 0 0 2 2 0 12 40 0 0 5 2 6 2 0 30 109 0 0 2 30 58 0 5 12 5 12 2 0 58 2 2 40 2 12 0 0 0 109 0 2 4 0 5 0 0 2 0 0 0 5 2
36 40 40 40 40 40 38 18 40 44 38 40 18 42 38 44 0 40 40 141 40 40 40 38 38 70 141 38 0 41 38 40 141 38 40 40 36 41 40 36 0 70 40 40 38 38 40 44 0 40 40 41 38 42 38 40 70 141 40 40 38 70 18 40 41 44 41 44 38 40 18 38 38 0 38 44 40 40 40 141 40 38 36 40 41 40 40 38 40 40 40 41 38
4 0 0 0 0 0 2 58 0 12 2 0 58 6 2 12 40 0 0 109 0 0 0 2 2 30 109 2 40 5 2 0 109 2 0 0 4 5 0 4 40 30 0 0 2 2 0 12 40 0 0 5 2 6 2 0 30 109 0 0 2 30 58 0 5 12 5 12 2 0 58 2 2 40 2 12 0 0 0 109 0 2 4 0 5 0 0 2 0 0 0 5 2
34 30 30 30 30 30 32 88 30 42 32 30 88 36 32 42 70 30 30 139 30 30 30 32 32 0 139 32 70 35 32 30 139 32 30 30 34 35 30 34 70 0 30 30 32 32 30 42 70 30 30 35 32 36 32 30 0 139 30 30 32 0 88 30 35 42 35 42 32 30 88 32 32 70 32 42 30 30 30 139 30 32 34 30 35 30 30 32 30 30 30 35 32
218 214 214 214 214 214 216 272 214 226 216 214 272 220 216 226 254 214 214 323 214 214 214 216 216 244 323 216 254 219 216 214 323 216 214 214 218 219 214 218 254 244 214 214 216 216 214 226 254 214 214 219 216 220 216 214 244 323 214 214 216 244 272 214 219 226 219 226 216 214 272 216 216 254 216 226 214 214 214 323 214 216 218 214 219 214 214 216 214 214 214 219 216
4 0 0 0 0 0 2 58 0 12 2 0 58 6 2 12 40 0 0 109 0 0 0 2 2 30 109 2 40 5 2 0 109 2 0 0 4 5 0 4 40 30 0 0 2 2 0 12 40 0 0 5 2 6 2 0 30 109 0 0 2 30 58 0 5 12 5 12 2 0 58 2 2 40 2 12 0 0 0 109 0 2 4 0 5 0 0 2 0 0 0 5 2
0 4 4 4 4 4 2 54 4 8 2 4 54 6 2 8 36 4 4 105 4 4 4 2 2 34 105 2 36 5 2 4 105 2 4 4 0 5 4 0 36 34 4 4 2 2 4 8 36 4 4 5 2 6 2 4 34 105 4 4 2 34 54 4 5 8 5 8 2 4 54 2 2 36 2 8 4 4 4 105 4 2 0 4 5 4 4 2 4 4 4 5 2
5 5 5 5 5 5 3 59 5 13 3 5 59 1 3 13 41 5 5 110 5 5 5 3 3 35 110 3 41 0 3 5 110 3 5 5 5 0 5 5 41 35 5 5 3 3 5 13 41 5 5 0 3 1 3 5 35 110 5 5 3 35 59 5 0 13 0 13 3 5 59 3 3 41 3 13 5 5 5 110 5 3 5 5 0 5 5 3 5 5 5 0 3
34 30 30 30 30 30 32 88 30 42 32 30 88 36 32 42 70 30 30 139 30 30 30 32 32 0 139 32 70 35 32 30 139 32 30 30 34 35 30 34 70 0 30 30 32 32 30 42 70 30 30 35 32 36 32 30 0 139 30 30 32 0 88 30 35 42 35 42 32 30 88 32 32 70 32 42 30 30 30 139 30 32 34 30 35 30 30 32 30 30 30 35 32
6 6 6 6 6 6 4 60 6 14 4 6 60 0 4 14 42 6 6 111 6 6 6 4 4 36 111 4 42 1 4 6 111 4 6 6 6 1 6 6 42 36 6 6 4 4 6 14 42 6 6 1 4 0 4 6 36 111 6 6 4 36 60 6 1 14 1 14 4 6 60 4 4 42 4 14 6 6 6 111 6 4 6 6 1 6 6 4 6 6 6 1 4
36 40 40 40 40 40 38 18 40 44 38 40 18 42 38 44 0 40 40 141 40 40 40 38 38 70 141 38 0 41 38 40 141 38 40 40 36 41 40 36 0 70 40 40 38 38 40 44 0 40 40 41 38 42 38 40 70 141 40 40 38 70 18 40 41 44 41 44 38 40 18 38 38 0 38 44 40 40 40 141 40 38 36 40 41 40 40 38 40 40 40 41 38
5 5 5 5 5 5 3 59 5 13 3 5 59 1 3 13 41 5 5 110 5 5 5 3 3 35 110 3 41 0 3 5 110 3 5 5 5 0 5 5 41 35 5 5 3 3 5 13 41 5 5 0 3 1 3 5 35 110 5 5 3 35 59 5 0 13 0 13 3 5 59 3 3 41 3 13 5 5 5 110 5 3 5 5 0 5 5 3 5 5 5 0 3
4 0 0 0 0 0 2 58 0 12 2 0 58 6 2 12 40 0 0 109 0 0 0 2 2 30 109 2 40 5 2 0 109 2 0 0 4 5 0 4 40 30 0 0 2 2 0 12 40 0 0 5 2 6 2 0 30 109 0 0 2 30 58 0 5 12 5 12 2 0 58 2 2 40 2 12 0 0 0 109 0 2 4 0 5 0 0 2 0 0 0 5 2
5 5 5 5 5 5 3 59 5 13 3 5 59 1 3 13 41 5 5 110 5 5 5 3 3 35 110 3 41 0 3 5 110 3 5 5 5 0 5 5 41 35 5 5 3 3 5 13 41 5 5 0 3 1 3 5 35 110 5 5 3 35 59 5 0 13 0 13 3 5 59 3 3 41 3 13 5 5 5 110 5 3 5 5 0 5 5 3 5 5 5 0 3
105 109 109 109 109 109 107 159 109 113 107 109 159 111 107 113 141 109 109 0 109 109 109 107 107 139 0 107 141 110 107 109 0 107 109 109 105 110 109 105 141 139 109 109 107 107 109 113 141 109 109 110 107 111 107 109 139 0 109 109 107 139 159 109 110 113 110 113 107 109 159 107 107 141 107 113 109 109 109 0 109 107 105 109 110 109 109 107 109 109 109 110 107
4 0 0 0 0 0 2 58 0 12 2 0 58 6 2 12 40 0 0 109 0 0 0 2 2 30 109 2 40 5 2 0 109 2 0 0 4 5 0 4 40 30 0 0 2 2 0 12 40 0 0 5 2 6 2 0 30 109 0 0 2 30 58 0 5 12 5 12 2 0 58 2 2 40 2 12 0 0 0 109 0 2 4 0 5 0 0 2 0 0 0 5 2
0 4 4 4 4 4 2 54 4 8 2 4 54 6 2 8 36 4 4 105 4 4 4 2 2 34 105 2 36 5 2 4 105 2 4 4 0 5 4 0 36 34 4 4 2 2 4 8 36 4 4 5 2 6 2 4 34 105 4 4 2 34 54 4 5 8 5 8 2 4 54 2 2 36 2 8 4 4 4 105 4 2 0 4 5 4 4 2 4 4 4 5 2
33 29 29 29 29 29 31 87 29 41 31 29 87 35 31 41 69 29 29 138 29 29 29 31 31 59 138 31 69 34 31 29 138 31 29 29 33 34 29 33 69 59 29 29 31 31 29 41 69 29 29 34 31 35 31 29 59 138 29 29 31 59 87 29 34 41 34 41 31 29 87 31 31 69 31 41 29 29 29 138 29 31 33 29 34 29 29 31 29 29 29 34 31
4 0 0 0 0 0 2 58 0 12 2 0 58 6 2 12 40 0 0 109 0 0 0 2 2 30 109 2 40 5 2 0 109 2 0 0 4 5 0 4 40 30 0 0 2 2 0 12 40 0 0 5 2 6 2 0 30 109 0 0 2 30 58 0 5 12 5 12 2 0 58 2 2 40 2 12 0 0 0 109 0 2 4 0 5 0 0 2 0 0 0 5 2
0 4 4 4 4 4 2 54 4 8 2 4 54 6 2 8 36 4 4 105 4 4 4 2 2 34 105 2 36 5 2 4 105 2 4 4 0 5 4 0 36 34 4 4 2 2 4 8 36 4 4 5 2 6 2 4 34 105 4 4 2 34 54 4 5 8 5 8 2 4 54 2 2 36 2 8 4 4 4 105 4 2 0 4 5 4 4 2 4 4 4 5 2
9 9 9 9 9 9 7 63 9 17 7 9 63 11 7 17 45 9 9 114 9 9 9 7 7 39 114 7 45 10 7 9 114 7 9 9 9 10 9 9 45 39 9 9 7 7 9 17 45 9 9 10 7 11 7 9 39 114 9 9 7 39 63 9 10 17 10 17 7 9 63 7 7 45 7 17 9 9 9 114 9 7 9 9 10 9 9 7 9 9 9 10 7
0 4 4 4 4 4 2 54 4 8 2 4 54 6 2 8 36 4 4 105 4 4 4 2 2 34 105 2 36 5 2 4 105 2 4 4 0 5 4 0 36 34 4 4 2 2 4 8 36 4 4 5 2 6 2 4 34 105 4 4 2 34 54 4 5 8 5 8 2 4 54 2 2 36 2 8 4 4 4 105 4 2 0 4 5 4 4 2 4 4 4 5 2
5 5 5 5 5 5 3 59 5 13 3 5 59 1 3 13 41 5 5 110 5 5 5 3 3 35 110 3 41 0 3 5 110 3 5 5 5 0 5 5 41 35 5 5 3 3 5 13 41 5 5 0 3 1 3 5 35 110 5 5 3 35 59 5 0 13 0 13 3 5 59 3 3 41 3 13 5 5 5 110 5 3 5 5 0 5 5 3 5 5 5 0 3
4 0 0 0 0 0 2 58 0 12 2 0 58 6 2 12 40 0 0 109 0 0 0 2 2 30 109 2 40 5 2 0 109 2 0 0 4 5 0 4 40 30 0 0 2 2 0 12 40 0 0 5 2 6 2 0 30 109 0 0 2 30 58 0 5 12 5 12 2 0 58 2 2 40 2 12 0 0 0 109 0 2 4 0 5 0 0 2 0 0 0 5 2
4 0 0 0 0 0 2 58 0 12 2 0 58 6 2 12 40 0 0 109 0 0 0 2 2 30 109 2 40 5 2 0 109 2 0 0 4 5 0 4 40 30 0 0 2 2 0 12 40 0 0 5 2 6 2 0 30 109 0 0 2 30 58 0 5 12 5 12 2 0 58 2 2 40 2 12 0 0 0 109 0 2 4 0 5 0 0 2 0 0 0 5 2
0 4 4 4 4 4 2 54 4 8 2 4 54 6 2 8 36 4 4 105 4 4 4 2 2 34 105 2 36 5 2 4 105 2 4 4 0 5 4 0 36 34 4 4 2 2 4 8 36 4 4 5 2 6 2 4 34 105 4 4 2 34 54 4 5 8 5 8 2 4 54 2 2 36 2 8 4 4 4 105 4 2 0 4 5 4 4 2 4 4 4 5 2
54 58 58 58 58 58 56 0 58 62 56 58 0 60 56 62 18 58 58 159 58 58 58 56 56 88 159 56 18 59 56 58 159 56 58 58 54 59 58 54 18 88 58 58 56 56 58 62 18 58 58 59 56 60 56 58 88 159 58 58 56 88 0 58 59 62 59 62 56 58 0 56 56 18 56 62 58 58 58 159 58 56 54 58 59 58 58 56 58 58 58 59 56
0 4 4 4 4 4 2 54 4 8 2 4 54 6 2 8 36 4 4 105 4 4 4 2 2 34 105 2 36 5 2 4 105 2 4 4 0 5 4 0 36 34 4 4 2 2 4 8 36 4 4 5 2 6 2 4 34 105 4 4 2 34 54 4 5 8 5 8 2 4 54 2 2 36 2 8 4 4 4 105 4 2 0 4 5 4 4 2 4 4 4 5 2
0 4 4 4 4 4 2 54 4 8 2 4 54 6 2 8 36 4 4 105 4 4 4 2 2 34 105 2 36 5 2 4 105 2 4 4 0 5 4 0 36 34 4 4 2 2 4 8 36 4 4 5 2 6 2 4 34 105 4 4 2 34 54 4 5 8 5 8 2 4 54 2 2 36 2 8 4 4 4 105 4 2 0 4 5 4 4 2 4 4 4 5 2
4 0 0 0 0 0 2 58 0 12 2 0 58 6 2 12 40 0 0 109 0 0 0 2 2 30 109 2 40 5 2 0 109 2 0 0 4 5 0 4 40 30 0 0 2 2 0 12 40 0 0 5 2 6 2 0 30 109 0 0 2 30 58 0 5 12 5 12 2 0 58 2 2 40 2 12 0 0 0 109 0 2 4 0 5 0 0 2 0 0 0 5 2
0 4 4 4 4 4 2 54 4 8 2 4 54 6 2 8 36 4 4 105 4 4 4 2 2 34 105 2 36 5 2 4 105 2 4 4 0 5 4 0 36 34 4 4 2 2 4 8 36 4 4 5 2 6 2 4 34 105 4 4 2 34 54 4 5 8 5 8 2 4 54 2 2 36 2 8 4 4 4 105 4 2 0 4 5 4 4 2 4 4 4 5 2
187 191 191 191 191 191 189 169 191 195 189 191 169 193 189 195 151 191 191 292 191 191 191 189 189 221 292 189 151 192 189 191 292 189 191 191 187 192 191 187 151 221 191 191 189 189 191 195 151 191 191 192 189 193 189 191 221 292 191 191 189 221 169 191 192 195 192 195 189 191 169 189 189 151 189 195 191 191 191 292 191 189 187 191 192 191 191 189 191 191 191 192 189
7 3 3 3 3 3 5 61 3 15 5 3 61 9 5 15 43 3 3 112 3 3 3 5 5 33 112 5 43 8 5 3 112 5 3 3 7 8 3 7 43 33 3 3 5 5 3 15 43 3 3 8 5 9 5 3 33 112 3 3 5 33 61 3 8 15 8 15 5 3 61 5 5 43 5 15 3 3 3 112 3 5 7 3 8 3 3 5 3 3 3 8 5
4 0 0 0 0 0 2 58 0 12 2 0 58 6 2 12 40 0 0 109 0 0 0 2 2 30 109 2 40 5 2 0 109 2 0 0 4 5 0 4 40 30 0 0 2 2 0 12 40 0 0 5 2 6 2 0 30 109 0 0 2 30 58 0 5 12 5 12 2 0 58 2 2 40 2 12 0 0 0 109 0 2 4 0 5 0 0 2 0 0 0 5 2
5 5 5 5 5 5 3 59 5 13 3 5 59 1 3 13 41 5 5 110 5 5 5 3 3 35 110 3 41 0 3 5 110 3 5 5 5 0 5 5 41 35 5 5 3 3 5 13 41 5 5 0 3 1 3 5 35 110 5 5 3 35 59 5 0 13 0 13 3 5 59 3 3 41 3 13 5 5 5 110 5 3 5 5 0 5 5 3 5 5 5 0 3
2 2 2 2 2 2 0 56 2 10 0 2 56 4 0 10 38 2 2 107 2 2 2 0 0 32 107 0 38 3 0 2 107 0 2 2 2 3 2 2 38 32 2 2 0 0 2 10 38 2 2 3 0 4 0 2 32 107 2 2 0 32 56 2 3 10 3 10 0 2 56 0 0 38 0 10 2 2 2 107 2 0 2 2 3 2 2 0 2 2 2 3 0
5 5 5 5 5 5 3 59 5 13 3 5 59 1 3 13 41 5 5 110 5 5 5 3 3 35 110 3 41 0 3 5 110 3 5 5 5 0 5 5 41 35 5 5 3 3 5 13 41 5 5 0 3 1 3 5 35 110 5 5 3 35 59 5 0 13 0 13 3 5 59 3 3 41 3 13 5 5 5 110 5 3 5 5 0 5 5 3 5 5 5 0 3
4 0 0 0 0 0 2 58 0 12 2 0 58 6 2 12 40 0 0 109 0 0 0 2 2 30 109 2 40 5 2 0 109 2 0 0 4 5 0 4 40 30 0 0 2 2 0 12 40 0 0 5 2 6 2 0 30 109 0 0 2 30 58 0 5 12 5 12 2 0 58 2 2 40 2 12 0 0 0 109 0 2 4 0 5 0 0 2 0 0 0 5 2
6 6 6 6 6 6 4 60 6 14 4 6 60 0 4 14 42 6 6 111 6 6 6 4 4 36 111 4 42 1 4 6 111 4 6 6 6 1 6 6 42 36 6 6 4 4 6 14 42 6 6 1 4 0 4 6 36 111 6 6 4 36 60 6 1 14 1 14 4 6 60 4 4 42 4 14 6 6 6 111 6 4 6 6 1 6 6 4 6 6 6 1 4
0 4 4 4 4 4 2 54 4 8 2 4 54 6 2 8 36 4 4 105 4 4 4 2 2 34 105 2 36 5 2 4 105 2 4 4 0 5 4 0 36 34 4 4 2 2 4 8 36 4 4 5 2 6 2 4 34 105 4 4 2 34 54 4 5 8 5 8 2 4 54 2 2 36 2 8 4 4 4 105 4 2 0 4 5 4 4 2 4 4 4 5 2
0 4 4 4 4 4 2 54 4 8 2 4 54 6 2 8 36 4 4 105 4 4 4 2 2 34 105 2 36 5 2 4 105 2 4 4 0 5 4 0 36 34 4 4 2 2 4 8 36 4 4 5 2 6 2 4 34 105 4 4 2 34 54 4 5 8 5 8 2 4 54 2 2 36 2 8 4 4 4 105 4 2 0 4 5 4 4 2 4 4 4 5 2
5 5 5 5 5 5 3 59 5 13 3 5 59 1 3 13 41 5 5 110 5 5 5 3 3 35 110 3 41 0 3 5 110 3 5 5 5 0 5 5 41 35 5 5 3 3 5 13 41 5 5 0 3 1 3 5 35 110 5 5 3 35 59 5 0 13 0 13 3 5 59 3 3 41 3 13 5 5 5 110 5 3 5 5 0 5 5 3 5 5 5 0 3
0 4 4 4 4 4 2 54 4 8 2 4 54 6 2 8 36 4 4 105 4 4 4 2 2 34 105 2 36 5 2 4 105 2 4 4 0 5 4 0 36 34 4 4 2 2 4 8 36 4 4 5 2 6 2 4 34 105 4 4 2 34 54 4 5 8 5 8 2 4 54 2 2 36 2 8 4 4 4 105 4 2 0 4 5 4 4 2 4 4 4 5 2
36 40 40 40 40 40 38 18 40 44 38 40 18 42 38 44 0 40 40 141 40 40 40 38 38 70 141 38 0 41 38 40 141 38 40 40 36 41 40 36 0 70 40 40 38 38 40 44 0 40 40 41 38 42 38 40 70 141 40 40 38 70 18 40 41 44 41 44 38 40 18 38 38 0 38 44 40 40 40 141 40 38 36 40 41 40 40 38 40 40 40 41 38
8 12 12 12 12 12 10 62 12 0 10 12 62 14 10 0 44 12 12 113 12 12 12 10 10 42 113 10 44 13 10 12 113 10 12 12 8 13 12 8 44 42 12 12 10 10 12 0 44 12 12 13 10 14 10 12 42 113 12 12 10 42 62 12 13 0 13 0 10 12 62 10 10 44 10 0 12 12 12 113 12 10 8 12 13 12 12 10 12 12 12 13 10
5 5 5 5 5 5 3 59 5 13 3 5 59 1 3 13 41 5 5 110 5 5 5 3 3 35 110 3 41 0 3 5 110 3 5 5 5 0 5 5 41 35 5 5 3 3 5 13 41 5 5 0 3 1 3 5 35 110 5 5 3 35 59 5 0 13 0 13 3 5 59 3 3 41 3 13 5 5 5 110 5 3 5 5 0 5 5 3 5 5 5 0 3
4 0 0 0 0 0 2 58 0 12 2 0 58 6 2 12 40 0 0 109 0 0 0 2 2 30 109 2 40 5 2 0 109 2 0 0 4 5 0 4 40 30 0 0 2 2 0 12 40 0 0 5 2 6 2 0 30 109 0 0 2 30 58 0 5 12 5 12 2 0 58 2 2 40 2 12 0 0 0 109 0 2 4 0 5 0 0 2 0 0 0 5 2
5 5 5 5 5 5 3 59 5 13 3 5 59 1 3 13 41 5 5 110 5 5 5 3 3 35 110 3 41 0 3 5 110 3 5 5 5 0 5 5 41 35 5 5 3 3 5 13 41 5 5 0 3 1 3 5 35 110 5 5 3 35 59 5 0 13 0 13 3 5 59 3 3 41 3 13 5 5 5 110 5 3 5 5 0 5 5 3 5 5 5 0 3
0 4 4 4 4 4 2 54 4 8 2 4 54 6 2 8 36 4 4 105 4 4 4 2 2 34 105 2 36 5 2 4 105 2 4 4 0 5 4 0 36 34 4 4 2 2 4 8 36 4 4 5 2 6 2 4 34 105 4 4 2 34 54 4 5 8 5 8 2 4 54 2 2 36 2 8 4 4 4 105 4 2 0 4 5 4 4 2 4 4 4 5 2
5 5 5 5 5 5 3 59 5 13 3 5 59 1 3 13 41 5 5 110 5 5 5 3 3 35 110 3 41 0 3 5 110 3 5 5 5 0 5 5 41 35 5 5 3 3 5 13 41 5 5 0 3 1 3 5 35 110 5 5 3 35 59 5 0 13 0 13 3 5 59 3 3 41 3 13 5 5 5 110 5 3 5 5 0 5 5 3 5 5 5 0 3
4 0 0 0 0 0 2 58 0 12 2 0 58 6 2 12 40 0 0 109 0 0 0 2 2 30 109 2 40 5 2 0 109 2 0 0 4 5 0 4 40 30 0 0 2 2 0 12 40 0 0 5 2 6 2 0 30 109 0 0 2 30 58 0 5 12 5 12 2 0 58 2 2 40 2 12 0 0 0 109 0 2 4 0 5 0 0 2 0 0 0 5 2
0 4 4 4 4 4 2 54 4 8 2 4 54 6 2 8 36 4 4 105 4 4 4 2 2 34 105 2 36 5 2 4 105 2 4 4 0 5 4 0 36 34 4 4 2 2 4 8 36 4 4 5 2 6 2 4 34 105 4 4 2 34 54 4 5 8 5 8 2 4 54 2 2 36 2 8 4 4 4 105 4 2 0 4 5 4 4 2 4 4 4 5 2
4 0 0 0 0 0 2 58 0 12 2 0 58 6 2 12 40 0 0 109 0 0 0 2 2 30 109 2 40 5 2 0 109 2 0 0 4 5 0 4 40 30 0 0 2 2 0 12 40 0 0 5 2 6 2 0 30 109 0 0 2 30 58 0 5 12 5 12 2 0 58 2 2 40 2 12 0 0 0 109 0 2 4 0 5 0 0 2 0 0 0 5 2
8 12 12 12 12 12 10 62 12 0 10 12 62 14 10 0 44 12 12 113 12 12 12 10 10 42 113 10 44 13 10 12 113 10 12 12 8 13 12 8 44 42 12 12 10 10 12 0 44 12 12 13 10 14 10 12 42 113 12 12 10 42 62 12 13 0 13 0 10 12 62 10 10 44 10 0 12 12 12 113 12 10 8 12 13 12 12 10 12 12 12 13 10
4 0 0 0 0 0 2 58 0 12 2 0 58 6 2 12 40 0 0 109 0 0 0 2 2 30 109 2 40 5 2 0 109 2 0 0 4 5 0 4 40 30 0 0 2 2 0 12 40 0 0 5 2 6 2 0 30 109 0 0 2 30 58 0 5 12 5 12 2 0 58 2 2 40 2 12 0 0 0 109 0 2 4 0 5 0 0 2 0 0 0 5 2
36 40 40 40 40 40 38 18 40 44 38 40 18 42 38 44 0 40 40 141 40 40 40 38 38 70 141 38 0 41 38 40 141 38 40 40 36 41 40 36 0 70 40 40 38 38 40 44 0 40 40 41 38 42 38 40 70 141 40 40 38 70 18 40 41 44 41 44 38 40 18 38 38 0 38 44 40 40 40 141 40 38 36 40 41 40 40 38 40 40 40 41 38
0 4 4 4 4 4 2 54 4 8 2 4 54 6 2 8 36 4 4 105 4 4 4 2 2 34 105 2 36 5 2 4 105 2 4 4 0 5 4 0 36 34 4 4 2 2 4 8 36 4 4 5 2 6 2 4 34 105 4 4 2 34 54 4 5 8 5 8 2 4 54 2 2 36 2 8 4 4 4 105 4 2 0 4 5 4 4 2 4 4 4 5 2
5 5 5 5 5 5 3 59 5 13 3 5 59 1 3 13 41 5 5 110 5 5 5 3 3 35 110 3 41 0 3 5 110 3 5 5 5 0 5 5 41 35 5 5 3 3 5 13 41 5 5 0 3 1 3 5 35 110 5 5 3 35 59 5 0 13 0 13 3 5 59 3 3 41 3 13 5 5 5 110 5 3 5 5 0 5 5 3 5 5 5 0 3
4 0 0 0 0 0 2 58 0 12 2 0 58 6 2 12 40 0 0 109 0 0 0 2 2 30 109 2 40 5 2 0 109 2 0 0 4 5 0 4 40 30 0 0 2 2 0 12 40 0 0 5 2 6 2 0 30 109 0 0 2 30 58 0 5 12 5 12 2 0 58 2 2 40 2 12 0 0 0 109 0 2 4 0 5 0 0 2 0 0 0 5 2
5 5 5 5 5 5 3 59 5 13 3 5 59 1 3 13 41 5 5 110 5 5 5 3 3 35 110 3 41 0 3 5 110 3 5 5 5 0 5 5 41 35 5 5 3 3 5 13 41 5 5 0 3 1 3 5 35 110 5 5 3 35 59 5 0 13 0 13 3 5 59 3 3 41 3 13 5 5 5 110 5 3 5 5 0 5 5 3 5 5 5 0 3
0 4 4 4 4 4 2 54 4 8 2 4 54 6 2 8 36 4 4 105 4 4 4 2 2 34 105 2 36 5 2 4 105 2 4 4 0 5 4 0 36 34 4 4 2 2 4 8 36 4 4 5 2 6 2 4 34 105 4 4 2 34 54 4 5 8 5 8 2 4 54 2 2 36 2 8 4 4 4 105 4 2 0 4 5 4 4 2 4 4 4 5 2
36 40 40 40 40 40 38 18 40 44 38 40 18 42 38 44 0 40 40 141 40 40 40 38 38 70 141 38 0 41 38 40 141 38 40 40 36 41 40 36 0 70 40 40 38 38 40 44 0 40 40 41 38 42 38 40 70 141 40 40 38 70 18 40 41 44 41 44 38 40 18 38 38 0 38 44 40 40 40 141 40 38 36 40 41 40 40 38 40 40 40 41 38
5 5 5 5 5 5 3 59 5 13 3 5 59 1 3 13 41 5 5 110 5 5 5 3 3 35 110 3 41 0 3 5 110 3 5 5 5 0 5 5 41 35 5 5 3 3 5 13 41 5 5 0 3 1 3 5 35 110 5 5 3 35 59 5 0 13 0 13 3 5 59 3 3 41 3 13 5 5 5 110 5 3 5 5 0 5 5 3 5 5 5 0 3
0 4 4 4 4 4 2 54 4 8 2 4 54 6 2 8 36 4 4 105 4 4 4 2 2 34 105 2 36 5 2 4 105 2 4 4 0 5 4 0 36 34 4 4 2 2 4 8 36 4 4 5 2 6 2 4 34 105 4 4 2 34 54 4 5 8 5 8 2 4 54 2 2 36 2 8 4 4 4 105 4 2 0 4 5 4 4 2 4 4 4 5 2
0 4 4 4 4 4 2 54 4 8 2 4 54 6 2 8 36 4 4 105 4 4 4 2 2 34 105 2 36 5 2 4 105 2 4 4 0 5 4 0 36 34 4 4 2 2 4 8 36 4 4 5 2 6 2 4 34 105 4 4 2 34 54 4 5 8 5 8 2 4 54 2 2 36 2 8 4 4 4 105 4 2 0 4 5 4 4 2 4 4 4 5 2
34 30 30 30 30 30 32 88 30 42 32 30 88 36 32 42 70 30 30 139 30 30 30 32 32 0 139 32 70 35 32 30 139 32 30 30 34 35 30 34 70 0 30 30 32 32 30 42 70 30 30 35 32 36 32 30 0 139 30 30 32 0 88 30 35 42 35 42 32 30 88 32 32 70 32 42 30 30 30 139 30 32 34 30 35 30 30 32 30 30 30 35 32
4 0 0 0 0 0 2 58 0 12 2 0 58 6 2 12 40 0 0 109 0 0 0 2 2 30 109 2 40 5 2 0 109 2 0 0 4 5 0 4 40 30 0 0 2 2 0 12 40 0 0 5 2 6 2 0 30 109 0 0 2 30 58 0 5 12 5 12 2 0 58 2 2 40 2 12 0 0 0 109 0 2 4 0 5 0 0 2 0 0 0 5 2
4 0 0 0 0 0 2 58 0 12 2 0 58 6 2 12 40 0 0 109 0 0 0 2 2 30 109 2 40 5 2 0 109 2 0 0 4 5 0 4 40 30 0 0 2 2 0 12 40 0 0 5 2 6 2 0 30 109 0 0 2 30 58 0 5 12 5 12 2 0 58 2 2 40 2 12 0 0 0 109 0 2 4 0 5 0 0 2 0 0 0 5 2
0 4 4 4 4 4 2 54 4 8 2 4 54 6 2 8 36 4 4 105 4 4 4 2 2 34 105 2 36 5 2 4 105 2 4 4 0 5 4 0 36 34 4 4 2 2 4 8 36 4 4 5 2 6 2 4 34 105 4 4 2 34 54 4 5 8 5 8 2 4 54 2 2 36 2 8 4 4 4 105 4 2 0 4 5 4 4 2 4 4 4 5 2
79 79 79 79 79 79 77 133 79 87 77 79 133 81 77 87 115 79 79 184 79 79 79 77 77 109 184 77 115 80 77 79 184 77 79 79 79 80 79 79 115 109 79 79 77 77 79 87 115 79 79 80 77 81 77 79 109 184 79 79 77 109 133 79 80 87 80 87 77 79 133 77 77 115 77 87 79 79 79 184 79 77 79 79 80 79 79 77 79 79 79 80 77
4 0 0 0 0 0 2 58 0 12 2 0 58 6 2 12 40 0 0 109 0 0 0 2 2 30 109 2 40 5 2 0 109 2 0 0 4 5 0 4 40 30 0 0 2 2 0 12 40 0 0 5 2 6 2 0 30 109 0 0 2 30 58 0 5 12 5 12 2 0 58 2 2 40 2 12 0 0 0 109 0 2 4 0 5 0 0 2 0 0 0 5 2
6 6 6 6 6 6 4 60 6 14 4 6 60 0 4 14 42 6 6 111 6 6 6 4 4 36 111 4 42 1 4 6 111 4 6 6 6 1 6 6 42 36 6 6 4 4 6 14 42 6 6 1 4 0 4 6 36 111 6 6 4 36 60 6 1 14 1 14 4 6 60 4 4 42 4 14 6 6 6 111 6 4 6 6 1 6 6 4 6 6 6 1 4
5 5 5 5 5 5 3 59 5 13 3 5 59 1 3 13 41 5 5 110 5 5 5 3 3 35 110 3 41 0 3 5 110 3 5 5 5 0 5 5 41 35 5 5 3 3 5 13 41 5 5 0 3 1 3 5 35 110 5 5 3 35 59 5 0 13 0 13 3 5 59 3 3 41 3 13 5 5 5 110 5 3 5 5 0 5 5 3 5 5 5 0 3
4 0 0 0 0 0 2 58 0 12 2 0 58 6 2 12 40 0 0 109 0 0 0 2 2 30 109 2 40 5 2 0 109 2 0 0 4 5 0 4 40 30 0 0 2 2 0 12 40 0 0 5 2 6 2 0 30 109 0 0 2 30 58 0 5 12 5 12 2 0 58 2 2 40 2 12 0 0 0 109 0 2 4 0 5 0 0 2 0 0 0 5 2
4 0 0 0 0 0 2 58 0 12 2 0 58 6 2 12 40 0 0 109 0 0 0 2 2 30 109 2 40 5 2 0 109 2 0 0 4 5 0 4 40 30 0 0 2 2 0 12 40 0 0 5 2 6 2 0 30 109 0 0 2 30 58 0 5 12 5 12 2 0 58 2 2 40 2 12 0 0 0 109 0 2 4 0 5 0 0 2 0 0 0 5 2
4 0 0 0 0 0 2 58 0 12 2 0 58 6 2 12 40 0 0 109 0 0 0 2 2 30 109 2 40 5 2 0 109 2 0 0 4 5 0 4 40 30 0 0 2 2 0 12 40 0 0 5 2 6 2 0 30 109 0 0 2 30 58 0 5 12 5 12 2 0 58 2 2 40 2 12 0 0 0 109 0 2 4 0 5 0 0 2 0 0 0 5 2
4 0 0 0 0 0 2 58 0 12 2 0 58 6 2 12 40 0 0 109 0 0 0 2 2 30 109 2 40 5 2 0 109 2 0 0 4 5 0 4 40 30 0 0 2 2 0 12 40 0 0 5 2 6 2 0 30 109 0 0 2 30 58 0 5 12 5 12 2 0 58 2 2 40 2 12 0 0 0 109 0 2 4 0 5 0 0 2 0 0 0 5 2
4 0 0 0 0 0 2 58 0 12 2 0 58 6 2 12 40 0 0 109 0 0 0 2 2 30 109 2 40 5 2 0 109 2 0 0 4 5 0 4 40 30 0 0 2 2 0 12 40 0 0 5 2 6 2 0 30 109 0 0 2 30 58 0 5 12 5 12 2 0 58 2 2 40 2 12 0 0 0 109 0 2 4 0 5 0 0 2 0 0 0 5 2
4 0 0 0 0 0 2 58 0 12 2 0 58 6 2 12 40 0 0 109 0 0 0 2 2 30 109 2 40 5 2 0 109 2 0 0 4 5 0 4 40 30 0 0 2 2 0 12 40 0 0 5 2 6 2 0 30 109 0 0 2 30 58 0 5 12 5 12 2 0 58 2 2 40 2 12 0 0 0 109 0 2 4 0 5 0 0 2 0 0 0 5 2
6 6 6 6 6 6 4 60 6 14 4 6 60 0 4 14 42 6 6 111 6 6 6 4 4 36 111 4 42 1 4 6 111 4 6 6 6 1 6 6 42 36 6 6 4 4 6 14 42 6 6 1 4 0 4 6 36 111 6 6 4 36 60 6 1 14 1 14 4 6 60 4 4 42 4 14 6 6 6 111 6 4 6 6 1 6 6 4 6 6 6 1 4
4 0 0 0 0 0 2 58 0 12 2 0 58 6 2 12 40 0 0 109 0 0 0 2 2 30 109 2 40 5 2 0 109 2 0 0 4 5 0 4 40 30 0 0 2 2 0 12 40 0 0 5 2 6 2 0 30 109 0 0 2 30 58 0 5 12 5 12 2 0 58 2 2 40 2 12 0 0 0 109 0 2 4 0 5 0 0 2 0 0 0 5 2
