1

100
407.00 805.00
514.00 603.00
974.00 666.00
100.00 129.00
733.00 704.00
266.00 607.00
973.00 602.00
242.00 94.00
538.00 296.00
284.00 466.00
584.00 447.00
580.00 81.00
380.00 57.00
344.00 906.00
207.00 989.00
45.00 778.00
794.00 723.00
545.00 769.00
553.00 646.00
62.00 286.00
515.00 328.00
57.00 488.00
95.00 300.00
582.00 633.00
597.00 867.00
263.00 181.00
477.00 7.00
426.00 22.00
228.00 934.00
929.00 435.00
923.00 974.00
377.00 882.00
698.00 923.00
651.00 415.00
570.00 877.00
701.00 249.00
369.00 758.00
737.00 464.00
222.00 483.00
98.00 819.00
514.00 525.00
164.00 992.00
532.00 754.00
14.00 761.00
688.00 943.00
360.00 612.00
82.00 737.00
658.00 944.00
661.00 310.00
359.00 395.00
187.00 224.00
644.00 557.00
146.00 545.00
186.00 368.00
29.00 448.00
351.00 706.00
973.00 679.00
699.00 669.00
433.00 877.00
594.00 121.00
984.00 954.00
897.00 67.00
856.00 555.00
175.00 681.00
29.00 697.00
76.00 380.00
85.00 884.00
101.00 395.00
593.00 288.00
763.00 786.00
736.00 278.00
492.00 873.00
957.00 355.00
543.00 554.00
233.00 138.00
676.00 218.00
256.00 737.00
448.00 113.00
293.00 787.00
794.00 486.00
485.00 34.00
867.00 734.00
82.00 132.00
129.00 676.00
420.00 56.00
626.00 320.00
334.00 118.00
193.00 455.00
474.00 900.00
9.00 871.00
38.00 849.00
89.00 458.00
586.00 701.00
571.00 879.00
488.00 529.00
529.00 137.00
728.00 396.00
871.00 810.00
529.00 164.00
650.00 113.00
