0
1
2
3
4
5
6
7
8
9
10
11
12
13
14
15
16
17
18
19
20
20
22
23
23
25
26
26
28
29
29
30
31
33
33
34
36
36
37
39
40
40
41
42
44
45
46
47
48
49
50
50
51
52
53
55
56
56
58
59
59
60
61
62
63
64
66
66
67
69
70
70
71
72
73
74
75
77
78
79
80
80
81
82
83
84
85
86
88
89
89
90
91
92
93
94
95
96
97
99
100
100
101
102
103
104
105
106
107
108
110
111
112
113
114
115
116
117
118
119
120
120
122
123
123
125
126
126
128
129
129
130
131
133
133
134
136
136
137
139
140
140
141
142
144
145
146
147
148
149
150
150
151
152
153
155
156
156
158
159
159
160
161
162
163
164
166
166
167
169
170
170
171
172
173
174
175
177
178
179
180
180
181
182
183
184
185
186
188
189
189
190
191
192
193
194
195
196
197
199
200
