100
110 50 5
57 13 22
59 222 17
199 155 3
136 234 9
136 131 22
193 221 10
72 20 12
71 77 4
67 36 22
172 130 17
144 38 18
109 21 11
48 206 6
105 205 14
185 239 20
126 213 22
148 164 5
77 164 18
151 57 11
10 300 3
83 117 16
117 287 5
41 276 21
192 68 5
127 268 20
59 187 21
118 83 17
17 187 3
44 48 12
92 289 16
155 87 14
145 288 16
142 204 10
6 1 12
194 48 10
4 110 20
12 94 18
42 134 13
42 75 8
77 131 12
149 134 19
180 118 9
196 295 9
10 43 17
56 268 19
138 19 22
154 235 3
113 216 16
38 179 12
14 142 10
77 54 13
7 267 9
39 103 3
191 276 4
103 186 20
98 63 4
185 198 19
107 153 17
27 40 22
154 112 22
17 223 13
88 270 8
121 19 16
21 201 4
174 152 18
11 22 14
168 256 11
100 90 7
47 144 15
194 15 13
161 18 17
92 229 19
154 6 10
83 1 19
61 123 18
175 183 7
71 106 7
68 236 22
106 276 16
32 265 12
161 42 21
194 106 22
88 209 22
51 24 18
142 86 16
25 6 18
30 167 9
198 192 10
182 174 10
118 168 13
178 220 14
147 264 17
68 144 21
20 254 15
200 1 19
112 1 22
61 168 7
68 4 19
156 299 16
