200
19 224 45
69 135 31
105 72 33
30 144 38
79 211 3
198 242 26
56 265 34
53 103 32
179 117 13
67 11 23
188 93 35
136 92 19
185 75 23
91 247 15
78 30 14
191 159 4
77 123 28
199 95 36
128 152 3
142 146 5
115 8 7
91 143 11
167 44 6
139 178 16
63 57 32
135 207 16
78 300 26
57 176 21
176 193 37
17 116 47
34 80 37
114 292 43
193 1 15
44 38 24
182 280 49
183 59 23
100 294 43
6 272 23
50 52 31
198 222 14
143 10 26
53 3 34
125 71 29
80 80 40
88 267 30
8 45 16
69 184 29
126 231 6
31 179 39
10 134 35
86 1 27
24 275 20
40 300 47
98 56 37
98 181 9
2 192 33
19 26 31
193 133 19
23 250 39
77 155 20
144 286 38
114 266 26
107 242 24
98 205 11
186 33 7
60 46 32
119 201 29
53 84 40
160 85 29
118 134 9
182 247 23
160 241 35
117 39 31
44 286 38
150 106 10
61 143 30
129 54 29
110 156 4
34 237 37
31 196 33
17 181 33
157 185 31
199 300 31
12 94 47
26 40 21
78 279 40
90 109 18
161 119 21
147 214 13
5 226 39
20 75 41
165 17 30
171 81 28
61 278 36
127 269 23
4 169 24
72 252 25
171 300 34
4 116 41
40 214 38
54 252 32
77 170 26
43 124 23
131 298 42
28 166 41
3 253 33
23 134 35
80 60 24
50 154 26
199 64 18
200 211 13
200 20 16
96 277 30
196 48 18
194 262 36
3 296 39
34 12 44
18 238 43
133 31 25
19 2 47
147 59 26
3 1 43
176 131 16
135 258 16
56 300 44
157 275 34
1 14 41
100 35 20
35 261 28
25 55 27
94 194 15
168 270 39
4 155 18
100 93 28
144 73 33
36 59 30
168 182 34
2 211 41
103 129 20
174 222 35
3 82 48
114 105 16
50 191 22
114 82 31
40 271 28
192 183 23
55 30 23
158 292 40
22 294 34
76 47 27
130 110 24
173 3 20
110 52 34
118 62 30
195 120 25
159 70 30
127 175 12
168 109 20
137 222 15
185 299 38
134 189 21
187 233 22
28 105 40
75 97 31
146 299 35
200 278 48
22 211 46
156 4 26
64 118 32
158 209 18
140 43 26
161 255 33
45 164 28
77 242 24
63 157 25
148 197 25
103 261 29
93 10 26
69 69 29
200 80 26
180 209 26
200 192 19
120 253 25
87 44 25
47 233 39
64 235 29
80 15 23
139 128 8
46 64 29
149 25 27
55 128 25
47 142 29
35 1 44
1 237 38
64 93 31
100 228 17
158 158 21
135 245 15
175 92 29
18 196 37
