200
181 222 16
151 264 3
97 227 7
93 93 16
181 201 18
26 274 5
118 106 4
83 173 3
22 213 8
84 66 16
165 42 17
25 248 13
138 291 3
46 207 8
200 178 18
43 294 5
63 2 7
10 46 11
113 254 13
77 203 10
82 255 13
44 54 5
122 144 13
27 152 5
98 146 16
168 248 4
125 10 5
188 75 7
164 62 14
127 65 4
40 242 17
137 166 19
31 193 3
70 27 5
135 118 12
90 289 15
47 36 7
10 135 15
199 12 14
133 228 10
57 149 3
29 169 3
159 300 3
43 92 5
97 120 14
42 129 10
98 36 5
13 11 7
61 288 4
145 186 12
154 120 18
2 185 7
189 3 18
100 300 14
142 240 11
89 108 11
154 285 8
182 152 4
82 269 18
22 125 5
76 113 17
192 128 12
159 144 16
197 105 7
101 6 5
115 24 5
131 249 18
89 55 12
4 292 6
33 65 3
113 161 17
54 178 7
200 264 16
9 104 7
158 80 10
177 299 10
123 47 3
7 80 12
16 91 15
8 229 4
107 275 15
142 6 3
106 216 14
115 75 3
91 206 9
152 63 16
69 59 17
169 128 16
117 200 12
142 134 19
173 274 7
129 155 11
125 298 4
50 161 3
137 29 3
138 87 15
183 180 18
41 110 4
10 30 17
41 147 3
200 45 4
125 268 16
57 242 8
192 297 13
182 95 5
196 214 13
166 215 9
96 185 3
88 128 17
68 163 8
1 152 16
196 228 16
79 237 9
104 205 12
76 4 11
156 172 17
62 78 15
48 261 8
102 264 18
185 286 17
66 138 3
41 225 6
172 32 12
4 91 12
68 219 3
172 1 9
151 205 3
61 194 3
50 12 3
6 203 16
8 253 11
76 89 17
34 2 11
180 17 19
78 49 10
183 248 3
161 233 3
19 183 3
72 184 4
26 295 3
22 41 9
199 138 8
163 98 18
185 34 8
103 136 14
33 14 8
112 174 11
18 79 13
196 195 11
142 76 19
95 273 18
160 25 7
157 158 13
115 240 6
1 123 9
193 64 11
57 112 6
147 47 13
2 273 5
200 277 16
82 299 16
108 62 4
104 286 16
200 244 8
94 20 4
108 91 9
120 212 16
196 163 8
2 19 12
161 182 17
4 66 16
175 189 15
148 94 19
35 263 14
74 73 18
132 182 19
176 117 13
66 45 8
66 272 6
1 4 14
183 268 10
68 100 15
11 163 10
200 79 12
120 283 5
133 199 11
1 170 15
49 280 3
22 259 15
87 81 19
36 30 13
86 158 6
115 133 18
28 101 6
12 148 15
140 106 14
72 246 12
200 1 15
47 74 6
23 234 6
