200
47 140 12
152 117 20
85 110 16
119 82 22
79 269 14
43 37 12
196 198 19
5 137 10
165 160 16
57 88 8
16 105 3
190 161 15
46 106 6
30 86 6
129 178 17
197 138 18
107 53 13
112 268 10
75 200 10
100 165 10
173 17 9
144 35 12
81 83 6
128 274 22
85 6 9
169 262 5
142 225 14
102 119 14
9 12 14
126 155 13
129 242 16
61 286 17
180 201 11
124 16 6
192 54 5
19 264 9
64 39 5
22 181 21
149 62 4
57 231 12
173 239 3
111 291 19
61 176 10
49 261 4
143 184 10
73 128 13
121 198 13
171 294 21
186 87 15
116 106 10
18 286 4
32 32 8
86 292 14
164 226 3
83 180 5
2 181 22
13 51 4
144 247 19
120 132 20
191 4 5
190 292 14
100 290 19
198 258 14
54 5 8
172 60 9
142 164 15
195 97 21
105 26 11
28 132 17
114 185 9
2 226 18
129 35 19
37 148 9
148 300 6
83 240 5
12 246 19
76 218 3
100 63 16
193 223 3
152 14 6
142 82 10
47 298 14
171 107 18
9 77 8
167 126 11
22 203 21
42 194 11
133 95 14
10 299 5
197 278 18
98 42 20
65 58 6
194 111 15
85 63 21
99 230 19
127 221 18
85 19 14
42 235 10
37 68 7
197 80 8
160 29 18
180 145 17
155 173 16
8 158 19
65 114 10
163 6 13
69 160 13
20 3 9
5 32 10
44 164 3
108 155 10
194 177 7
195 242 7
121 234 16
97 154 9
125 295 11
181 112 20
45 218 20
65 250 4
148 265 11
5 193 19
182 277 20
36 206 12
145 99 14
177 178 19
193 32 10
158 275 16
158 198 3
95 276 15
99 250 6
182 29 11
100 201 4
126 119 19
103 79 10
140 130 11
28 54 4
65 97 11
97 17 12
108 140 19
120 257 12
9 212 20
110 68 17
17 230 22
67 144 14
51 25 18
183 124 19
75 280 12
81 43 7
200 299 18
60 130 11
130 2 3
52 279 18
1 100 7
40 282 14
175 71 9
16 125 11
7 259 13
122 55 12
35 14 22
31 220 21
68 3 16
148 143 18
104 220 20
178 223 4
71 299 14
12 171 19
145 276 13
144 203 3
17 29 12
192 149 16
48 51 20
23 241 20
136 48 10
52 70 16
154 91 11
55 186 9
114 247 15
138 286 17
110 1 3
183 300 14
94 132 20
165 42 14
16 138 10
200 125 19
127 105 11
134 260 17
68 20 7
133 142 15
63 196 14
30 107 4
2 1 17
2 282 3
171 86 12
98 92 17
81 147 13
56 207 16
25 300 3
6 88 11
23 156 13
164 139 9
