100
76 269 15
10 254 21
156 261 16
24 191 4
180 47 35
75 68 26
84 99 37
83 10 26
49 39 4
174 27 23
77 112 34
137 278 5
139 230 25
125 143 32
28 122 11
171 63 22
33 159 34
101 105 33
153 95 30
180 176 39
7 293 9
54 230 14
37 242 21
139 164 27
7 59 36
26 1 11
134 298 9
48 128 4
2 210 10
42 261 14
91 300 16
48 11 5
139 71 35
148 215 28
127 56 39
115 83 27
18 236 17
2 149 14
192 228 23
112 35 19
129 246 20
172 245 14
108 258 24
158 150 8
143 23 25
50 188 25
199 53 29
66 252 31
121 7 6
177 225 22
92 54 33
181 267 29
158 123 25
78 218 21
113 187 30
181 14 31
152 39 13
15 271 22
53 89 25
122 68 38
113 242 28
200 250 28
152 172 18
11 218 12
195 152 16
130 188 25
99 24 29
195 86 16
194 136 10
195 113 20
196 296 20
79 133 21
124 163 20
8 93 33
110 167 17
13 205 8
21 300 18
78 289 15
139 177 21
129 109 32
38 79 31
67 203 36
3 36 16
77 166 24
132 209 15
96 12 26
163 8 30
112 99 33
8 124 19
185 196 35
79 186 22
128 93 27
80 243 33
195 14 31
181 294 29
161 281 10
97 243 23
62 147 14
88 270 19
192 184 35
