100
31 3 44
149 126 46
122 68 41
75 146 39
101 277 9
115 28 33
96 238 6
51 254 24
115 183 42
150 70 26
170 195 22
21 63 40
88 202 21
85 7 44
29 137 24
69 70 48
8 61 42
184 135 23
188 149 31
182 4 22
145 83 21
55 109 21
123 134 31
24 216 29
31 246 40
143 53 23
160 269 35
44 204 37
8 289 5
13 155 45
25 80 49
181 40 6
95 287 9
175 278 29
110 207 23
139 285 25
173 107 28
174 164 22
51 37 45
53 292 19
162 187 24
1 11 37
30 104 43
69 199 28
179 251 40
125 296 32
5 210 30
70 167 36
92 171 45
172 20 7
49 6 46
190 186 15
43 147 32
134 24 20
132 181 31
20 31 16
137 94 22
49 52 48
184 82 5
77 23 46
26 171 30
78 290 13
154 19 21
188 271 23
125 149 26
69 116 29
110 164 36
11 182 41
22 275 19
143 261 42
197 1 21
191 232 44
129 6 20
89 18 46
50 72 48
162 63 20
171 300 48
59 214 42
199 57 14
1 236 32
40 182 27
108 135 40
161 2 23
95 43 34
72 135 41
15 230 23
54 271 25
48 230 45
3 107 20
104 96 39
199 113 32
97 149 26
47 165 37
140 225 17
64 32 38
140 147 33
174 231 47
35 281 28
140 199 34
197 289 22
