100
69 204 13
76 97 8
167 68 5
159 209 4
125 246 19
35 115 6
19 135 16
155 282 19
49 52 9
124 60 19
144 233 15
164 160 14
134 265 14
85 225 17
44 291 17
187 259 5
131 155 4
52 194 16
21 190 4
52 234 8
163 114 11
73 171 9
6 273 11
8 55 5
126 205 6
190 116 12
75 188 17
93 1 11
154 21 5
113 235 20
125 99 15
144 291 19
98 59 19
136 133 9
115 12 17
159 180 14
128 221 15
200 283 6
17 164 19
117 29 5
187 39 9
61 103 17
102 155 21
193 182 5
113 278 18
62 74 22
194 212 15
53 146 16
35 48 18
199 57 19
141 93 12
113 74 6
178 2 5
23 220 18
159 300 8
91 113 10
106 123 20
179 134 22
67 221 20
17 295 19
40 154 22
117 173 10
1 10 19
68 39 10
9 243 22
61 298 21
140 31 3
156 230 11
22 79 8
69 264 5
17 151 14
166 140 18
42 21 19
176 105 16
40 245 20
12 229 21
36 35 19
28 24 17
14 103 22
128 1 8
51 86 12
48 4 6
185 294 7
196 4 5
1 171 15
105 295 9
100 258 17
1 139 14
31 229 19
143 200 5
181 221 11
82 39 11
91 73 10
163 89 20
97 192 9
185 78 20
59 26 11
127 43 6
72 143 15
76 288 8
