200
39 297 11
9 100 7
49 204 30
156 146 33
158 17 35
99 232 14
166 171 28
21 199 16
95 46 7
130 86 22
173 288 38
10 2 31
171 81 4
122 158 42
103 263 14
84 108 42
147 74 12
89 249 13
1 71 4
32 27 30
144 200 39
63 268 10
77 18 13
133 69 17
12 297 24
97 83 42
96 296 9
198 64 10
84 152 27
92 142 24
164 272 42
188 23 8
173 117 8
57 47 37
39 14 36
75 170 18
5 171 8
20 81 4
85 196 37
110 23 30
138 14 31
114 111 41
29 218 16
149 296 38
58 220 41
11 280 26
56 254 14
129 264 15
188 199 15
169 45 15
81 60 21
183 181 20
114 64 27
27 256 37
44 94 5
146 176 20
192 88 11
146 51 19
187 230 23
57 162 31
127 111 36
104 171 31
77 273 18
83 225 22
131 136 41
158 250 32
69 186 30
93 12 16
23 242 36
192 127 3
40 283 14
141 280 31
33 193 20
175 269 40
67 115 33
16 140 29
6 231 38
122 252 23
16 35 40
33 63 23
171 247 28
125 202 35
131 286 30
71 247 26
1 22 35
56 3 25
39 120 10
159 217 33
180 297 35
162 183 32
100 204 37
115 300 17
200 247 26
115 138 38
191 212 22
3 255 35
27 12 40
183 50 14
148 25 34
196 177 25
70 145 18
16 110 11
1 36 37
185 278 35
197 264 32
184 248 29
31 156 34
23 175 22
184 104 15
123 26 25
80 295 15
144 102 35
113 3 21
123 226 21
46 65 19
42 1 29
26 115 12
199 284 29
29 43 39
103 101 35
121 186 25
90 176 23
2 243 36
94 26 23
199 3 18
145 259 22
145 240 29
91 286 8
48 21 35
179 5 24
109 246 22
173 212 29
118 79 25
159 287 35
174 158 21
197 162 21
40 170 30
36 240 31
133 149 36
200 96 13
66 299 13
156 60 12
65 85 23
153 5 37
197 53 11
2 146 20
50 134 23
98 120 39
149 161 22
44 40 34
162 300 36
13 247 36
55 186 35
12 185 14
108 158 35
142 116 34
13 16 33
155 42 24
2 122 24
122 12 24
62 69 29
72 205 40
74 77 23
138 1 37
25 282 23
200 300 39
2 215 38
69 7 17
49 150 33
1 271 33
161 204 29
139 223 20
127 241 23
120 126 40
123 54 27
200 222 16
194 148 12
34 205 20
12 266 28
49 264 18
58 28 31
134 42 28
169 141 27
171 231 24
200 195 19
141 131 41
58 290 16
83 132 29
179 34 12
166 105 16
117 36 27
120 285 29
200 79 12
90 94 39
182 167 20
200 19 10
44 228 30
15 153 22
22 1 35
65 231 34
