200
175 80 10
169 12 19
67 244 16
9 23 5
7 104 6
52 122 15
79 34 8
25 277 5
197 4 17
156 155 11
88 144 13
183 5 16
111 33 17
165 216 16
12 60 17
5 180 3
159 100 6
81 127 17
96 127 15
178 58 3
160 285 19
3 216 12
8 250 5
61 223 17
184 137 5
22 128 3
146 208 19
170 29 16
60 85 8
23 218 17
104 117 15
200 184 8
156 299 16
138 244 13
34 162 10
127 6 9
101 299 8
86 227 14
55 66 7
120 158 7
187 264 11
197 98 5
62 283 14
89 64 10
110 238 4
152 1 8
55 192 8
6 161 5
107 132 15
181 42 5
133 87 13
141 44 6
149 118 3
197 163 4
113 59 19
40 65 14
35 89 7
118 285 9
45 18 11
166 169 14
96 16 13
199 202 17
64 24 16
78 21 13
148 93 13
59 50 3
45 35 11
180 238 6
35 107 15
193 65 3
84 3 16
182 118 3
179 199 12
162 265 7
162 183 7
84 173 11
157 49 3
55 140 16
84 211 15
121 81 9
131 199 19
44 216 9
25 3 4
108 101 10
103 198 16
154 22 8
200 282 16
146 264 15
17 298 4
28 72 16
76 220 13
18 202 13
71 152 17
198 80 5
148 64 6
2 48 6
55 264 18
111 272 12
22 259 3
199 28 3
172 149 16
110 182 11
200 221 11
126 109 3
2 8 16
134 24 3
4 138 8
77 58 12
136 173 11
24 45 8
95 262 14
96 219 15
139 139 3
72 295 11
117 213 13
177 92 9
67 269 12
33 184 4
56 241 13
140 300 14
128 224 14
5 77 17
199 263 7
28 245 3
43 6 8
118 300 14
96 93 15
190 293 15
67 134 19
77 85 19
148 167 9
42 292 4
172 296 7
140 221 15
135 121 3
73 4 17
198 127 3
164 123 5
125 48 15
24 146 4
40 264 10
150 235 18
3 276 10
76 276 13
101 162 4
50 103 8
51 172 3
173 277 19
144 282 13
60 1 17
127 273 11
78 104 10
194 246 3
106 259 11
163 233 17
135 73 16
186 209 12
1 204 12
27 59 16
78 264 14
109 19 9
199 45 3
27 27 3
124 189 18
21 96 17
40 229 11
10 229 11
200 144 5
6 88 17
119 200 18
152 224 17
100 54 16
124 66 14
92 183 11
121 252 18
190 192 14
92 115 19
97 77 12
72 189 4
180 162 7
183 19 9
200 297 18
189 276 14
66 209 7
58 152 11
121 138 5
1 298 5
63 113 17
24 169 8
110 3 17
159 80 19
60 300 8
16 72 15
1 65 15
40 132 5
198 113 3
114 45 14
175 210 13
175 226 12
143 185 18
