100
101 210 22
99 149 8
170 54 16
196 62 14
63 45 31
51 68 25
131 294 5
146 193 16
104 86 4
6 118 29
200 181 13
62 118 21
27 180 11
196 37 28
122 90 3
193 300 19
149 228 7
50 236 11
124 21 6
189 263 21
18 217 16
89 83 5
36 97 31
52 296 17
198 147 30
91 133 3
90 196 22
87 299 15
21 266 20
141 2 11
188 224 29
25 29 3
36 169 10
139 146 8
103 25 23
34 296 26
54 194 9
23 152 20
15 245 19
117 49 9
56 98 20
200 287 23
52 269 3
129 127 23
162 103 29
30 248 20
125 257 18
136 270 26
141 126 24
60 165 31
97 239 11
157 282 19
55 85 21
156 9 15
181 143 24
112 195 14
183 101 14
8 88 7
33 15 6
32 122 25
147 210 6
17 299 28
158 254 5
176 173 9
74 223 4
88 26 22
199 271 15
152 166 5
150 85 12
71 35 29
119 226 9
91 44 29
192 80 27
176 25 19
28 201 14
139 183 11
123 205 6
179 10 15
196 254 21
71 150 17
172 131 31
25 238 21
188 201 17
99 12 29
4 242 17
1 50 24
192 9 17
62 13 10
3 157 30
165 35 17
70 64 25
109 292 3
118 112 14
136 45 4
100 56 19
143 113 21
125 69 5
100 263 17
14 137 20
72 286 17
