499
9
4
7
6
17
4
5
503
19
4
1009
5
337
4
1013
6
5
4
9
509
1019
4
1021
7
11
4
5
6
13
4
7
5
1031
4
1033
11
5
4
17
6
1039
4
347
521
7
4
5
523
349
4
1049
5
1051
4
9
17
5
4
7
23
353
4
1061
6
1063
4
5
13
11
4
1069
5
7
4
29
6
5
4
359
7
13
4
23
541
19
4
5
6
1087
4
9
5
1091
4
1093
547
5
4
1097
6
7
4
367
19
1103
4
5
7
9
4
1109
5
11
4
7
557
5
4
1117
13
373
4
19
6
1123
4
5
563
7
4
1129
5
13
4
11
6
5
4
379
569
17
4
7
571
9
4
5
6
31
4
383
5
1151
4
1153
577
5
4
13
6
19
4
9
7
1163
4
5
11
389
4
7
5
1171
4
17
587
5
4
11
19
9
4
1181
6
7
4
5
593
1187
4
29
5
397
4
1193
6
5
4
7
599
11
4
1201
601
401
4
5
6
17
4
13
5
7
4
1213
607
5
4
1217
6
23
4
11
13
1223
4
5
613
409
4
1229
5
1231
4
9
617
5
4
1237
619
7
4
17
6
11
4
5
7
29
4
1249
5
9
4
7
6
5
4
419
17
1259
4
13
631
421
4
5
6
7
4
9
5
31
4
19
7
5
4
1277
6
1279
4
7
641
1283
4
5
643
9
4
1289
5
1291
4
431
647
5
4
1297
11
433
4
1301
6
1303
4
5
653
1307
4
7
5
19
4
13
6
5
4
439
659
1319
4
1321
661
7
4
5
6
1327
4
443
5
11
4
31
23
5
4
7
6
13
4
9
11
17
4
5
673
449
4
19
5
7
4
11
677
5
4
23
7
9
4
1361
6
29
4
5
683
1367
4
37
5
457
4
1373
6
5
4
9
13
7
4
1381
691
461
4
5
6
19
4
463
5
13
4
7
17
5
4
11
6
1399
4
467
701
23
4
5
19
7
4
1409
5
17
4
9
7
5
4
13
709
11
4
7
6
1423
4
5
23
1427
4
1429
5
9
4
1433
6
5
4
479
719
1439
4
11
7
13
4
5
6
1447
4
7
5
1451
4
1453
727
5
4
31
6
1459
4
487
17
7
4
5
733
9
4
13
5
1471
4
491
11
5
4
7
739
17
4
1481
6
1483
4
5
743
1487
4
1489
5
7
4
1493
6
5
4
499
7
1499
4
19
751
9
4
5
6
11
4
503
5
1511
4
17
757
5
4
37
6
7
4
9
761
1523
4
5
7
509
4
11
5
1531
4
7
13
5
4
29
769
9
4
23
6
1543
4
5
773
7
4
1549
5
11
4
1553
6
5
4
9
19
1559
4
7
11
521
4
5
6
1567
4
523
5
1571
4
11
787
5
4
19
6
1579
4
17
7
1583
4
5
13
23
4
7
5
37
4
9
797
5
4
1597
17
13
4
1601
6
7
4
5
11
1607
4
1609
5
9
4
1613
6
5
4
7
809
1619
4
1621
811
541
4
5
6
1627
4
9
5
7
4
23
19
5
4
1637
6
11
4
547
821
31
4
5
823
9
4
17
5
13
4
19
827
5
4
1657
829
7
4
11
6
1663
4
5
7
1667
4
1669
5
557
4
7
6
5
4
13
839
23
4
41
29
9
4
5
6
7
4
563
5
19
4
1693
7
5
4
1697
6
1699
4
7
23
13
4
5
853
569
4
1709
5
29
4
571
857
5
4
17
859
9
4
1721
6
1723
4
5
863
11
4
7
5
577
4
1733
6
5
4
9
11
37
4
1741
13
7
4
5
6
1747
4
11
5
17
4
1753
877
5
4
7
6
1759
4
587
881
41
4
5
883
19
4
29
5
7
4
9
887
5
4
1777
7
593
4
13
6
1783
4
5
19
1787
4
1789
5
9
4
11
6
5
4
599
29
7
4
1801
17
601
4
5
6
13
4
9
5
1811
4
7
907
5
4
23
6
17
4
607
911
1823
4
5
11
7
4
31
5
1831
4
13
7
5
4
11
919
613
4
7
6
19
4
5
13
1847
4
43
5
617
4
17
6
5
4
619
929
11
4
1861
7
9
4
5
6
1867
4
7
5
1871
4
1873
937
5
4
1877
6
1879
4
9
941
7
4
5
23
17
4
1889
5
31
4
631
947
5
4
7
13
9
4
1901
6
11
4
5
953
1907
4
23
5
7
4
1913
6
5
4
9
7
19
4
17
31
641
4
5
6
41
4
643
5
1931
4
1933
967
5
4
13
6
7
4
647
971
29
4
5
7
11
4
1949
5
1951
4
7
977
5
4
19
11
653
4
37
6
13
4
5
983
7
4
11
5
9
4
1973
6
5
4
659
23
1979
4
7
991
661
4
5
6
1987
4
9
5
11
4
1993
997
5
4
1997
