2147483632
2147483590
2147483582
2147483566
2147483552
2147483546
2147483500
2147483492
2147483480
2147483426
2147483402
2147483356
2147483326
2147483272
2147483252
2147483240
2147483182
2147483174
2147483140
2147483126
2147483080
2147483072
2147483062
2147483056
2147483036
2147483032
2147482954
2147482952
2147482946
2147482940
2147482924
2147482880
2147482876
2147482870
2147482862
2147482822
2147482820
2147482814
2147482804
2147482766
2147482742
2147482700
2147482696
2147482684
2147482666
2147482664
2147482624
2147482594
2147482586
2147482580
2147482510
2147482504
2147482484
2147482420
2147482412
2147482370
2147482364
2147482352
2147482346
2147482330
2147482294
2147482276
2147482240
2147482234
2147482226
2147482124
2147482096
2147482094
2147482084
2147482066
2147482024
2147482000
2147481970
2147481952
2147481940
2147481910
2147481904
2147481902
2147481896
2147481886
2147481866
2147481830
2147481814
2147481800
2147481796
2147481676
2147481632
2147481574
2147481566
2147481532
2147481512
2147481502
2147481494
2147481490
2147481376
2147481370
2147481362
2147481356
2147481340
2147481320
2147481314
2147481286
2147481272
2147481266
2147481250
2147481212
2147481202
2147481182
2147481176
2147481154
2147481146
2147481142
2147481074
2147481056
2147481034
2147481022
2147480992
2147480974
2147480972
2147480960
2147480944
2147480930
2147480924
2147480902
2147480900
2147480896
2147480852
2147480846
2147480840
2147480794
2147480750
2147480746
2147480726
2147480710
2147480686
2147480680
2147480654
2147480644
2147480626
2147480614
2147480594
2147480554
2147480530
2147480522
2147480510
2147480474
2147480462
2147480440
2147480432
2147480372
2147480330
2147480314
2147480302
2147480300
2147480230
2147480222
2147480210
2147480200
2147480164
2147480042
2147480014
2147480012
2147479994
2147479940
2147479910
2147479900
2147479894
2147479882
2147479826
2147479822
2147479790
2147479784
2147479760
2147479756
2147479754
2147479684
2147479660
2147479646
2147479640
2147479622
2147479604
2147479592
2147479576
2147479552
2147479550
2147479534
2147479520
2147479516
2147479510
2147479492
2147479450
2147479424
2147479406
2147479384
2147479364
2147479352
2147479342
2147479310
2147479276
2147479262
2147479234
2147479192
2147479174
2147479136
2147479132
2147479124
2147479100
2147479094
2147479082
2147479066
2147479060
2147479034
2147479016
2147479000
2147478970
2147478964
2147478962
2147478940
2147478922
2147478914
2147478902
2147478892
2147478866
2147478862
2147478824
2147478794
2147478766
2147478736
2147478734
2147478730
2147478724
2147478722
2147478706
2147478704
2147478676
2147478664
2147478662
2147478656
2147478652
2147478650
2147478614
2147478604
2147478584
2147478572
2147478566
2147478524
2147478520
2147478506
2147478500
2147478494
2147478484
2147478464
2147478376
2147478352
2147478334
2147478302
2147478296
2147478262
2147478256
2147478152
2147478136
2147478130
2147478092
2147478086
2147478082
2147478052
2147478020
2147478016
2147477992
2147477956
2147477936
2147477884
2147477882
2147477876
2147477864
2147477854
2147477836
2147477812
2147477810
2147477740
2147477704
2147477702
2147477690
2147477684
2147477630
2147477602
2147477536
2147477534
2147477516
2147477506
2147477476
2147477470
2147477446
2147477422
2147477402
2147477396
2147477326
2147477276
2147477252
2147477240
2147477212
2147477210
2147477206
2147477204
2147477194
2147477162
2147477116
2147477110
2147477096
2147477066
2147477032
2147477024
2147476982
2147476966
2147476954
2147476946
2147476940
2147476934
2147476930
2147476900
2147476874
2147476844
2147476826
2147476822
2147476792
2147476780
2147476772
2147476766
2147476744
2147476742
2147476702
2147476696
2147476690
2147476666
2147476652
2147476622
2147476610
2147476546
2147476522
2147476520
2147476420
2147476402
2147476384
2147476370
2147476330
2147476324
2147476294
2147476252
2147476214
2147476186
2147476172
2147476144
2147476142
2147476130
2147476112
2147476090
2147476076
2147476034
2147476000
2147475980
2147475976
2147475974
2147475932
2147475902
2147475874
2147475862
2147475854
2147475832
2147475800
2147475794
2147475790
2147475742
2147475724
2147475716
2147475694
2147475656
2147475644
2147475604
2147475596
2147475590
2147475566
2147475562
2147475556
2147475544
2147475524
2147475512
2147475506
2147475500
2147475490
2147475484
2147475442
2147475416
2147475404
2147475400
2147475376
2147475370
2147475352
2147475350
2147475334
2147475280
2147475272
2147475260
2147475254
2147475236
2147475232
2147475224
2147475206
2147475196
2147475184
2147475182
2147475152
2147475110
2147475106
2147475064
2147475050
2147474966
2147474954
2147474950
2147474932
2147474924
2147474894
2147474890
2147474884
2147474854
2147474846
2147474840
2147474834
2147474812
2147474810
2147474806
2147474792
2147474720
2147474714
2147474660
2147474630
2147474600
2147474554
2147474534
2147474522
2147474516
2147474494
2147474482
2147474480
2147474396
2147474386
2147474362
2147474282
2147474242
2147474216
2147474204
2147474162
2147474152
2147474126
2147474116
2147474096
2147474074
2147474032
2147474030
2147474012
2147473966
2147473924
2147473900
2147473894
2147473852
2147473840
2147473790
2147473784
2147473766
2147473736
2147473706
2147473700
2147473582
2147473570
2147473556
2147473490
2147473486
2147473480
2147473472
2147473432
2147473412
2147473376
2147473372
2147473354
2147473334
2147473304
2147473300
2147473294
2147473286
2147473270
2147473244
2147473234
2147473220
2147473190
2147473154
2147473130
2147473124
2147473120
2147473064
2147473052
2147472962
2147472926
2147472920
2147472896
2147472886
2147472866
2147472800
2147472790
2147472760
2147472754
2147472716
2147472700
2147472692
2147472686
2147472662
2147472620
2147472614
2147472604
2147472560
2147472502
2147472494
2147472472
2147472452
2147472446
2147472424
2147472416
2147472380
2147472376
2147472346
2147472314
2147472292
2147472266
2147472262
2147472254
2147472224
2147472202
2147472164
2147472146
2147472140
2147472136
2147472112
2147472104
2147472094
2147472074
2147472056
2147472046
2147472040
2147472026
2147471996
2147471954
2147471942
2147471936
2147471894
2147471884
2147471866
2147471842
2147471834
2147471762
2147471744
2147471710
2147471690
2147471684
2147471650
2147471642
2147471632
2147471624
2147471614
2147471600
2147471584
2147471542
2147471522
2147471422
2147471390
2147471354
2147471330
2147471306
2147471276
2147471254
2147471246
2147471240
2147471236
2147471200
2147471180
2147471176
2147471162
2147471150
2147471114
2147471092
2147471060
2147471020
2147470990
2147470942
2147470906
2147470894
2147470862
2147470840
2147470826
2147470792
2147470774
2147470772
2147470754
2147470736
2147470730
2147470726
2147470682
2147470676
2147470646
2147470630
2147470606
2147470600
2147470582
2147470556
2147470534
2147470532
2147470516
2147470514
2147470456
2147470430
2147470364
2147470336
2147470330
2147470316
2147470252
2147470232
2147470214
2147470186
2147470180
2147470150
2147470142
2147470126
2147470114
2147470084
2147470070
2147470060
2147470046
2147470030
2147470022
2147470010
2147469986
2147469952
2147469946
2147469920
2147469884
2147469832
2147469826
2147469820
2147469784
2147469706
2147469682
2147469662
2147469640
2147469632
2147469622
2147469596
2147469556
2147469524
2147469494
2147469466
2147469452
2147469424
2147469422
2147469350
2147469332
2147469286
2147469274
2147469266
2147469242
2147469232
2147469190
2147469182
2147469176
2147469160
2147469136
2147469134
2147469116
2147469104
2147469092
2147469076
2147469070
2147469050
2147469044
2147469020
2147469010
2147469004
2147468996
2147468990
2147468974
2147468936
2147468926
2147468912
2147468890
2147468884
2147468864
2147468836
2147468812
2147468806
2147468804
2147468786
2147468782
2147468776
2147468756
2147468720
2147468654
2147468642
2147468624
2147468602
2147468594
2147468566
2147468540
2147468510
2147468506
2147468500
2147468446
2147468434
2147468432
2147468426
2147468420
2147468344
2147468320
2147468294
2147468272
2147468252
2147468236
2147468234
2147468192
2147468176
2147468134
2147468122
2147468072
2147468006
2147467970
2147467966
2147467924
2147467922
2147467874
2147467816
2147467804
2147467796
2147467772
2147467762
2147467750
2147467736
2147467720
2147467714
2147467700
2147467672
2147467670
2147467642
2147467634
2147467630
2147467586
2147467582
2147467562
2147467496
2147467474
2147467466
2147467406
2147467396
2147467382
2147467370
2147467342
2147467334
2147467330
2147467324
2147467264
2147467222
2147467214
2147467172
2147467166
2147467124
2147467096
2147467070
2147467060
2147467046
2147467012
2147466994
2147466976
2147466950
2147466946
2147466934
2147466872
2147466850
2147466836
2147466796
2147466790
2147466724
2147466704
2147466686
2147466682
2147466644
2147466592
2147466550
2147466542
2147466524
2147466490
2147466482
2147466466
2147466460
2147466452
2147466442
2147466430
2147466386
2147466362
2147466340
2147466332
2147466322
2147466316
2147466304
2147466286
2147466266
2147466260
2147466242
2147466232
2147466230
2147466190
2147466182
2147466152
2147466124
2147466122
2147466094
2147466076
2147466022
2147466020
2147465992
2147465984
2147465966
2147465956
2147465944
2147465920
2147465870
2147465854
2147465836
2147465800
2147465746
2147465734
2147465732
2147465720
2147465710
2147465704
2147465702
2147465672
2147465650
2147465612
2147465602
2147465600
2147465566
2147465552
2147465534
2147465480
2147465476
2147465474
2147465434
2147465426
2147465416
2147465410
2147465366
2147465354
2147465342
2147465324
2147465270
2147465242
2147465236
2147465230
2147465216
2147465200
2147465192
2147465164
2147465156
2147465090
2147465012
2147464964
2147464906
2147464844
2147464810
2147464786
2147464780
2147464754
2147464750
2147464732
2147464690
2147464684
2147464664
2147464622
2147464612
2147464606
2147464600
2147464592
2147464570
2147464562
2147464552
2147464516
2147464514
2147464492
2147464450
2147464414
2147464412
2147464396
2147464354
2147464340
2147464334
2147464310
2147464304
2147464246
2147464222
2147464214
2147464174
2147464136
2147464132
2147464106
2147464090
2147464064
2147464052
2147464046
2147464016
2147464012
2147464006
2147463976
2147463946
2147463920
2147463892
2147463866
2147463770
2147463764
2147463740
2147463730
2147463694
2147463676
2147463644
2147463634
2147463602
2147463572
2147463556
2147463550
2147463502
2147463494
2147463452
2147463424
2147463410
2147463404
2147463364
2147463350
2147463322
2147463302
2147463296
2147463274
2147463262
2147463260
2147463254
2147463224
2147463206
2147463184
2147463170
2147463164
2147463154
2147463136
2147463124
2147463080
2147463056
2147463050
2147463026
2147463010
2147462984
2147462954
2147462926
2147462884
2147462864
2147462836
2147462812
2147462756
2147462750
2147462720
2147462704
2147462696
2147462636
2147462626
2147462624
2147462590
2147462582
2147462570
2147462546
2147462542
2147462500
2147462422
2147462396
2147462384
2147462360
2147462326
2147462302
2147462300
2147462284
2147462260
2147462234
2147462230
2147462200
2147462192
2147462182
2147462176
2147462162
2147462150
2147462146
2147462126
0
