2147440624
2147440622
2147440582
2147440552
2147440472
2147440444
2147440436
2147440432
2147440426
2147440412
2147440400
2147440370
2147440352
2147440264
2147440250
2147440222
2147440204
2147440120
2147440112
2147440072
2147440052
2147440042
2147440030
2147439994
2147439992
2147439982
2147439964
2147439956
2147439926
2147439914
2147439886
2147439866
2147439862
2147439844
2147439806
2147439802
2147439734
2147439730
2147439712
2147439656
2147439602
2147439586
2147439560
2147439526
2147439512
2147439494
2147439446
2147439410
2147439404
2147439344
2147439334
2147439326
2147439296
2147439274
2147439254
2147439230
2147439212
2147439190
2147439152
2147439146
2147439064
2147439020
2147438990
2147438944
2147438930
2147438900
2147438876
2147438872
2147438836
2147438752
2147438746
2147438734
2147438720
2147438710
2147438690
2147438684
2147438666
2147438636
2147438620
2147438602
2147438566
2147438522
2147438486
2147438462
2147438444
2147438440
2147438396
2147438392
2147438360
2147438356
2147438350
2147438306
2147438264
2147438210
2147438182
2147438146
2147438126
2147438096
2147438080
2147438060
2147438056
2147438012
2147438006
2147438000
2147437940
2147437892
2147437874
2147437846
2147437822
2147437814
2147437804
2147437780
2147437772
2147437756
2147437754
2147437726
2147437654
2147437616
2147437612
2147437604
2147437586
2147437580
2147437556
2147437534
2147437514
2147437496
2147437454
2147437450
2147437432
2147437294
2147437286
2147437270
2147437220
2147437186
2147437184
2147437150
2147437082
2147437076
2147437072
2147437030
2147437004
2147437000
2147436992
2147436962
2147436934
2147436922
2147436904
2147436880
2147436874
2147436836
2147436796
2147436754
2147436704
2147436670
2147436662
2147436614
2147436562
2147436520
2147436466
2147436446
2147436430
2147436422
2147436400
2147436356
2147436340
2147436284
2147436220
2147436202
2147436200
2147436146
2147436122
2147436106
2147436094
2147436082
2147436050
2147436044
2147436040
2147436022
2147435990
2147435980
2147435962
2147435960
2147435954
2147435932
2147435914
2147435900
2147435896
2147435894
2147435864
2147435812
2147435794
2147435792
2147435786
2147435780
2147435740
2147435704
2147435626
2147435602
2147435572
2147435542
2147435536
2147435530
2147435512
2147435504
2147435494
2147435486
2147435476
2147435434
2147435420
2147435374
2147435330
2147435324
2147435302
2147435296
2147435290
2147435284
2147435264
2147435252
2147435246
2147435204
2147435164
2147435152
2147435144
2147435086
2147435074
2147435066
2147435060
2147435042
2147435012
2147434984
2147434982
2147434946
2147434912
2147434910
2147434882
2147434874
2147434832
2147434814
2147434774
2147434736
2147434730
2147434706
2147434694
2147434690
2147434676
2147434654
2147434606
2147434582
2147434564
2147434532
2147434522
2147434520
2147434510
2147434486
2147434480
2147434454
2147434442
2147434414
2147434394
2147434366
2147434364
2147434312
2147434294
2147434282
2147434246
2147434220
2147434196
2147434156
2147434144
2147434130
2147434120
2147434112
2147434106
2147434102
2147434066
2147434052
2147434046
2147434016
2147434010
2147434004
2147433994
2147433950
2147433946
2147433932
2147433890
2147433814
2147433794
2147433782
2147433722
2147433710
2147433706
2147433700
2147433670
2147433652
2147433586
2147433580
2147433562
2147433554
2147433524
2147433520
2147433506
2147433490
2147433472
2147433454
2147433404
2147433394
2147433392
2147433350
2147433320
2147433314
2147433266
2147433250
2147433232
2147433230
2147433196
2147433176
2147433142
2147433140
2147433136
2147433106
2147433094
2147433080
2147433034
2147433010
2147433002
2147432996
2147432984
2147432954
2147432924
2147432912
2147432896
2147432876
2147432866
2147432770
2147432734
2147432726
2147432702
2147432666
2147432630
2147432590
2147432564
2147432552
2147432534
2147432512
2147432504
2147432482
2147432476
2147432392
2147432390
2147432372
2147432354
2147432296
2147432242
2147432210
2147432176
2147432174
2147432152
2147432146
2147432140
2147432126
2147432090
2147432072
2147432060
2147432054
2147432042
2147432012
2147431976
2147431970
2147431966
2147431946
2147431942
2147431924
2147431882
2147431846
2147431840
2147431834
2147431760
2147431754
2147431736
2147431712
2147431684
2147431672
2147431670
2147431654
2147431636
2147431634
2147431616
2147431612
2147431582
2147431556
2147431546
2147431544
2147431532
2147431516
2147431514
2147431480
2147431462
2147431456
2147431442
2147431420
2147431396
2147431390
2147431370
2147431346
2147431340
2147431334
2147431262
2147431216
2147431210
2147431202
2147431196
2147431174
2147431162
2147431150
2147431144
2147431106
2147431096
2147431082
2147431076
2147431004
2147430994
2147430982
2147430944
2147430920
2147430910
2147430902
2147430884
2147430844
2147430824
2147430760
2147430746
2147430742
2147430724
2147430692
2147430656
2147430632
2147430620
2147430590
2147430586
2147430566
2147430560
2147430556
2147430550
2147430532
2147430506
2147430502
2147430490
2147430440
2147430416
2147430382
2147430374
2147430356
2147430352
2147430320
2147430286
2147430284
2147430256
2147430242
2147430224
2147430212
2147430172
2147430166
2147430152
2147430130
2147430116
2147430104
2147430086
2147430082
2147430076
2147430074
2147430052
2147430014
2147430010
2147430004
2147429996
2147429972
2147429900
2147429884
2147429866
2147429852
2147429842
2147429830
2147429810
2147429806
2147429746
2147429692
2147429662
2147429636
2147429624
2147429614
2147429566
2147429564
2147429470
2147429444
2147429416
2147429366
2147429356
2147429354
2147429314
2147429312
2147429284
2147429240
2147429236
2147429216
2147429200
2147429186
2147429176
2147429150
2147429134
2147429074
2147429060
2147429050
2147429026
2147429006
2147429002
2147428994
2147428984
2147428960
2147428952
2147428894
2147428864
2147428840
2147428826
2147428822
2147428796
2147428786
2147428742
2147428730
2147428712
2147428690
2147428564
2147428540
2147428526
2147428522
2147428492
2147428436
2147428424
2147428406
2147428366
2147428346
2147428336
2147428310
2147428280
2147428270
2147428246
2147428196
2147428184
2147428150
2147428142
2147428112
2147428102
2147428096
2147428072
2147428030
2147428024
2147427976
2147427952
2147427932
2147427926
2147427914
2147427910
2147427904
2147427886
2147427862
2147427850
2147427842
2147427830
2147427800
2147427784
2147427730
2147427706
2147427704
2147427682
2147427680
2147427650
2147427646
2147427596
2147427566
2147427554
2147427476
2147427430
2147427400
2147427232
2147427224
2147427212
2147427176
2147427172
2147427160
2147427154
2147427140
2147427094
2147427086
2147427050
2147427046
2147427044
2147427004
2147426992
2147426974
2147426954
2147426846
2147426824
2147426750
2147426696
2147426684
2147426672
2147426660
2147426654
2147426644
2147426632
2147426626
2147426576
2147426560
2147426554
2147426546
2147426530
2147426524
2147426500
2147426474
2147426470
2147426462
2147426422
2147426404
2147426402
2147426380
2147426356
2147426342
2147426332
2147426320
2147426266
2147426246
2147426224
2147426210
2147426170
2147426164
2147426162
2147426156
2147426150
2147426146
2147426140
2147426120
2147426110
2147426084
2147426056
2147426006
2147425996
2147425982
2147425940
2147425936
2147425882
2147425874
2147425856
2147425762
2147425732
2147425714
2147425684
2147425666
2147425610
2147425594
2147425562
2147425544
2147425534
2147425522
2147425516
2147425510
2147425460
2147425456
2147425450
2147425414
2147425396
2147425384
2147425352
2147425336
2147425312
2147425300
2147425286
2147425252
2147425246
2147425240
2147425216
2147425190
2147425172
2147425142
2147425130
2147425126
2147425124
2147425106
2147425076
2147425070
2147425004
2147424952
2147424916
2147424902
2147424896
2147424872
2147424866
2147424830
2147424820
2147424812
2147424796
2147424790
2147424712
2147424644
2147424592
2147424586
2147424580
2147424566
2147424560
2147424554
2147424536
2147424526
2147424514
2147424484
2147424472
2147424434
2147424430
2147424362
2147424356
2147424332
2147424314
2147424302
2147424290
2147424262
2147424250
2147424206
2147424182
2147424146
2147424136
2147424130
2147424116
2147424110
2147424104
2147424082
2147424076
2147424050
2147424032
2147424014
2147424010
2147423986
2147423966
2147423962
2147423956
2147423920
2147423896
2147423884
2147423854
2147423852
2147423824
2147423774
2147423756
2147423746
2147423720
2147423716
2147423714
2147423704
2147423696
2147423692
2147423686
2147423674
2147423662
2147423654
2147423650
2147423630
2147423590
2147423576
2147423566
2147423560
2147423536
2147423516
2147423510
2147423492
2147423480
2147423464
2147423434
2147423426
2147423366
2147423350
2147423312
2147423306
2147423296
2147423284
2147423276
2147423272
2147423252
2147423200
2147423192
2147423186
2147423146
2147423140
2147423102
2147423090
2147423030
2147423024
2147423012
2147422990
2147422936
2147422900
2147422894
2147422876
2147422864
2147422822
2147422820
2147422814
2147422792
2147422780
2147422750
2147422730
2147422726
2147422706
2147422694
2147422682
2147422666
2147422660
2147422652
2147422636
2147422606
2147422576
2147422562
2147422552
2147422496
2147422492
2147422484
2147422474
2147422466
2147422460
2147422444
2147422432
2147422376
2147422372
2147422360
2147422334
2147422274
2147422244
2147422232
2147422222
2147422216
2147422186
2147422156
2147422142
2147422132
2147422130
2147422100
2147422090
2147422066
2147422064
2147422040
2147422036
2147422022
2147421992
2147421956
2147421914
2147421910
2147421896
2147421886
2147421856
2147421836
2147421772
2147421740
2147421724
2147421712
2147421700
2147421676
2147421652
2147421610
2147421596
2147421584
2147421574
2147421544
2147421530
2147421520
2147421484
2147421472
2147421464
2147421460
2147421452
2147421386
2147421382
2147421376
2147421352
2147421346
2147421340
2147421332
2147421304
2147421280
2147421274
2147421262
2147421256
2147421236
2147421212
2147421182
2147421170
2147421152
2147421130
2147421124
2147421094
2147421080
2147421052
2147421050
2147421044
2147421022
2147421002
2147420966
2147420962
2147420942
2147420926
2147420920
2147420890
2147420860
2147420792
2147420780
2147420770
2147420756
2147420752
2147420732
2147420722
2147420686
2147420672
2147420660
2147420596
2147420536
2147420480
2147420450
2147420422
2147420392
2147420374
2147420324
2147420296
2147420294
2147420276
2147420272
2147420186
2147420182
2147420170
2147420156
2147420126
2147420114
2147420072
2147420060
2147420020
2147420000
2147419996
2147419990
2147419982
2147419964
2147419954
2147419946
2147419936
2147419894
2147419880
2147419870
2147419852
2147419822
2147419796
2147419736
2147419724
2147419630
2147419622
2147419612
2147419610
2147419562
2147419556
2147419546
2147419540
2147419532
2147419496
2147419492
2147419460
2147419456
2147419402
2147419400
2147419366
2147419364
2147419330
2147419304
2147419294
2147419252
2147419250
2147419232
2147419192
2147419154
2147419150
2147419142
2147419132
2147419114
2147419036
2147419022
2147418982
2147418964
2147418950
2147418862
2147418856
2147418844
2147418830
2147418824
2147418806
2147418800
2147418722
2147418686
2147418680
2147418656
2147418644
0
