1999
31
4
4001
6
4003
4
5
2003
4007
4
19
5
7
4
4013
6
5
4
13
7
4019
4
4021
2011
9
4
5
6
4027
4
17
5
29
4
37
2017
5
4
11
6
7
4
9
43
13
4
5
7
19
4
4049
5
4051
4
7
2027
5
4
4057
2029
9
4
31
6
17
4
5
19
7
4
13
5
23
4
4073
6
5
4
9
2039
4079
4
7
13
1361
4
5
6
61
4
29
5
4091
4
4093
23
5
4
17
6
4099
4
1367
7
11
4
5
2053
37
4
7
5
4111
4
9
11
5
4
23
29
1373
4
13
6
7
4
5
2063
4127
4
4129
5
9
4
4133
6
5
4
7
2069
4139
4
41
19
1381
4
5
6
11
4
9
5
7
4
4153
31
5
4
4157
6
4159
4
19
2081
23
4
5
2083
9
4
11
5
43
4
13
2087
5
4
4177
2089
7
4
37
6
47
4
5
7
53
4
59
5
11
4
7
6
5
4
1399
2099
13
4
4201
11
9
4
5
6
7
4
23
5
4211
4
11
7
5
4
4217
6
4219
4
7
2111
41
4
5
2113
1409
4
4229
5
4231
4
17
29
5
4
19
13
9
4
4241
6
4243
4
5
11
31
4
7
5
13
4
4253
6
5
4
9
2129
4259
4
4261
2131
7
4
5
6
17
4
1423
5
4271
4
4273
2137
5
4
7
6
11
4
1427
2141
4283
4
5
2143
1429
4
4289
5
7
4
9
19
5
4
4297
7
1433
4
11
6
13
4
5
2153
59
4
31
5
9
4
19
6
5
4
1439
17
7
4
29
2161
11
4
5
6
4327
4
9
5
61
4
7
11
5
4
4337
6
4339
4
1447
13
43
4
5
41
7
4
4349
5
19
4
1451
7
5
4
4357
2179
1453
4
7
6
4363
4
5
37
11
4
17
5
31
4
4373
6
5
4
1459
11
29
4
13
7
9
4
5
6
41
4
7
5
4391
4
23
13
5
4
4397
6
53
4
9
31
7
4
5
2203
13
4
4409
5
11
4
1471
2207
5
4
7
47
9
4
4421
6
4423
4
5
2213
19
4
43
5
7
4
11
6
5
4
9
7
23
4
4441
2221
1481
4
5
6
4447
4
1483
5
4451
4
61
17
5
4
4457
6
7
4
1487
23
4463
4
5
7
1489
4
41
5
17
4
7
2237
5
4
11
2239
1493
4
4481
6
4483
4
5
2243
7
4
67
5
9
4
4493
6
5
4
1499
13
11
4
7
2251
19
4
5
6
4507
4
9
5
13
4
4513
37
5
4
4517
6
4519
4
11
7
4523
4
5
31
9
4
7
5
23
4
1511
2267
5
4
13
2269
17
4
19
6
7
4
5
2273
4547
4
4549
5
37
4
29
6
5
4
7
43
47
4
4561
2281
9
4
5
6
4567
4
1523
5
7
4
17
2287
5
4
23
6
19
4
9
29
4583
4
5
2293
11
4
13
5
4591
4
1531
2297
5
4
4597
11
7
4
43
6
4603
4
5
7
17
4
11
5
29
4
7
6
5
4
9
2309
31
4
4621
2311
23
4
5
6
7
4
1543
5
11
4
41
7
5
4
4637
6
4639
4
7
11
4643
4
5
23
1549
4
4649
5
4651
4
9
13
5
4
4657
17
1553
4
59
6
4663
4
5
2333
13
4
7
5
9
4
4673
6
5
4
1559
2339
4679
4
31
2341
7
4
5
6
43
4
9
5
4691
4
13
2347
5
4
7
6
37
4
1567
2351
4703
4
5
13
9
4
17
5
7
4
1571
2357
5
4
53
7
11
4
4721
6
4723
4
5
17
29
4
4729
5
19
4
4733
6
5
4
1579
23
7
4
11
2371
9
4
5
6
47
4
1583
5
4751
4
7
2377
5
4
67
6
4759
4
9
2381
11
4
5
2383
7
4
19
5
13
4
37
7
5
4
17
2389
9
4
7
6
4783
4
5
2393
4787
4
4789
5
1597
4
4793
6
5
4
9
2399
4799
4
4801
7
1601
4
5
6
11
4
7
5
17
4
4813
29
5
4
4817
6
61
4
1607
2411
7
4
5
19
1609
4
11
5
4831
4
9
2417
5
4
7
41
1613
4
47
6
29
4
5
2423
37
4
13
5
7
4
23
6
5
4
1619
7
43
4
4861
11
1621
4
5
6
31
4
9
5
4871
4
11
2437
5
4
4877
6
7
4
1627
2441
19
4
5
7
9
4
4889
5
67
4
7
2447
5
4
59
31
23
4
13
6
4903
4
5
11
7
4
4909
5
1637
4
17
6
5
4
11
2459
4919
4
7
23
9
4
5
6
13
4
31
5
4931
4
4933
2467
5
4
4937
6
11
4
9
7
4943
4
5
2473
17
4
7
5
4951
4
13
2477
5
4
4957
37
9
4
11
6
7
4
5
13
4967
4
4969
5
1657
4
4973
6
5
4
7
19
13
4
17
47
11
4
5
6
4987
4
1663
5
7
4
4993
11
5
4
19
