4
9
70667153
5
251
59
7
19
31
9
18289
4
7
103
378621107
41
4
11
5
4
4
6
43
139
4
13
1309838053
310892773
4
5
5
7
11
4
9
6
1079026457
9
468521659
5
19
7
9
233
5
17
19
69519323
73
5
6
5
11
41
241311619
9
103
5
61
4
5
31
5
5
4
131
6
7
9
7
5
930144661
13
281
536885513
4
263
4
5
4
4
11
13
11
5
97
5
13
11
83
43
9
13
1399
7
4153
4
6
47
1327
4
4
4
7
433
5
4
250426067
4
191
5
4
9
5
4
181
4
7
29
4
4
19
4
41
137
4
4
4
92618843
613
6
5
5
19
643
9
179
4
23
14251
4
4
4
10399
383
7
4
9
4
7
4
919
11
4
4
7
9
4
4
4
283
7
4
67
5
4
685586141
461
17
4
13071559
6
13
6
14891
4
4
5
4
11
47
7
5
5
19
17814371
5
11
4
5
4
4
4
7
5
5
31
17
9
4
6
91604329
13
359
1033736843
53
4
739606951
4
11
4
7
137
5
5
9
33179
5
23
4
1735593313
137
6131
4
4
4
1087
7
17
1940075707
4
11
4
4
75093119
71
313
497377033
11
73
4
17
7
5
173
238477901
7
6
29
11
13
11
6
541
47
59
181
5
7
7
11
4
5
6
71
4
19
4
6
4
4
5
442072871
5
1964828953
2851
19
41
5
7
67
9
79
4
47
47
4
2042260327
67
4
6
7
23
769
59
2467
167
5
4
13
16267
5
4
1789226237
4
4
229
5
7
53
4
7
4
10883
349
5
47
4
7
9
4
4
4
229
6
9
5
4
7
5
7013
5
11
5
4
4
43
5
5
13
385659361
4
7057
5
9
3361
13
7
5
4
4
7
5
173
1330244803
7
5
983
4
4
6719
5
5
11
446359237
311
6
6
6
7
4
4
13
17
4
5641
29
9
6
17
4
5
4
6
17
272967083
5
4
9
991
5
5
199
4
13
109
5
4
4
6
13
5
9
7
4
13
19
4
9
5
296696221
4
5
1956565453
9
5
5
5
4
1739538601
7
5
9
4
19
37
443
7741
661
49619929
11
6
3109
31
6
79
7
313
41
23
4
4
902106473
11
4
647
7789
5
9
4
23
5
5
1327
7
1609
4
4
5
5
1993
4
6
922565591
409
281
5
19
5
137
4
4
6
31
4
11
5
5
7
71
4
4
354608263
374062981
577925927
4
6
17
311
31
3469
1373
5
241
5
26309
828951953
6
137
521
4
4
414505447
7
7
4
6
37
4
4
5
4
11
43
4
4
6
7333
218131393
4
5
814760899
5
5
4
4
13
41
7
53
6
1019
1842374477
6
5
7
5
19
4
7
13183
1321
4
4
17
7
11
4
13
17
9907
13
4
1553
31
4
4
13
4
7
4
5
5
4
7
1493
11
4
185797511
4
29
5
4
4
227
6
7
777264841
676851673
367
6551
1995166259
6
9
4
4
6
5
6
375056203
7
7
3371
5
4
7
4
4
4
439
7
4
4
5
4
11
7
5
5
11
49419941
4
11
4
5
1979
5
5
31
4
4
6
4
1187
4
19
1495120061
19
397284337
19390457
4
7
4
4
9
5
6833
5
4
7
4
6
5
101
9
1118686031
461331209
73
2129
13
7
4
4
5
37
4
10273
17
73
7
41
5
839
30269
5
4
17
7
4
11
229
7
4
6
18815387
4
4
480146599
19
7
6
609834661
4
1095713849
37
4
4
17
7
5
5
53
1330047883
139
97
9
5
4
5
163
647521103
4
4
120078583
7
247542419
4
1507009253
9
5
5
111880331
7
4
6
9
4
59
553882597
4
397
5
4
425154559
4
9
472830341
362913157
4
150016771
6
5
4
5
11
4
97
4
4
17
4
4
23
627174871
4
19
6
2207
7
11
892173047
4
4
5
4
7
5
5
4
4
97
7
4
11
257
4
4
13
9
4
4
6
11
7
9
151
7
4
4
61
43
357769211
31
2084073517
11
19
9
13
6
29
19
1545104443
6
9
29
7
9
5
4
1217
23
5
11
4
4
17
59
6
5
5
4
4
227
6
4
11
5
12619
4
4
4
9
17
7
1409
101
11
5
137
13
4
4
4
4
41
29
401
4
4
1343627281
37
4
4
5
9
7
4
31
4
7
5
7
4
7
4
1435588597
557
7
5
29
14029
417127003
4
947
5
1423
4
11
263
4
125699969
31
5
19
601
769
4
6
4
7
4
157
31
11
11
7
7
7
19
4
7
4
109
4
7
5
307
4
331
31
9
291464581
352185979
17
5
17
227
1759979017
61
7
7
6
5
4
4
41
4
5
5
167140579
6
53
4
13
4
4
7
4
4
4
5
6
4
4
17
5
11
7
5
7
229
4
5
5
43
9
7
79
23
241
5
6
419
71
4
4
5
9
4
643
61
9
19583
4
4
28477
5
4
1279
5
5
4
4
4
4
31
371065073
53
7
43
11
7
4
167
5
5
127
9
53
4
13
17
4
193
7
4
401
5
5
1016303917
