2147462114
2147462092
2147462084
2147462080
2147462066
2147462050
2147462032
2147462030
2147462020
2147461994
2147461976
2147461940
2147461936
2147461894
2147461892
2147461850
2147461846
2147461840
2147461820
2147461810
2147461796
2147461790
2147461786
2147461784
2147461730
2147461694
2147461654
2147461624
2147461622
2147461562
2147461502
2147461490
2147461486
2147461426
2147461366
2147461364
2147461316
2147461300
2147461292
2147461282
2147461276
2147461210
2147461204
2147461192
2147461180
2147461160
2147461136
2147461106
2147461064
2147461054
2147461042
2147461040
2147461024
2147461010
2147460986
2147460970
2147460950
2147460922
2147460914
2147460902
2147460880
2147460872
2147460860
2147460854
2147460832
2147460814
2147460784
2147460782
2147460776
2147460712
2147460706
2147460686
2147460674
2147460662
2147460644
2147460634
2147460632
2147460614
2147460592
2147460572
2147460550
2147460470
2147460464
2147460460
2147460452
2147460440
2147460434
2147460424
2147460382
2147460376
2147460302
2147460280
2147460272
2147460256
2147460236
2147460226
2147460200
2147460190
2147460176
2147460154
2147460140
2147460092
2147460044
2147460022
2147460020
2147460016
2147460002
2147459990
2147459984
2147459972
2147459962
2147459920
2147459890
2147459854
2147459852
2147459846
2147459836
2147459782
2147459756
2147459734
2147459726
2147459714
2147459710
2147459704
2147459620
2147459582
2147459560
2147459546
2147459540
2147459476
2147459444
2147459440
2147459402
2147459396
2147459392
2147459390
2147459362
2147459360
2147459344
2147459342
2147459336
2147459302
2147459272
2147459270
2147459266
2147459216
2147459206
2147459186
2147459164
2147459140
2147459134
2147459120
2147459092
2147459056
2147459050
2147459000
2147458994
2147458984
2147458970
2147458900
2147458892
2147458882
2147458870
2147458852
2147458804
2147458780
2147458772
2147458762
2147458760
2147458726
2147458714
2147458702
2147458696
2147458634
2147458630
2147458604
2147458586
2147458546
2147458544
2147458510
2147458490
2147458466
2147458396
2147458390
2147458376
2147458352
2147458334
2147458300
2147458286
2147458280
2147458234
2147458174
2147458166
2147458132
2147458102
2147458076
2147458070
2147458066
2147458054
2147458034
2147457976
2147457970
2147457962
2147457916
2147457892
2147457890
2147457856
2147457844
2147457842
2147457820
2147457814
2147457794
2147457772
2147457760
2147457752
2147457740
2147457712
2147457710
2147457704
2147457682
2147457680
2147457676
2147457662
2147457626
2147457566
2147457550
2147457520
2147457472
2147457442
2147457440
2147457430
2147457424
2147457416
2147457410
2147457386
2147457374
2147457346
2147457316
2147457296
2147457286
2147457262
2147457244
2147457242
2147457232
2147457230
2147457220
2147457214
2147457202
2147457176
2147457152
2147457116
2147457076
2147457074
2147457064
2147457052
2147456984
2147456966
2147456960
2147456932
2147456926
2147456914
2147456906
2147456890
2147456882
2147456872
2147456870
2147456800
2147456792
2147456740
2147456696
2147456686
2147456684
2147456674
2147456662
2147456624
2147456614
2147456606
2147456602
2147456546
2147456536
2147456504
2147456492
2147456420
2147456404
2147456396
2147456320
2147456302
2147456192
2147456164
2147456144
2147456120
2147456110
2147456092
2147456066
2147456026
2147456014
2147455996
2147455972
2147455910
2147455906
2147455892
2147455856
2147455840
2147455834
2147455744
2147455724
2147455706
2147455702
2147455666
2147455634
2147455616
2147455606
2147455574
2147455570
2147455550
2147455526
2147455520
2147455504
2147455492
2147455480
2147455462
2147455406
2147455366
2147455364
2147455360
2147455316
2147455304
2147455294
2147455270
2147455256
2147455244
2147455234
2147455232
2147455172
2147455154
2147455114
2147455106
2147455094
2147455090
2147455084
2147455064
2147455046
2147455030
2147455024
2147455022
2147455006
2147455000
2147454976
2147454944
2147454940
2147454854
2147454842
2147454836
2147454812
2147454766
2147454764
2147454716
2147454646
2147454632
2147454566
2147454542
2147454526
2147454524
2147454514
2147454512
2147454496
2147454484
2147454406
2147454394
2147454386
2147454380
2147454370
2147454346
2147454344
2147454310
2147454250
2147454244
2147454220
2147454166
2147454152
2147454134
2147454076
2147454022
2147454002
2147453996
2147453966
2147453942
2147453936
2147453914
2147453900
2147453884
2147453876
2147453852
2147453834
2147453812
2147453804
2147453800
2147453782
2147453732
2147453716
2147453690
2147453660
2147453656
2147453650
2147453642
2147453602
2147453566
2147453560
2147453554
2147453534
2147453530
2147453510
2147453470
2147453434
2147453422
2147453404
2147453390
2147453342
2147453330
2147453320
2147453312
2147453284
2147453260
2147453254
2147453240
2147453236
2147453200
2147453162
2147453140
2147453084
2147453060
2147453050
2147453002
2147452994
2147452976
2147452952
2147452924
2147452900
2147452886
2147452880
2147452850
2147452834
2147452810
2147452796
2147452760
2147452724
2147452654
2147452630
2147452624
2147452594
2147452550
2147452546
2147452504
2147452490
2147452474
2147452472
2147452460
2147452424
2147452390
2147452372
2147452346
2147452334
2147452306
2147452264
2147452252
2147452220
2147452214
2147452196
2147452190
2147452174
2147452150
2147452132
2147452130
2147452096
2147452064
2147452052
2147452036
2147452034
2147452012
2147451964
2147451950
2147451940
2147451926
2147451902
2147451884
2147451860
2147451832
2147451800
2147451754
2147451742
2147451700
2147451674
2147451662
2147451646
2147451620
2147451604
2147451574
2147451572
2147451566
2147451520
2147451464
2147451460
2147451446
2147451416
2147451412
2147451392
2147451370
2147451362
2147451352
2147451332
2147451314
2147451292
2147451266
2147451214
2147451202
2147451142
2147451136
2147451124
2147451110
2147451086
2147451052
2147451046
2147450996
2147450950
2147450936
2147450926
2147450864
2147450846
2147450830
2147450806
2147450804
2147450782
2147450780
2147450744
2147450720
2147450710
2147450692
2147450684
2147450680
2147450650
2147450632
2147450624
2147450606
2147450600
2147450584
2147450582
2147450524
2147450522
2147450494
2147450486
2147450422
2147450414
2147450372
2147450326
2147450296
2147450290
2147450270
2147450216
2147450212
2147450192
2147450174
2147450162
2147450116
2147450030
2147450002
2147449964
2147449940
2147449894
2147449852
2147449850
2147449826
2147449792
2147449786
2147449772
2147449756
2147449754
2147449750
2147449726
2147449724
2147449652
2147449634
2147449610
2147449592
2147449570
2147449520
2147449504
2147449420
2147449360
2147449324
2147449312
2147449282
2147449232
2147449222
2147449210
2147449196
2147449156
2147449154
2147449136
2147449082
2147449072
2147449042
2147449036
2147449016
2147448994
2147448980
2147448970
2147448940
2147448932
2147448910
2147448902
2147448890
2147448884
2147448854
2147448766
2147448760
2147448752
2147448736
2147448734
2147448716
2147448710
2147448706
2147448704
2147448682
2147448674
2147448632
2147448596
2147448584
2147448580
2147448542
2147448476
2147448470
2147448430
2147448412
2147448382
2147448370
2147448356
2147448326
2147448304
2147448290
2147448260
2147448256
2147448200
2147448184
2147448104
2147448094
2147448074
2147448062
2147448052
2147448034
2147448016
2147447990
2147447980
2147447936
2147447920
2147447902
2147447884
2147447836
2147447810
2147447794
2147447780
2147447750
2147447726
2147447672
2147447660
2147447644
2147447642
2147447612
2147447600
2147447576
2147447476
2147447462
2147447456
2147447414
2147447392
2147447386
2147447366
2147447362
2147447350
2147447342
2147447336
2147447324
2147447264
2147447254
2147447246
2147447234
2147447216
2147447182
2147447174
2147447104
2147447020
2147447014
2147447000
2147446996
2147446994
2147446966
2147446946
2147446930
2147446924
2147446874
2147446846
2147446844
2147446840
2147446834
2147446796
2147446702
2147446690
2147446676
2147446672
2147446670
2147446664
2147446660
2147446622
2147446574
2147446492
2147446442
2147446394
2147446376
2147446364
2147446354
2147446342
2147446340
2147446324
2147446306
2147446300
2147446292
2147446286
2147446250
2147446196
2147446184
2147446166
2147446162
2147446154
2147446144
2147446100
2147446090
2147446082
2147446060
2147446042
2147446036
2147446012
2147446006
2147445986
2147445976
2147445946
2147445920
2147445916
2147445896
2147445890
2147445872
2147445854
2147445826
2147445802
2147445790
2147445712
2147445694
2147445692
2147445634
2147445592
2147445544
2147445542
2147445536
2147445500
2147445476
2147445452
2147445440
2147445430
2147445404
2147445376
2147445346
2147445322
2147445320
2147445286
2147445280
2147445242
2147445214
2147445206
2147445194
2147445176
2147445146
2147445140
2147445124
2147445122
2147445106
2147445104
2147445080
2147445032
2147445014
2147444980
2147444966
2147444944
2147444920
2147444894
2147444854
2147444846
2147444836
2147444824
2147444800
2147444794
2147444776
2147444716
2147444690
2147444672
2147444650
2147444636
2147444612
2147444606
2147444572
2147444570
2147444564
2147444504
2147444482
2147444462
2147444444
2147444402
2147444392
2147444362
2147444336
2147444320
2147444296
2147444294
2147444282
2147444254
2147444216
2147444180
2147444164
2147444156
2147444110
2147444084
2147444080
2147444074
2147444044
2147444024
2147444020
2147443934
2147443916
2147443802
2147443792
2147443790
2147443762
2147443750
2147443732
2147443724
2147443682
2147443636
2147443606
2147443592
2147443582
2147443570
2147443564
2147443550
2147443540
2147443526
2147443516
2147443474
2147443426
2147443424
2147443414
2147443402
2147443394
2147443376
2147443360
2147443346
2147443342
2147443306
2147443286
2147443226
2147443214
2147443174
2147443172
2147443166
2147443160
2147443124
2147443090
2147443060
2147443052
2147443036
2147443024
2147443016
2147443006
2147442992
2147442980
2147442964
2147442934
2147442904
2147442896
2147442854
2147442830
2147442826
2147442814
2147442812
2147442800
2147442770
2147442766
2147442754
2147442700
2147442680
2147442676
2147442640
2147442632
2147442626
2147442616
2147442562
2147442526
2147442514
2147442490
2147442472
2147442470
2147442460
2147442436
2147442422
2147442416
2147442394
2147442350
2147442334
2147442302
2147442292
2147442280
2147442224
2147442206
2147442194
2147442182
2147442142
2147442134
2147442122
2147442074
2147442064
2147442056
2147442046
2147442032
2147442002
2147441980
2147441974
2147441966
2147441906
2147441896
2147441872
2147441870
2147441846
2147441842
2147441836
2147441834
2147441770
2147441752
2147441714
2147441704
2147441674
2147441626
2147441590
2147441566
2147441542
2147441534
2147441522
2147441510
2147441504
2147441456
2147441452
2147441426
2147441402
2147441360
2147441350
2147441314
2147441284
2147441276
2147441254
2147441242
2147441212
2147441204
2147441192
2147441170
2147441162
2147441150
2147441144
2147441140
2147441122
2147441102
2147441066
2147441036
2147440994
2147440982
2147440976
2147440964
2147440960
2147440946
2147440924
2147440906
2147440876
2147440856
2147440852
2147440850
2147440846
2147440840
2147440832
2147440754
2147440736
2147440724
2147440706
2147440702
2147440646
2147440642
2147440640
0
