336762659
5
541804633
73
2161
6
59
1873
492425573
6
13
5
4
11
6
6
9
4
6619
5
628520891
183195679
4
4
11
120822869
4
5
13
186087257
1061
83
29
5
1933
13
7
5
6
6
23
6
11
31
4
5
5
6
4
4
5
6
758881439
185703109
2099
5
857
7
4
102738527
139
4
5
4
23
101
7
4
43
5
23
4
5
4
11
4
4
914810711
661
1172372527
6
9
7
4
9
9
118378669
19
7
191
4957
4
4
5
11
12703
25373
4
19
5
17
5
1788131473
109
4
97
6
61
4
7
6
229
798474529
5
4
97
7
67
7
11
7
9
7
4
7
4
31
938842691
2115575923
722230169
5
1252214869
271114489
859
9
7
6
4
7907
37
36772621
4
491
6
9
5
457109377
184048339
5309
4
3347
97
5
5
4
4
7
4
419
7
4
6
4
41
5
5
11
4
5
101
4
5
1887614119
4
4
5
4
7
9
4
4
9
4
19
6
4
4
11
67
7
2010377393
7229
79
4
9
97
13
5
4
5
7
7
4
7
11
19
5
5
23
715627301
326349071
29
13
5
281
4
4
811
101
5
19
11
4
4
71
283
4
293
4
7
11903
7457
5
5
23
5
11
4
5
11
3371
4
79
4
4
7
101
31
5
4
4
4
5
4
5
11
1769852761
5
6
19
4
4
109
4
1011485213
363532859
5
5
1182826859
4
4
4
1574682679
4
5
6
167
31
4
31
3253
5
5
17
11
4
71
43
1403128073
5
5
4
5
584190137
238110463
17
2116103273
4
11
547
7
1559
17
9
5
4
5
71
7
9
4
7
587
13
3697
11
17
944749723
11
5
4
101
7
11
5
5
496635457
251268481
5
379
6
4
6
47622947
4
233
7
5
11
73
41
5
13
4
6
5
4
6
11
29
1237
4
179
103
26783
4
5
7
7
613
5
9
17
4
6
23
5
4
5
7
263
322582193
108011363
4
37
4
19742419
4
191220899
6
11
6
5
6
4
7
5
4
4
5
1171
199
967
11
17
5
7
19
31
4
37
6
9
4
5
67
197495041
1200466207
11
388715941
4
5
11
5
13
4
23
4
2095374703
521
6
1163
6
11
9
19
4
15199
6
4
101
4
5
692152129
131
876982619
101
295617173
4
4
4
4
17297921
4
4
11
814655651
7
19
762546709
6
19
4
4
7
4
7
4
13
9
29
1607417131
5
4
4
4
73
613
7
1061612537
233
6823
4
6
4
4
4
1047415427
1360836649
5
3331
5
4
6
23
4
17
7
548167559
6
4
5
4
5
3659
4
4
5
19
311
29
1493
11
257
4
4
137
399850067
19
7
4
7
59
4
17
157
13
6481
4
59
4
2689
274906537
4
1279
7
782770411
11
9
4
17
41
303918893
5
4
5
43
39341
5
4
523862533
7
4
41
6
151
6
4
5
9
1886318897
29
4
9
7
6
6
4
4
6
7
6
4
4
4
5
4
11
3727
5
13
4
4
4
203082161
5
4
7
213188179
17
4
9
11
5
4
41
4
5
109
4
607076641
5
3019
31
11
5
601
9
83
855404807
23
6
47
41
11
6
31
4
5
564919699
23
4
23
13
6
103
690884659
1259
5
19
4
157
3347
2138264129
19
31
271
7
5
5
6
4
193
6
3319
11
4
5
6
4
4
4
13
11
5
4
13
4
4
4
5503
4
41
71
4
4
4
4
4
6
7
571
5
9
191
9
1501682557
41
5
14557
7
7
5
1021
5
17
543710903
4
11
7
23
1012071037
1616111569
4
4
4
945999671
4
419
5
29
79
4
11
9
5
17
479
4
6
7
4
7103
5
113
4
4
4
4
4
11
6
5
7
631370731
1913
4
4
4
6679
197
4
4
7
4
4
7
4
4
526830911
7129
827198399
13
11
4
17
9
5
1299010523
79
7
9
31
6
4
4
11
5
4
43
5
5
4
4
317
19
4
4
6
7
13
11
4
5
9
7
4
67
1429692041
506870269
4
5
4
5
4
17
183352231
5
6
31
11
13
7
7
7
9
4
4
5
11
13
7
9
6
6
4
5
17
53
1770599989
6
17
5
19
4
6
4
5
6
5
47550641
2339
7
13
4
2069
11
17
4969
6
857
4
5
6
6
4
8849
5
1207118197
6
13
777950081
19
4
13
13
9
1418697307
19
53
23
4
13
281
6
4
5
6
6
4
11
5
4
5
2531
11
4
6
6
4
143617087
5
5
11
43
4
5
47
6
1069
632824351
5
4
103
229098203
9
103
307
6
5
59
4
5
5
4
4
7
4
7
13
19
8731
5
4
4
13
4
149
5
4201
11
7
7
13
367916503
5
461
11
5
41
13
5
4
9
9
4
709329287
7
7
5
9
53
257
9
5
4
11
4
6
31
4
163
13
5
510699577
9
5
7
7
4
10597
4
4
41
6
4
4
4
118072379
643855243
9
4
19
61
13
5
5
17
416267197
6
4
31
433335803
6
9
4
6
7
5
4
4
9
9
5
5
5
139
4
4
7
43
4
6
5
7
4
4
241
5
11
6
47
5
4
5
367090103
19
7
17
13
