787238698
2059116031
1687469932
1075806354
2105481495
1029951367
789116092
700127996
1399313087
76726408
1709972422
658042812
1587542690
1970228161
209033001
472330531
1125720711
781554973
568056685
1849651265
2142904841
1856542055
287134748
1757589780
311989832
1464685258
1737270247
176508048
1407172068
138242998
61632237
46927118
49875381
1749102169
1122733472
7873228
631569889
1911849564
708001225
2030882976
1988575972
270489999
541442140
1428635015
93234512
750475141
1900965546
1218955223
1532030115
321538583
921122840
1527451308
30596990
1208257588
1137557440
342586822
525459198
727344040
519094871
1932631266
865587038
580727108
1979558385
915462419
182345630
954808209
923335648
813915519
719174126
1631336873
697314847
560266450
1901826872
1238756988
1988901465
1995061384
1989232129
1742383363
1066532959
1373778596
2063921946
1987655799
753746256
2094518937
1048429740
1891303697
289622111
1573888938
471164089
808716982
1359036557
1336751127
1389444091
1191111294
104729898
1571789721
2145919503
1028065546
238221592
717609981
511918771
935536439
1277876432
266261995
26809779
1119294249
113839731
2016041909
714193965
1180372690
1242336857
630632263
1020544842
1996083114
577667552
2068974582
1739903163
867289664
1495379872
63583604
1676006646
706932781
1400334731
917967089
1898044075
1505064629
342273162
1896479931
385646528
580494754
466606264
897565299
1516031194
1744482696
1163827295
1542840973
716293298
1277667026
1411399234
1430487263
310556069
506252444
2061119526
1331100911
354851910
491303431
1252591845
2094755073
1358593095
600488069
10855029
887116093
1307420851
1411189760
1805083183
1057981278
768770741
2147356345
806977561
1154417269
580367452
1273583826
2051982569
2096398646
870582874
1068326216
1491755971
1586876172
198509594
755671558
869879787
509065663
1261924002
783515666
1840166574
1616775912
1274819097
945274771
1564047337
485928544
1545762841
1574902366
1373044637
705700044
838608478
1030644172
1763681322
1607379219
1030516870
423175236
614312841
1610884322
1696759062
518811762
1559799320
419858288
1587137978
904071643
2006734461
1785647572
1659743201
729130600
147229588
774183555
1512646266
1987396162
243475819
639981715
785187286
1807523156
1125910259
183466479
1234941874
351471249
889166523
2073550352
1382115421
505364197
1533445924
265148643
928539433
275117
1876032965
477814847
519086879
1288348637
897673136
2106224857
44936633
756923949
1744388781
1704679834
1486054549
1891618369
331379742
851217168
1731530884
574855561
1491198883
369234522
234895070
469625495
552701001
1469836944
821096744
1441867524
1395903649
55728517
1947231721
781865925
320877161
728287507
782141042
49426478
1206102354
1301227921
1337775116
2103775490
1259969130
1382711749
713215791
856874263
939907935
51786693
601008985
1271287677
903003861
185056221
1846143239
246719096
554290743
2081038309
716344591
1106991744
1403391605
1537441335
401375620
651811606
1593169853
201123693
1433677531
1914047014
929411200
68334925
1963473492
2135513555
1369562846
1153764960
2091805397
482048328
388993061
657537541
1338922592
1328900997
709324234
1939931577
452705026
1612328095
2124987798
151364617
1859047191
531794893
84919278
427908135
1638786637
1488310884
1965349470
2040162257
2140122490
1411035675
93802302
1426316374
1177599041
1023213503
1494651299
993588886
1011243410
716730498
2147353846
955565159
1198778826
388863260
1613102700
390217770
1717764257
174943286
182665699
22985635
1787271381
160169849
174350253
1498834925
691964742
259269531
1926743060
183267731
1747580415
1744608882
75946340
1740219258
1008160910
169748643
1019051984
38276303
1192962146
366219635
1031865189
56721908
1082950133
1031735388
1012287067
134245312
1420598648
477906120
524463082
990879257
652849406
707128782
1013864892
292637140
867298631
1188215145
1791472065
1559263374
1447484677
1570731477
1742531105
1047581444
1167856711
1818477446
640317054
28533973
1988226089
1659369038
66810277
1033704587
2025588674
1098675466
1090426495
961055159
2130410854
2102713562
1095300471
1403525854
433136034
1619763554
246921463
1085985441
179408688
1260786356
1378622581
1046707319
301517853
1022610998
458487045
1749002530
445858827
53534503
649100327
1613715538
1872011949
1289417381
1642249512
1712754390
801302772
1709059789
598975329
679407798
660251607
1689401824
1640462957
643178814
1644631738
588279781
2046704668
2077767773
60559687
146142484
1016269566
239968375
1406928840
247408499
1286675694
1708446693
1270019497
1745162740
1309965576
1715878324
1798697243
1959065903
1182110214
1523225544
1100999636
676876078
1088496286
1902302408
238452219
1687471615
434226558
898703827
1229389791
2074689516
1541882641
726537881
515485649
1441103661
656822006
576045336
1587246145
1673091572
816013711
846691337
1920500071
2102689405
407654383
1043035920
1700368497
1717619959
611430596
1351582092
1529202214
1793540811
727323988
482718202
322933241
1815820274
237536963
561385461
1355808241
671763521
1460089288
437714384
598969389
854488281
1164252266
1114455038
148108294
1821074272
1690500374
1735354440
1346682197
359030437
434562129
1119698620
314236195
842216512
15250893
2014604692
412352823
626681489
1218703137
1941555037
272738652
1946027125
276789592
595671894
1614363752
514326555
1157057355
822688345
1186090076
469662995
1260402730
1785059466
1324151276
277171348
752030856
1472259570
2098245620
295047583
1060130362
1297444169
654078020
1494692492
269659142
968314215
189425356
284910035
835435260
601778180
911591524
2054138397
395849569
1184330177
1852681874
672639161
1780002071
1319561978
1186965716
789575778
2142250324
225572145
1259238773
1255169406
2010631611
435906401
1532340754
615178819
1908165971
1483102726
910226402
820812686
633063248
1564304423
168021530
902722390
385134990
357446886
1187632425
1220570250
959225066
2099223949
1127224999
1355074636
1136070478
832423226
2027713797
768588901
4501556
1067195866
1558164679
2146751880
1292768011
669919804
1254437638
1155915974
1105826205
639294744
1771094793
866508529
2122397471
533837548
1687321215
607977071
2098141971
1855342745
1510699461
335793313
65305983
550848238
1556363564
1024531050
502588539
536104915
232122038
1638659018
1368528141
112352187
259764271
1373029698
1179548053
1817928951
1372297930
324832416
340365107
479251921
1480748390
1446191313
1118546665
1104359536
165216194
1093460488
1638197084
1852537409
1701437559
1588855407
1560396506
1064653372
1924648720
1625702489
1615501610
1333528636
502749891
2118090150
1869633552
734871929
1609265520
1090678045
847224117
1869029791
316224095
2026772170
1539475094
1688522026
204120939
1879840202
20290299
1684869329
1178547867
1138836964
641745217
1343764061
84813805
132458653
1048817822
1786251364
1721314060
461730680
703421089
1498479133
2087433169
171439051
684524121
442699413
142045553
406674025
1177571342
1751311073
1497352071
2024795459
1472857217
1813576166
1904083982
864848663
1354614544
2108204921
597205217
1374904843
1645590602
1775753084
366258160
139852172
972033497
451071965
272310825
2020851319
89839681
1993624886
335098351
793260770
1344620371
275047873
964699822
2029144492
717747286
1106745375
288334870
1895318628
710572801
1785686941
1772630440
35946370
1451779459
1529230774
900795033
658910356
1489952047
1498000251
2033815199
988059001
1126269687
252589711
1127911173
2098303185
703661676
1400221999
1971670856
793501358
1246363237
159285560
1586762128
443499960
434333433
403978302
325160804
1152080719
1510723678
613495674
899915699
73812831
251698967
525062491
109759201
1703478427
2054293265
1010554234
214905135
1396761664
361070837
101236686
237337018
1487340525
353826398
1365248191
1438160062
1057488074
617986542
1262347270
1850989432
1864349779
1421632830
1290267913
160366091
1855966263
1694246215
485526896
860563334
1057486245
1099022570
1760479034
1131299076
1350721538
138057877
1241058277
906716317
44867495
104128864
1121621452
1441629159
465199701
1222858138
1678966177
1952540226
1576684536
896730721
1243216640
486688963
1514717263
358080263
190194747
1231583395
1779713093
1480462660
1391949486
1488195709
1027225228
1877476382
201275395
2084711473
829015305
1961754429
1068526902
32253195
2099812307
162101531
938969512
2144679802
266230395
2060590964
1438825313
731430097
1135965454
970307843
536486675
565166343
1867038564
1779703316
1051855306
1234272179
2137783579
1242050053
318371926
1770013024
575029066
1710321413
1110725085
1602254294
1440314147
1312000481
1539482119
121845804
1126271262
460525373
154098999
1078599921
622626905
1093068511
1075796075
888857300
1006175827
367137741
1620287397
2142141282
1337445584
9290425
559823977
1057000500
1788993741
1611679283
143789031
1779293672
706245688
462160958
1401823048
1281274754
24998723
365064486
736045400
1465312870
1677064967
128043872
1587158675
655852581
588569245
1741257674
1734452503
1211196150
686842538
662764930
2100053451
1693018365
1029902671
1572857200
1687675999
219864607
1582147625
100016328
1276865107
1223657718
1711695611
1420654139
855467742
270457652
1882815097
109807143
1551732406
1907813820
474871629
140294159
1225643042
4452948
268338031
665318069
660305529
856907276
259092096
247274384
2068103427
945934634
910039315
2020673230
491469351
1939941986
1446046782
31661703
12322946
880710760
131678031
1289188053
2104368478
1843373643
562358544
812352573
2113831295
297689993
922159716
1518080053
58020165
1397031345
1658374212
1283663208
1401484293
1926712243
1948981277
2061789822
636135872
60589725
161580559
556755651
1006524359
1071619874
429945233
1497993711
864078212
1875992015
1529655414
876401158
609219127
1661333445
18105564
566103958
1357223440
580464108
1378456531
1323571087
878154102
153132599
694167493
936174267
1550163944
205058057
72353827
804164589
2131770301
2021335105
718470763
620422525
2081924830
880051322
1177178176
940965542
1951671196
1607123409
291475605
668265761
1335631776
1821131019
1544666919
1944850904
1334980816
1562772483
363471214
544720609
2143236592
1741927745
1868291696
873907046
1895060344
414975541
1810081313
1297740640
620033599
1882435141
2101905229
604320252
1756286598
672892344
1224742777
1690727780
1552943667
254437305
484209674
1357131215
1861560714
775685279
2025396976
1049708842
449332650
1422580248
847076098
1784313467
837869083
1210547312
181550428
833622027
804991409
2049842124
1707529073
552568105
317334018
1370126739
1850308745
937367617
1105078232
1804730326
1541687869
713881182
330139023
618946998
257125314
1883082690
873384303
741334989
1092730257
587461369
1517020268
970643586
1637170211
1966352919
245740186
0
