1669244389
536170788
509710627
1328589108
1774550746
229156707
1551602216
952074732
1676254099
1609458643
483815859
116094683
281001934
1961019408
1317323321
291328638
1371387127
986610505
851516030
673221332
1072164889
927013260
1915299688
1716139357
1869182099
545413673
669926021
915153985
969205863
423901777
2138252788
490966605
960072565
500479767
1819555713
587139664
729636474
1223674281
1539214396
258406925
685649276
2023030255
374501609
966651210
1836566016
1691824930
1257979849
1060469495
530951787
2109495879
1733690828
1603116676
889025491
1501506868
1171772385
610723942
2046920542
1841698406
1525877928
868642757
118116536
1516647068
1359609362
1078189101
2017126835
1031681427
1665328765
599279661
107872060
1057059514
857686587
793521336
932606121
1232188196
1760172547
621688489
776529478
870668748
1682157985
1307481266
832680979
1268365165
763114294
1721706471
622388385
1934886680
184946765
521825279
1629101438
1710824693
1390468037
1747217974
1079988113
602593751
677923428
949631300
1634275179
195768545
1548910962
1742147239
1252828059
259113901
388184928
37950533
1491302097
873827
659639022
120347927
871542575
194313359
1427829193
1704223554
1462678524
43459840
1278446377
2085066910
1978346520
1463393143
459408541
1459964310
1026734188
1849876578
1059698637
2106722302
304986682
1737622065
908869954
1939261861
1933390610
310297268
1533925452
1038735022
569411169
1922110380
1076685555
2060713266
1922984207
1736324577
33577546
647043134
1930637937
1461406739
203783041
1245832813
1504866579
1482229418
1183416075
1335729451
798138913
1642824617
648210114
1824873102
1345217547
1707908751
1784111756
1650204229
1298047168
545498062
1441982442
1083954130
855795331
828424247
2122689152
1425206500
603050979
1051891059
1338436119
378551539
640731989
1372013665
1025594673
423886278
685936756
1229377714
1669719091
43319688
564123485
705651519
1379049139
1362262398
200992488
2027259253
1039651852
1546210035
1587684356
676279960
1048930617
738247876
1221778023
343429411
1822202007
2077573354
1171853658
1797407511
1355296206
1774904638
701814923
546248677
5972529
1342546912
1918262342
1031567202
1766433190
456715451
113461269
1288668633
500035139
677584754
1994320152
1879084278
2039847152
47828992
1758859884
932015357
1594039028
1199060592
1608295317
495485997
1937308469
682589692
838915408
1612026828
612679398
2010769067
1261950691
1967975605
1638190057
1963765614
366740634
1644162586
1158828878
137519329
528246140
777778420
594234780
641707409
2066447054
1094269919
1319292163
1913283558
825870549
1211655668
1961112551
437246785
2143671025
1407667931
1636307378
1604482694
1903153928
1426132199
139588739
594585688
890675379
752268137
457871107
5142422
572760094
2096061164
1968908037
939500729
1592740102
980253267
1077020058
2120986243
1758031688
1671254838
615210004
1676995094
618041109
1934502168
1442795004
1443911658
998674188
1256423907
1881158444
994861565
516608190
1369982174
451860611
272278470
648630725
591449350
866864159
1539306104
1343717488
1324735266
1544448526
1916477582
1273312783
1365872915
708494663
718569237
198642535
1785514721
692071832
1956674223
1309285911
1307281837
1486185669
1927327020
1094300357
781497025
1223755031
2092974545
2037920933
957429827
940352462
407045475
179928353
1392213073
679323946
828559078
1983662424
1546188105
220381534
1179896264
723439723
1764830060
948890198
1996752506
983219328
1657384862
567838096
1181861863
1295415935
1259909928
991052438
457218199
419708117
329754459
237061571
1514008474
1111251484
1460816602
1459499371
1001688769
270762781
252368185
1408734245
450691134
1644581259
2088058191
1279250212
1480760035
1486762648
1499631746
513172651
62718723
1116978159
1462062849
2059471230
2100197487
971964063
479825678
1134575702
119896351
1739735606
2125628140
577114550
11960076
307898951
814176121
1525968550
1419150435
127509076
837984274
273355557
398271857
1090352459
1682089802
848962992
587450070
1622664345
2128213204
2068210105
961943345
1480361303
433899108
1024662068
449855814
1895961958
936649650
402569653
720442373
1416475328
1537145355
840338724
1008727287
1515289847
1417453274
1020687363
1823188798
84145748
399172265
1094855585
211654824
1237156539
1368211142
609926681
180025351
902817296
1458889673
767475421
377997993
1439619230
688201879
1339941338
772496885
1122100987
217119759
1222352699
870579297
1153769409
1624922352
1591021671
422761090
1014584059
283876747
1431488377
382390258
1701330022
304692092
58095408
1785475770
703864357
1152950993
1997130594
1941020897
373678488
459573627
2121046248
1276495784
1918463301
741038021
1654493778
1210598883
1429239900
846951468
1983095768
403857240
1064071227
1057964819
1274436537
70356989
535403523
717974560
493118079
1549987582
1001851308
1924606456
1932377840
555697682
81814900
1990473248
193689804
785679257
995940593
43336750
579216506
1369619081
502910377
552779106
498631218
273890030
1293817128
5641348
1484488913
575573380
852592816
1320101033
979430620
1916664044
230582204
106383510
1987021033
765985727
824358070
332655464
168489661
1826209378
109778272
2100867501
234423412
191593172
1943857101
428113216
977272429
792314047
471449966
1556488936
14449480
974360344
2109268042
513080698
1248250374
1255601522
518722046
585255640
1831174903
1371314863
1905356673
663121875
1140495259
2135938878
769505385
980032644
754440957
1593863456
1312688108
922930619
1272589186
1422466380
876314472
1507012599
1614059552
672687926
1935125815
443848333
1465001973
259092134
2000337269
1479451453
1233452478
1962121664
1992532152
334219204
1070239538
363770550
919474844
753930793
1735085413
677347870
1417052669
728097024
665803100
39074406
1708129668
1420244057
1632937862
873334128
195691028
758043401
148316860
1072005501
117572352
1762376412
1744693427
2052698167
58741098
1062211752
164306653
2059078367
394179557
1397759131
1873716383
239228061
1731978336
796472274
602998612
503969532
1550403067
190600377
1181317402
819972088
918697402
1847120502
859046495
479343422
1119880912
344500709
1352677551
1315571940
1102544110
1500994411
240093793
1220116462
1115887176
1984787220
1125330982
1174628274
899515324
1289637635
1086222993
1293694882
539913119
812455729
1532922943
124407807
1608928003
2135921555
628377339
1011847422
179038285
1809694742
1831819511
1097735687
1509331596
543382358
1577079109
481728860
887883067
782273012
1797300801
1990427178
135783776
2037394594
1063059992
1251670952
1874698167
40907326
278815578
626729843
1330544962
1365038571
1920424725
1870458081
30010652
1305864021
1994865888
1638938655
1294301928
475759579
503302430
1473340213
137970673
187638293
423592252
1647302270
731020651
2000671362
2129031130
1618903718
635460726
1778848283
1461847248
771244502
1668759230
377423593
2022915454
1395973749
418330919
154247384
2022703592
1748875881
1519285956
1795644670
1471850314
1549296608
954025043
1319232554
1040751616
100843323
1794992134
1544054046
1574183537
1932962807
1731692339
1997775789
1432781429
315229342
1850963503
1414328912
1934133060
338940582
1045693547
1248496661
1110185084
566969129
1625920254
985616891
1962942878
2044251173
1139864275
1838162823
1645643407
511666583
1486323845
970010073
2060963192
292865240
141758980
954231160
393708563
1936751114
350801558
1967892100
1722230273
2082493897
1818184242
1007528055
250239591
1521664097
274373319
36889003
1860604679
1320066866
1285385664
823306116
1887035996
763822270
1808923007
1702495226
660589796
801303634
1393174401
158749555
1312970218
732014598
1128759628
1226449762
1024879838
1270518608
33197274
1418588402
1059786074
383998832
1238996854
634532700
319009081
909697448
1642060755
569248672
283877898
1916434074
606137675
2144482577
1089017292
1891523340
820305045
828569640
507861962
481744404
383581219
1168451758
1283048039
1776755620
1327201313
448534609
361286571
308477294
1674984371
1386166409
1578995902
1708181645
657271163
491298329
2092180477
1896268018
1125831029
263705910
658481818
620408136
832954582
942359716
389358562
1439092257
939358646
1478375854
1183131949
1759663691
159461847
1690993912
93924448
543043066
711962022
1376972487
172315038
2039163336
1825507096
533601609
200156982
1353007819
1919768019
1779152884
913705816
429555534
122967565
858402645
178339904
1248798594
1122108555
836821723
1869206730
1955063137
1779181439
111081644
1246671746
571056437
1589457499
282320048
183236481
1748919346
1973313960
277160929
144478764
537792334
1654133416
316793802
429472022
1332156864
850395412
629629004
537681035
622679783
261298241
1451386851
1052235317
384265806
162305848
1230575222
1633064401
1284414403
2067396945
1354787483
1091993892
1699094736
1465869128
191181990
122667526
907842979
473502038
305904007
509278677
299332350
583064936
653757441
837124685
89714704
970551243
1266596707
1421871568
1820946655
1896225712
1959552603
296142790
10040305
1263455806
1348378108
394306111
1425761654
431469682
2027370512
562692409
351382979
1234674348
1654686301
2050477715
553059828
1845868291
25661593
1460902807
171886682
331565600
1970181484
471219032
914630536
476455277
1308343717
1004345240
1447006520
427456777
278733160
1120469528
176198841
90802115
1416612318
186239146
1354257921
617506778
580545257
632535927
1048976460
460432122
1195228336
1400359439
1695106470
702430989
1303353507
100682650
400815633
1329015100
1561585457
572702315
1660580701
1384283293
1043921347
427727589
1860738570
204781417
1432072830
1160261442
632238194
1710805990
133247322
808437035
1801608106
1549859641
994676181
1008382379
19882771
1575221438
1640918307
1068859232
2035653560
688662995
321735023
1583276382
1391093985
1625088530
1683959032
1791909618
806619983
1098060841
217128285
319717036
334860486
1261049632
747444625
48115408
1465831049
32033807
1208376851
2098069243
1742839798
1341624173
759022630
1396964256
744000166
1753698811
257862987
763882938
1181436602
1898781294
1832742170
1069606514
439960642
6993545
505399249
1831054627
1632082076
41874633
1475480597
291218411
1139935475
1692608882
610935447
1474795961
806174866
1358380072
1522911370
124522268
1390413880
583804573
75107863
985770030
1925428746
834130494
235250638
521945265
440345657
493113625
1285828203
1621782259
244411272
971086725
543905126
684371914
978080270
1049304375
367942893
462678698
1091179008
1843423490
753897109
83630835
1388548724
1364832556
1558426797
47239942
575728981
933854519
171762210
1966142861
1517659092
246870074
804429243
1295604190
1081000568
1039679881
1817549455
1521346225
1532793506
955894010
995644837
1777204778
1926980735
1539549963
314093044
757577358
441370690
0
