2147440621
2147440619
2147440579
2147440549
2147440469
2147440441
2147440433
2147440429
2147440423
2147440409
2147440397
2147440367
2147440349
2147440261
2147440247
2147440219
2147440201
2147440117
2147440109
2147440069
2147440049
2147440039
2147440027
2147439991
2147439989
2147439979
2147439961
2147439953
2147439923
2147439911
2147439883
2147439863
2147439859
2147439841
2147439803
2147439799
2147439731
2147439727
2147439709
2147439653
2147439599
2147439583
2147439557
2147439523
2147439509
2147439491
2147439443
2147439407
2147439401
2147439341
2147439331
2147439323
2147439293
2147439271
2147439251
2147439227
2147439209
2147439187
2147439149
2147439143
2147439061
2147439017
2147438987
2147438941
2147438927
2147438897
2147438873
2147438869
2147438833
2147438749
2147438743
2147438731
2147438717
2147438707
2147438687
2147438681
2147438663
2147438633
2147438617
2147438599
2147438563
2147438519
2147438483
2147438459
2147438441
2147438437
2147438393
2147438389
2147438357
2147438353
2147438347
2147438303
2147438261
2147438207
2147438179
2147438143
2147438123
2147438093
2147438077
2147438057
2147438053
2147438009
2147438003
2147437997
2147437937
2147437889
2147437871
2147437843
2147437819
2147437811
2147437801
2147437777
2147437769
2147437753
2147437751
2147437723
2147437651
2147437613
2147437609
2147437601
2147437583
2147437577
2147437553
2147437531
2147437511
2147437493
2147437451
2147437447
2147437429
2147437291
2147437283
2147437267
2147437217
2147437183
2147437181
2147437147
2147437079
2147437073
2147437069
2147437027
2147437001
2147436997
2147436989
2147436959
2147436931
2147436919
2147436901
2147436877
2147436871
2147436833
2147436793
2147436751
2147436701
2147436667
2147436659
2147436611
2147436559
2147436517
2147436463
2147436443
2147436427
2147436419
2147436397
2147436353
2147436337
2147436281
2147436217
2147436199
2147436197
2147436143
2147436119
2147436103
2147436091
2147436079
2147436047
2147436041
2147436037
2147436019
2147435987
2147435977
2147435959
2147435957
2147435951
2147435929
2147435911
2147435897
2147435893
2147435891
2147435861
2147435809
2147435791
2147435789
2147435783
2147435777
2147435737
2147435701
2147435623
2147435599
2147435569
2147435539
2147435533
2147435527
2147435509
2147435501
2147435491
2147435483
2147435473
2147435431
2147435417
2147435371
2147435327
2147435321
2147435299
2147435293
2147435287
2147435281
2147435261
2147435249
2147435243
2147435201
2147435161
2147435149
2147435141
2147435083
2147435071
2147435063
2147435057
2147435039
2147435009
2147434981
2147434979
2147434943
2147434909
2147434907
2147434879
2147434871
2147434829
2147434811
2147434771
2147434733
2147434727
2147434703
2147434691
2147434687
2147434673
2147434651
2147434603
2147434579
2147434561
2147434529
2147434519
2147434517
2147434507
2147434483
2147434477
2147434451
2147434439
2147434411
2147434391
2147434363
2147434361
2147434309
2147434291
2147434279
2147434243
2147434217
2147434193
2147434153
2147434141
2147434127
2147434117
2147434109
2147434103
2147434099
2147434063
2147434049
2147434043
2147434013
2147434007
2147434001
2147433991
2147433947
2147433943
2147433929
2147433887
2147433811
2147433791
2147433779
2147433719
2147433707
2147433703
2147433697
2147433667
2147433649
2147433583
2147433577
2147433559
2147433551
2147433521
2147433517
2147433503
2147433487
2147433469
2147433451
2147433401
2147433391
2147433389
2147433347
2147433317
2147433311
2147433263
2147433247
2147433229
2147433227
2147433193
2147433173
2147433139
2147433137
2147433133
2147433103
2147433091
2147433077
2147433031
2147433007
2147432999
2147432993
2147432981
2147432951
2147432921
2147432909
2147432893
2147432873
2147432863
2147432767
2147432731
2147432723
2147432699
2147432663
2147432627
2147432587
2147432561
2147432549
2147432531
2147432509
2147432501
2147432479
2147432473
2147432389
2147432387
2147432369
2147432351
2147432293
2147432239
2147432207
2147432173
2147432171
2147432149
2147432143
2147432137
2147432123
2147432087
2147432069
2147432057
2147432051
2147432039
2147432009
2147431973
2147431967
2147431963
2147431943
2147431939
2147431921
2147431879
2147431843
2147431837
2147431831
2147431757
2147431751
2147431733
2147431709
2147431681
2147431669
2147431667
2147431651
2147431633
2147431631
2147431613
2147431609
2147431579
2147431553
2147431543
2147431541
2147431529
2147431513
2147431511
2147431477
2147431459
2147431453
2147431439
2147431417
2147431393
2147431387
2147431367
2147431343
2147431337
2147431331
2147431259
2147431213
2147431207
2147431199
2147431193
2147431171
2147431159
2147431147
2147431141
2147431103
2147431093
2147431079
2147431073
2147431001
2147430991
2147430979
2147430941
2147430917
2147430907
2147430899
2147430881
2147430841
2147430821
2147430757
2147430743
2147430739
2147430721
2147430689
2147430653
2147430629
2147430617
2147430587
2147430583
2147430563
2147430557
2147430553
2147430547
2147430529
2147430503
2147430499
2147430487
2147430437
2147430413
2147430379
2147430371
2147430353
2147430349
2147430317
2147430283
2147430281
2147430253
2147430239
2147430221
2147430209
2147430169
2147430163
2147430149
2147430127
2147430113
2147430101
2147430083
2147430079
2147430073
2147430071
2147430049
2147430011
2147430007
2147430001
2147429993
2147429969
2147429897
2147429881
2147429863
2147429849
2147429839
2147429827
2147429807
2147429803
2147429743
2147429689
2147429659
2147429633
2147429621
2147429611
2147429563
2147429561
2147429467
2147429441
2147429413
2147429363
2147429353
2147429351
2147429311
2147429309
2147429281
2147429237
2147429233
2147429213
2147429197
2147429183
2147429173
2147429147
2147429131
2147429071
2147429057
2147429047
2147429023
2147429003
2147428999
2147428991
2147428981
2147428957
2147428949
2147428891
2147428861
2147428837
2147428823
2147428819
2147428793
2147428783
2147428739
2147428727
2147428709
2147428687
2147428561
2147428537
2147428523
2147428519
2147428489
2147428433
2147428421
2147428403
2147428363
2147428343
2147428333
2147428307
2147428277
2147428267
2147428243
2147428193
2147428181
2147428147
2147428139
2147428109
2147428099
2147428093
2147428069
2147428027
2147428021
2147427973
2147427949
2147427929
2147427923
2147427911
2147427907
2147427901
2147427883
2147427859
2147427847
2147427839
2147427827
2147427797
2147427781
2147427727
2147427703
2147427701
2147427679
2147427677
2147427647
2147427643
2147427593
2147427563
2147427551
2147427473
2147427427
2147427397
2147427229
2147427221
2147427209
2147427173
2147427169
2147427157
2147427151
2147427137
2147427091
2147427083
2147427047
2147427043
2147427041
2147427001
2147426989
2147426971
2147426951
2147426843
2147426821
2147426747
2147426693
2147426681
2147426669
2147426657
2147426651
2147426641
2147426629
2147426623
2147426573
2147426557
2147426551
2147426543
2147426527
2147426521
2147426497
2147426471
2147426467
2147426459
2147426419
2147426401
2147426399
2147426377
2147426353
2147426339
2147426329
2147426317
2147426263
2147426243
2147426221
2147426207
2147426167
2147426161
2147426159
2147426153
2147426147
2147426143
2147426137
2147426117
2147426107
2147426081
2147426053
2147426003
2147425993
2147425979
2147425937
2147425933
2147425879
2147425871
2147425853
2147425759
2147425729
2147425711
2147425681
2147425663
2147425607
2147425591
2147425559
2147425541
2147425531
2147425519
2147425513
2147425507
2147425457
2147425453
2147425447
2147425411
2147425393
2147425381
2147425349
2147425333
2147425309
2147425297
2147425283
2147425249
2147425243
2147425237
2147425213
2147425187
2147425169
2147425139
2147425127
2147425123
2147425121
2147425103
2147425073
2147425067
2147425001
2147424949
2147424913
2147424899
2147424893
2147424869
2147424863
2147424827
2147424817
2147424809
2147424793
2147424787
2147424709
2147424641
2147424589
2147424583
2147424577
2147424563
2147424557
2147424551
2147424533
2147424523
2147424511
2147424481
2147424469
2147424431
2147424427
2147424359
2147424353
2147424329
2147424311
2147424299
2147424287
2147424259
2147424247
2147424203
2147424179
2147424143
2147424133
2147424127
2147424113
2147424107
2147424101
2147424079
2147424073
2147424047
2147424029
2147424011
2147424007
2147423983
2147423963
2147423959
2147423953
2147423917
2147423893
2147423881
2147423851
2147423849
2147423821
2147423771
2147423753
2147423743
2147423717
2147423713
2147423711
2147423701
2147423693
2147423689
2147423683
2147423671
2147423659
2147423651
2147423647
2147423627
2147423587
2147423573
2147423563
2147423557
2147423533
2147423513
2147423507
2147423489
2147423477
2147423461
2147423431
2147423423
2147423363
2147423347
2147423309
2147423303
2147423293
2147423281
2147423273
2147423269
2147423249
2147423197
2147423189
2147423183
2147423143
2147423137
2147423099
2147423087
2147423027
2147423021
2147423009
2147422987
2147422933
2147422897
2147422891
2147422873
2147422861
2147422819
2147422817
2147422811
2147422789
2147422777
2147422747
2147422727
2147422723
2147422703
2147422691
2147422679
2147422663
2147422657
2147422649
2147422633
2147422603
2147422573
2147422559
2147422549
2147422493
2147422489
2147422481
2147422471
2147422463
2147422457
2147422441
2147422429
2147422373
2147422369
2147422357
2147422331
2147422271
2147422241
2147422229
2147422219
2147422213
2147422183
2147422153
2147422139
2147422129
2147422127
2147422097
2147422087
2147422063
2147422061
2147422037
2147422033
2147422019
2147421989
2147421953
2147421911
2147421907
2147421893
2147421883
2147421853
2147421833
2147421769
2147421737
2147421721
2147421709
2147421697
2147421673
2147421649
2147421607
2147421593
2147421581
2147421571
2147421541
2147421527
2147421517
2147421481
2147421469
2147421461
2147421457
2147421449
2147421383
2147421379
2147421373
2147421349
2147421343
2147421337
2147421329
2147421301
2147421277
2147421271
2147421259
2147421253
2147421233
2147421209
2147421179
2147421167
2147421149
2147421127
2147421121
2147421091
2147421077
2147421049
2147421047
2147421041
2147421019
2147420999
2147420963
2147420959
2147420939
2147420923
2147420917
2147420887
2147420857
2147420789
2147420777
2147420767
2147420753
2147420749
2147420729
2147420719
2147420683
2147420669
2147420657
2147420593
2147420533
2147420477
2147420447
2147420419
2147420389
2147420371
2147420321
2147420293
2147420291
2147420273
2147420269
2147420183
2147420179
2147420167
2147420153
2147420123
2147420111
2147420069
2147420057
2147420017
2147419997
2147419993
2147419987
2147419979
2147419961
2147419951
2147419943
2147419933
2147419891
2147419877
2147419867
2147419849
2147419819
2147419793
2147419733
2147419721
2147419627
2147419619
2147419609
2147419607
2147419559
2147419553
2147419543
2147419537
2147419529
2147419493
2147419489
2147419457
2147419453
2147419399
2147419397
2147419363
2147419361
2147419327
2147419301
2147419291
2147419249
2147419247
2147419229
2147419189
2147419151
2147419147
2147419139
2147419129
2147419111
2147419033
2147419019
2147418979
2147418961
2147418947
2147418859
2147418853
2147418841
2147418827
2147418821
2147418803
2147418797
2147418719
2147418683
2147418677
2147418653
2147418641
