2147418632
2147418622
2147418610
2147418602
2147418524
2147418520
2147418512
2147418506
2147418490
2147418476
2147418466
2147418424
2147418376
2147418352
2147418350
2147418344
2147418316
2147418310
2147418286
2147418280
2147418230
2147418202
2147418194
2147418182
2147418140
2147418134
2147418130
2147418086
2147418082
2147418070
2147418046
2147418044
2147418040
2147418014
2147418004
2147417972
2147417944
2147417942
2147417932
2147417914
2147417906
2147417872
2147417822
2147417816
2147417776
2147417762
2147417720
2147417710
2147417696
2147417672
2147417666
2147417656
2147417596
2147417554
2147417542
2147417530
2147417524
2147417456
2147417446
2147417426
2147417386
2147417384
2147417354
2147417332
2147417306
2147417270
2147417182
2147417174
2147417144
2147417120
2147417116
2147417096
2147417056
2147417026
2147416994
2147416990
2147416982
2147416970
2147416966
2147416952
2147416930
2147416910
2147416886
2147416880
2147416870
2147416826
2147416816
2147416810
2147416786
2147416774
2147416772
2147416762
2147416724
2147416712
2147416706
2147416660
2147416640
2147416592
2147416576
2147416564
2147416562
2147416556
2147416522
2147416510
2147416486
2147416480
2147416444
2147416382
2147416360
2147416346
2147416342
2147416304
2147416270
2147416244
2147416226
2147416216
2147416210
2147416192
2147416184
2147416180
2147416166
2147416150
2147416136
2147416124
2147416114
2147416112
2147416082
2147416070
2147416060
2147416034
2147416006
2147415992
2147415946
2147415934
2147415892
2147415886
2147415862
2147415860
2147415842
2147415820
2147415814
2147415776
2147415752
2147415740
2147415722
2147415712
2147415706
2147415662
2147415632
2147415622
2147415620
2147415610
2147415566
2147415562
2147415556
2147415544
2147415536
2147415530
2147415502
2147415466
2147415454
2147415452
2147415446
2147415430
2147415376
2147415346
2147415340
2147415326
2147415314
2147415310
2147415206
2147415184
2147415122
2147415110
2147415062
2147415050
2147415044
2147415032
2147415022
2147415016
2147415002
2147414980
2147414956
2147414950
2147414842
2147414840
2147414810
2147414794
2147414770
2147414726
2147414702
2147414654
2147414644
2147414632
2147414620
2147414606
2147414570
2147414534
2147414522
2147414516
2147414512
2147414500
2147414464
2147414444
2147414414
2147414410
2147414380
2147414372
2147414366
2147414320
2147414236
2147414234
2147414210
2147414204
2147414192
2147414186
2147414120
2147414060
2147414056
2147413996
2147413984
2147413982
2147413952
2147413916
2147413906
2147413892
2147413870
2147413862
2147413816
2147413784
2147413760
2147413756
2147413742
2147413732
2147413714
2147413664
2147413660
2147413654
2147413606
2147413562
2147413556
2147413532
2147413522
2147413444
2147413384
2147413346
2147413312
2147413300
2147413294
2147413286
2147413280
2147413276
2147413226
2147413214
2147413204
2147413156
2147413142
2147413112
2147413064
2147413052
2147413004
2147412992
2147412982
2147412980
2147412976
2147412964
2147412950
2147412932
2147412902
2147412880
2147412836
2147412800
2147412794
2147412734
2147412724
2147412694
2147412692
2147412674
2147412670
2147412640
2147412632
2147412604
2147412602
2147412596
2147412584
2147412580
2147412542
2147412524
2147412496
2147412482
2147412470
2147412464
2147412454
2147412416
2147412406
2147412364
2147412362
2147412350
2147412304
2147412280
2147412266
2147412260
2147412250
2147412236
2147412232
2147412212
2147412152
2147412146
2147412136
2147412040
2147412020
2147411966
2147411956
2147411914
2147411890
2147411882
2147411860
2147411842
2147411824
2147411792
2147411746
2147411726
2147411716
2147411686
2147411660
2147411642
2147411624
2147411606
2147411582
2147411564
2147411560
2147411554
2147411552
2147411536
2147411530
2147411504
2147411480
2147411476
2147411474
2147411432
2147411362
2147411342
2147411336
2147411300
2147411266
2147411254
2147411224
2147411216
2147411212
2147411186
2147411090
2147411036
2147411014
2147411012
2147411006
2147410976
2147410966
2147410952
2147410894
2147410876
2147410852
2147410832
2147410826
2147410820
2147410816
2147410792
2147410784
2147410760
2147410756
2147410732
2147410720
2147410690
2147410682
2147410676
2147410652
2147410640
2147410624
2147410622
2147410600
2147410570
2147410546
2147410540
2147410526
2147410486
2147410484
2147410454
2147410382
2147410376
2147410354
2147410342
2147410336
2147410330
2147410316
2147410300
2147410276
2147410274
2147410256
2147410250
2147410220
2147410166
2147410162
2147410130
2147410054
2147410046
2147410040
2147410010
2147409992
2147409980
2147409970
2147409952
2147409910
2147409902
2147409874
2147409844
2147409802
2147409796
2147409790
2147409754
2147409724
2147409716
2147409710
2147409656
2147409650
2147409634
2147409632
2147409626
2147409622
2147409604
2147409580
2147409550
2147409544
2147409502
2147409496
2147409494
2147409460
2147409446
2147409412
2147409406
2147409392
2147409376
2147409364
2147409356
2147409346
2147409340
2147409326
2147409314
2147409304
2147409290
2147409266
2147409242
2147409220
2147409184
2147409170
2147409166
2147409160
2147409140
2147409116
2147409086
2147409070
2147409052
2147409044
2147409034
2147408984
2147408960
2147408914
2147408912
2147408884
2147408830
2147408782
2147408764
2147408752
2147408744
2147408732
2147408720
2147408716
2147408710
2147408702
2147408632
2147408624
2147408612
2147408594
2147408590
2147408566
2147408554
2147408534
2147408516
2147408510
2147408470
2147408444
2147408390
2147408342
2147408326
2147408324
2147408306
2147408302
2147408296
2147408282
2147408276
2147408270
2147408246
2147408236
2147408212
2147408204
2147408174
2147408146
2147408114
2147408096
2147408086
2147408030
2147408020
2147407994
2147407976
2147407942
2147407910
2147407894
2147407880
2147407864
2147407810
2147407802
2147407796
2147407744
2147407702
2147407700
2147407684
2147407670
2147407660
2147407624
2147407612
2147407546
2147407466
2147407442
2147407432
2147407406
2147407340
2147407336
2147407322
2147407282
2147407274
2147407264
2147407256
2147407196
2147407180
2147407156
2147407136
2147407130
2147407120
2147407072
2147407042
2147407036
2147407030
2147407016
2147407004
2147407000
2147406994
2147406982
2147406956
2147406934
2147406920
2147406872
2147406842
2147406830
2147406826
2147406820
2147406776
2147406772
2147406760
2147406742
2147406724
2147406646
2147406634
2147406626
2147406604
2147406592
2147406556
2147406520
2147406514
2147406500
2147406494
2147406466
2147406454
2147406412
2147406400
2147406382
2147406370
2147406344
2147406322
2147406284
2147406232
2147406226
2147406202
2147406196
2147406170
2147406164
2147406142
2147406104
2147406064
2147406062
2147406050
2147406034
2147405996
2147405990
2147405980
2147405950
2147405924
2147405920
2147405896
2147405804
2147405762
2147405750
2147405696
2147405660
2147405594
2147405576
2147405572
2147405566
2147405534
2147405530
2147405506
2147405474
2147405470
2147405464
2147405420
2147405392
2147405360
2147405356
2147405336
2147405332
2147405294
2147405282
2147405246
2147405240
2147405212
2147405206
2147405176
2147405134
2147405132
2147405122
2147405114
2147405110
2147405066
2147405020
2147405006
2147404994
2147404984
2147404960
2147404946
2147404936
2147404904
2147404894
2147404862
2147404844
2147404832
2147404774
2147404714
2147404642
2147404624
2147404622
2147404604
2147404586
2147404582
2147404580
2147404492
2147404450
2147404442
2147404432
2147404396
2147404384
2147404352
2147404334
2147404330
2147404322
2147404312
2147404250
2147404246
2147404232
2147404214
2147404186
2147404160
2147404156
2147404144
2147404124
2147404102
2147404070
2147404040
2147404034
2147404022
2147404004
2147403986
2147403956
2147403896
2147403892
2147403890
2147403862
2147403860
2147403784
2147403782
2147403740
2147403722
2147403704
2147403676
2147403596
2147403584
2147403566
2147403550
2147403532
2147403512
2147403500
2147403472
2147403460
2147403412
2147403410
2147403406
2147403386
2147403346
2147403344
2147403314
2147403286
2147403220
2147403182
2147403146
2147403124
2147403106
2147403064
2147403010
2147402996
2147402992
2147402980
2147402954
2147402944
2147402930
2147402914
2147402902
2147402872
2147402836
2147402830
2147402794
2147402786
2147402782
2147402774
2147402714
2147402692
2147402690
2147402686
2147402614
2147402606
2147402566
2147402510
2147402492
2147402482
2147402446
2147402440
2147402426
2147402422
2147402420
2147402410
2147402384
2147402380
2147402374
2147402360
2147402332
2147402300
2147402272
2147402270
2147402242
2147402224
2147402206
2147402180
2147402164
2147402122
2147402102
2147402030
2147402012
2147401976
2147401960
2147401954
2147401946
2147401936
2147401894
2147401810
2147401772
2147401762
2147401750
2147401744
2147401724
2147401712
2147401684
2147401670
2147401664
2147401594
2147401576
2147401570
2147401552
2147401516
2147401502
2147401460
2147401450
2147401444
2147401372
2147401346
2147401330
2147401316
2147401310
2147401306
2147401274
2147401256
2147401244
2147401216
2147401184
2147401174
2147401172
2147401166
2147401132
2147401106
2147401102
2147401024
2147400994
2147400980
2147400976
2147400952
2147400946
2147400892
2147400880
2147400850
2147400824
2147400806
2147400802
2147400772
2147400766
2147400746
2147400686
2147400646
2147400640
2147400626
2147400602
2147400586
2147400574
2147400514
2147400484
2147400472
2147400460
2147400452
2147400436
2147400400
2147400380
2147400364
2147400340
2147400334
2147400332
2147400304
2147400296
2147400242
2147400220
2147400142
2147400130
2147400116
2147400092
2147400074
2147400056
2147400014
2147400004
2147399986
2147399984
2147399962
2147399960
2147399930
2147399926
2147399912
2147399854
2147399846
2147399822
2147399812
2147399806
2147399792
2147399780
2147399770
2147399762
2147399756
2147399734
2147399722
2147399714
2147399704
2147399702
2147399692
2147399674
2147399666
2147399632
2147399606
2147399596
2147399590
2147399584
2147399564
2147399536
2147399524
2147399522
2147399512
2147399494
2147399464
2147399450
2147399434
2147399410
2147399386
2147399384
2147399366
2147399332
2147399266
2147399230
2147399206
2147399200
2147399170
2147399164
2147399156
2147399150
2147399144
2147399126
2147399116
2147399090
2147399072
2147399066
2147399056
2147399024
2147399020
2147399000
2147398972
2147398966
2147398952
2147398922
2147398852
2147398822
2147398786
2147398772
2147398684
2147398682
2147398670
2147398600
2147398580
2147398562
2147398556
2147398552
2147398534
2147398532
2147398510
2147398504
2147398390
2147398364
2147398324
2147398316
2147398286
2147398280
2147398264
2147398232
2147398222
2147398210
2147398160
2147398112
2147398094
2147398084
2147398082
2147398024
2147398012
2147398000
2147397956
2147397950
2147397946
2147397886
2147397884
2147397880
2147397862
2147397856
2147397830
2147397824
2147397820
2147397812
2147397790
2147397754
2147397746
2147397734
2147397680
2147397646
2147397592
2147397590
2147397572
2147397566
2147397560
2147397544
2147397482
2147397466
2147397446
2147397440
2147397436
2147397412
2147397386
2147397364
2147397362
2147397356
2147397292
2147397286
2147397284
2147397272
2147397260
2147397212
0
