47
5
4
5
7
4
7
9
4
4
4
4
7
5
29
5
4
493305251
19
11
13
9
5
31
4
5
334963009
457576991
4
211950887
5
6
569
4
5
16369
9
6
37
129203461
41
4
187250803
31
41
13
71
4
4
4
5
1603116673
4
5
6
7
937
30757
5
7
118116533
5
67
6
4
4
229
6
37
1057059511
4
9
6
317
4
29
5
5
841078991
11
4
6317
763114291
4
6
1934886677
7
4
5
5
97
1439
5
4
5
22307
4
163
443
4
4
17
5
5
6
4
13
4
4
4
5
61
17
17
89
7
7
4
229704269
23
5
5
6
11
9067
6
11
61
1933390607
5
7
7
6
11
4
7
4
6
2689
7
6
4
41
5
4
5
4
4
5
17
2267
7
4
4
43
11
5
545498059
9
1083954127
4
4
7
11
4
4
4
4
320365993
17
5
5
47
1699
4
5
13
4
4
5
5
5
1039651849
4
1587684353
73
6
11
4
4
4
7
5
4
9
5
4
12329
6
11
7
13
2293
4
6
5
4
127
24593
5
157
13
586286627
8863
5
1609
6
6
41
41
5
5
5
4
4
373
499
9
9
7
5
7
528246137
13
2477
19
53
4
4
5
6
5
4
7
251
4
5
7
5
4
4
5
4
31
4
5142419
572760091
89
6
149
1592740099
4
5
4
5
5
7
1676995091
6
5
19
5
5
4
19
497430781
127
1369982171
4
9
967
19
4
1539306101
5
9
1544448523
19
4
4
4
6
4
13
59
4
4
4159
6
7
7
673
4
67
5
4
787
4
5
5
679323943
5
13
6
220381531
1179896261
4
6287
5
19
5
13
567838093
4
4
5
5
4
7
4
4
61
67
11
4
13
11
11
409
11
4
4
2971
4
5
1499631743
4
4
4
6
11
4
4
5
17
4
1739735603
211
1933
9
4
7
461
4
47
223
6
1567
4
13
7
5749
6
61
7
79
4
5
5
9
5
9
5
5
5
4
9
4
4
13
4
5
5
3607
19
7
4
1559
61
4
7
5
1621
5
19
4
5
271
4
4
4
6
6
541640783
4
7
4
4
79
5
2617
13
5
181
23
5
9
970510447
5
4
5
11
6
7
5
4
9
5
5
7
4
4
6
7
4
1433
4
7
5
7
13
683
17
5
9
1051
5
569
17
547
251455187
19
5
211
5
5
5
83
37
5
11
1916664041
2287
83
5
4
13
313
839
5
43
6
11
19
6
11
13
4
471449963
223
7
89
2897
5
31
4729
7
585255637
4
4
5
4
4
5
6
7
6
7
5
4
149
173
7393
4
1549
23
4
5
5
7963
17
5
5
15497
9
17
5
7
23
5
5
7
10181
9
677
509
5
73
7
5
5
7
13
6
107
9
4
4
5
354070583
5
4
8423
4
4
6
9
7
602998609
7
4
6
61
5
79
7
4
19
7
11
4
389
7
4
5
1220116459
109
7
1125330979
391542757
899515321
4
5
1117
4
23
4
4
4
4
4
9
1193
1809694739
4
4
7
5
788539553
481728857
4
7
6
5
135783773
41
29
53
4
19
5
4
137
4
6
6
1109
6
5
4
5
4
107
5
5
5
149
13
4
24007
2137
5
9
4
5
53
19
5
2022915451
6
4
154247381
2022703589
6
23
8647
29
5
4
7
11
4
179
7
7
4
4
6
716390713
97
4
7
9
112980193
4
41
1110185081
14011
79
4
5
5
4
4
4
4
11383
5
2060963189
7
10303
11
4
19
5
1967892097
5
13
9
4
4
760832047
4
4
4
29
7
7
1887035993
13
4
11
101
41
6
4
5
5
5
29
5
5
11065757
37
1059786071
31
2447
9
167
5
4
11
5
9
4
13
9
11
6
7
11
53
4
5
4
7
5
13
4
17
4
2503
13
6883
4
41
59
5
709
87901969
5
9
181
942359713
23
6
3761
503
5939
4
4
11
5
3583
9
4
5
29
1825507093
6
11
4
4
11
29
143185177
17
6
178339901
9
4
4
623068909
977531567
4
11
1246671743
13
4
5
6
31
23
7
7
17
1723
7
1901
7
6803
629629001
4
4
130649119
4
13
128088601
5
1230575219
7
4
6
4
7
7
5
9
11
4
5
4
6
983
11
6
31
89714701
4
4
5
4
7
4
296142787
17
23
5
4
23
431469679
19
281346203
4
5
2087
4
5
4
5
4
89
11
5821
471219029
7499
1483
43
7
11
213728387
14503
5
6
4
5
9397
6
5
23
4
79
7
13
4
9
6
4
13
5
19
11
4
7
5
4
6
19157
191
9
386753813
13
11
1123
4
1801608103
17
6
4
4
5
4
1068859229
7
4
4
461
6
1625088527
31
5
4
7
6
1307
569
7
37
5
59
4
4
4
5
5
11
31
127
4
4
5
7
9
149
2621
127
3496771
11
4
1632082073
5
7
4
4
13
4
83
13
23
1291
5
1390413877
5
4
9
7
278043497
5
6
7
29
4
4
19
6
17
71
23
4
5
5
5
1843423487
89
4
7
7
6
31
11
4
1117
97
505886363
7
4
17
5
199
4
11
30643
23
5527
5
4
4
103
5
929
