540382400
1477324357
1369185921
1993605443
1879773200
1660825935
1874718095
1934919345
2018646335
1712231853
1027013238
1490825377
843428315
439300886
1250057588
637638455
2143900132
1788476447
2043142734
1739651887
1277507999
1050828832
1295576542
2100967214
1726785021
1186960908
1666654128
996092605
1454770240
1056303465
239956226
1995152640
386144175
1609142147
1841274436
118433727
1122484435
1568508883
2053353072
993647122
1133257089
932882662
336988852
1976685404
1372183549
1587046440
466840211
1368600033
1228039239
362499297
960768272
358063590
1413328130
108861166
311547157
992629503
1295822075
1978201285
1988722108
603108667
887021103
81194686
450777660
1273165278
1690336834
144568448
1391599005
665337621
1713077331
1297468430
1658984743
698850772
82867444
1995973595
528052528
1455050993
1435536388
994892739
676167379
516091979
1357392037
1636935651
874155570
623236519
1745796818
1185702727
1615866022
894135245
1016420364
1457104482
1497243912
1903441467
1538299168
1948021572
1029123097
1081152354
2092590020
273238455
1746489975
1658183704
1570706885
1257991071
209550828
1653574329
1106481018
737603357
961141675
394533758
1732496096
1637309054
910625738
942404485
1126761057
1784781308
1565641004
725074227
823000387
1034023378
1619209472
1839420751
343644212
968969737
1595378571
1881943381
769507661
477018020
815612087
714614034
750256475
414618415
225314090
173479712
1672609486
434864918
1827054042
631606856
1172468275
640712069
1026140615
757480724
130537475
1936766353
1699885209
1257298532
1574064013
1118042566
1982372760
249580752
4582296
1454098584
2089001503
348226509
275584673
1536896426
82686242
1045092335
2013914447
898298329
1759706369
616687274
1312916744
1985020459
790166987
838042582
272401729
469737381
1469649439
1444870005
1110449450
348306406
54867081
1240986925
137589111
1754752290
350801809
1711653124
725311208
185690921
1961233876
729893505
1639789506
1902751731
1078120014
1915374179
1292164510
1160806256
812982866
1158595309
2059104585
425205587
1775282583
1224537682
262742398
417965922
2062580264
535144128
887703303
1384746055
1980014133
1998152753
1733052461
2034881214
1091656030
1870641572
1642149856
1442457840
1434811048
219977417
1628148761
1248561276
949870922
1120454619
1003829360
2027990936
888345151
148510222
1041313544
1701328017
1307105531
952934481
2126533605
934904466
29988515
241792355
1352870389
2092568780
776936483
93090044
1329831187
609466968
2091242798
915400001
496864534
1035415180
638557925
2139014391
330389372
2073368974
211508160
1958538134
1174446602
1161379082
931509105
30792314
1041886370
1819854256
179302536
2083199914
1373698626
1486408067
888650747
1352748583
273828886
918639263
1594540938
1626699275
863724395
223993774
1719789319
46071934
833460742
1663548469
961471935
1330325277
551480002
1600029861
1321856020
881869374
1525915187
1533364180
692923860
552878141
547259614
1624432966
583670456
1589145984
1296803574
762972992
1524862250
523018552
101897412
266029349
1875767135
375726298
1184668612
1322824426
2002425573
2048393007
1546818200
1574731244
2094464942
232795294
1090796066
908453229
1563120571
1642276068
360999442
737492943
376661794
1886914629
123373475
1069585655
292309123
670633089
546534973
875979579
112295425
1843338547
1638952571
1637157675
218873452
1740849983
1903187025
2094640587
2116576281
940371989
1269981365
1971518206
841281349
669315917
1398765803
788262643
902111212
342078221
1696715872
317748135
1984354289
2057715315
1055241079
213532435
1797146296
1178614554
1283118090
2089455419
1849247644
1829653063
817951350
1961543069
1525507963
309420274
1451217097
1744381415
2050270257
1206920474
1691538354
2019362891
2147292463
814036072
1843397449
841090164
1483351989
1094679604
1629352807
237979553
1436757825
1178585032
555727689
1273628466
1088816699
1610968768
1487160902
738479347
642099674
622795344
680451119
343863670
304964760
1498402469
157923092
1830472723
1807822743
1609140189
1427370490
1710609353
668577015
971425196
1582488596
668385830
1785461268
1278402397
1509475995
1121329610
225598354
991345154
1359309163
1662356179
22446538
1915036852
788500998
1111263237
1378521972
128178252
1849742585
2020621647
750973596
382710056
217001669
1055938356
1881112525
374924761
738927431
1541451621
1984064950
18814273
1104577326
505158317
990239470
539582274
1173544148
628217090
1817984671
535536495
1749546700
2043583025
1526881649
961372216
1558455557
1549328188
728925420
199472907
513107777
2107447393
327651159
215366714
1980585392
1078624755
598076770
50103413
2134563112
331705648
425028175
726006895
1873157269
261609477
744821169
830250947
766767795
1735060639
1369833221
1940311943
215794081
1040334244
328364790
1965340782
936433622
1855246439
779229350
347405531
1257090979
1508154770
546878438
1770198757
1468118515
874529597
1985565471
1301220259
1953154352
436158594
1351323673
1940233816
767864242
1776351848
518757064
493537863
2037961325
1263578233
1323788810
657245472
851155224
546138383
450073767
1066949305
1586472627
778438557
884806439
375422601
486201349
1664035789
722828132
1743292328
1024706912
1269706570
1366007437
345341779
2144236167
1204089261
1646562039
1949906872
1640247855
850402064
1742657040
260628449
479270264
113930456
754166312
369747941
1377508689
2077955122
1026993414
81180265
476609857
1477067181
1148129571
2063082484
108022091
2032936010
291021438
594223440
1549488152
1013849570
190032120
426711416
136072493
1556039558
772053195
132825012
612645171
271131586
2082731884
105409378
1121533650
1677905277
366037827
1600803914
1791835733
1120204139
1970551856
1021860775
1050675613
850061622
1103041040
1527285470
179645155
103686963
1442884306
287667246
2136622974
1733905744
881890686
1538627478
600271667
1071922807
1965338894
736344160
480478717
589908441
869169172
1093123888
861040028
804417409
1198533266
1982573678
334839038
1564571093
1435893945
2126674771
537291584
1258962153
1001051898
1587967197
2109023775
2104092939
967769019
141185282
60296254
263169677
428852529
49435580
1997075422
1310743215
1588063058
449863441
235182374
1405918304
1186207601
715661091
1995826746
2055376773
1808784979
709383126
712310534
859834597
544473156
1047149572
276922042
1980367101
1026340696
814213626
1091845606
2027392594
254697175
1053385733
1984001885
1222466194
1194571016
2044298140
1485635872
1623423545
2093733720
1335227646
786683112
1534313131
1785091087
1021865487
792747787
823815040
1737526578
641090885
731708165
1398827910
1350474011
1444018700
111178859
1894947168
343684624
388100902
1727830621
1370025320
1202314528
672192580
1249934267
1457011704
1725578313
1086452504
531994250
772665681
983266996
2017630122
248605578
929517069
1205374120
1035288691
316346552
842981559
2057154178
1109094339
1666796599
1647197108
1750185225
251021117
898541370
953175588
1695039817
1009720230
700639108
2038724441
1397821132
280986082
1261266114
452652012
953178662
363716733
1909663716
531273327
1450169237
294174319
1303939009
285952586
164320793
1552544587
1215469655
1369694914
440349630
1531816207
65192825
350020160
493426898
1731989425
1997217269
96128475
1983010542
748274991
1049304064
1530566711
1757995221
1749943172
1421807504
1008332705
2030929254
535589970
1460984718
836624268
899306703
1223164786
1367897596
201992293
1517339105
524352957
487944879
1681659899
2076897544
1703414534
903871165
369763527
1087747093
969063990
719783687
1581173991
553569767
569517308
1677302467
389096661
1317792300
579122883
1919663372
928303873
181582407
1193987229
1936636579
65028014
1729577199
1250137649
901652282
481400255
325818787
122066230
683392548
1843157893
646419187
1171337427
1377334144
575833084
727268313
133721661
945596611
1815015406
1102785651
1665380298
1248705749
1656355419
87413959
778524568
2045452080
1405206259
1357647451
1817631805
186026484
1539229859
864135386
2122663063
1604257873
446228937
1225317064
358426507
927629192
1551135852
480492738
1611021740
1246810097
1126911925
634875519
476660593
1702745009
1362143832
610382254
500857972
1029675590
1713167905
18754623
130897692
1222039676
106168582
909422260
1120008109
1511374841
119586064
790156266
1697401325
1658815923
1654291652
1672580741
1115590148
2100520589
750414157
1474016655
880666134
154066361
1954509393
344204226
1400876458
933937671
979079746
1877537051
489199032
193739930
340435657
990057005
1223415521
2053603563
1008811628
1354313213
1128159591
1114980210
116251825
100684052
478871403
235837889
890840318
28789080
1894653812
397648322
1701369821
862760312
350685264
304300331
189293320
1231351398
458366692
2143802713
1575555624
1859243151
930256736
407151722
1589296554
1419455769
600891653
1929732212
262029126
1824307174
1835852127
1270840754
1031136739
816528070
238337316
1147388564
917212123
717208719
1383226454
1808052441
745997799
1130396618
58217116
299883973
1993156931
408902380
604184304
34966603
1640253778
1062550996
31285668
1068325754
774310499
961542405
1475477477
216123406
233514526
2076369130
2145855618
495543652
1753192656
1834224097
1766384406
636845747
503268519
2004721722
1784234311
1420480642
574446793
1019977117
1081049436
1320444592
2890088
1139266552
1620328565
1996047019
1548168932
77029221
2031013622
1040939062
1139580218
2062299290
2109264816
1913890717
876358047
1437258645
2130014123
1109872573
1366144127
2128386093
1605416225
971853135
1815126542
1224316983
1608698882
170911414
1081555057
1245449546
1591392056
1656001850
117943015
524957844
828962795
120833103
1664224396
301807712
2116880122
1064909680
378836934
2000410096
2105848742
1518417152
1915225739
2067629911
1284824221
644100138
1357404908
1267354697
1753972712
576065388
1248257142
1211905289
1547918523
915900037
288738625
1009133758
1086811451
1370293682
107099656
530719859
878811885
225042671
1055677704
1707774680
345875775
572418452
2009582392
315272249
1637328133
240935678
168198698
1595693227
1759352830
2083424437
1515839490
896693404
580040927
725760751
16564453
186529991
1301826139
1264821595
1398435281
702261014
33237984
1687173906
1711394772
1120049435
909983940
1818494428
1650769295
1788795825
2043537100
558963351
1349086857
241929227
1131381803
1211185602
557201476
621226288
1452121280
725400174
69435868
1063990463
661340963
1585275358
1960683867
1241381891
163552461
1977248320
1427911882
1465378600
1094586267
678863515
20155967
1127824252
218553773
1731550739
100390039
1128537714
1402561520
1751159334
769849891
1298614972
162639037
2118936749
1540544199
1294020841
1182638703
2097745675
1915247129
487276335
675662202
1984682997
1551266798
1337003165
1422474708
1364467017
430901408
1586027169
1194231689
0
