2147483629
2147483587
2147483579
2147483563
2147483549
2147483543
2147483497
2147483489
2147483477
2147483423
2147483399
2147483353
2147483323
2147483269
2147483249
2147483237
2147483179
2147483171
2147483137
2147483123
2147483077
2147483069
2147483059
2147483053
2147483033
2147483029
2147482951
2147482949
2147482943
2147482937
2147482921
2147482877
2147482873
2147482867
2147482859
2147482819
2147482817
2147482811
2147482801
2147482763
2147482739
2147482697
2147482693
2147482681
2147482663
2147482661
2147482621
2147482591
2147482583
2147482577
2147482507
2147482501
2147482481
2147482417
2147482409
2147482367
2147482361
2147482349
2147482343
2147482327
2147482291
2147482273
2147482237
2147482231
2147482223
2147482121
2147482093
2147482091
2147482081
2147482063
2147482021
2147481997
2147481967
2147481949
2147481937
2147481907
2147481901
2147481899
2147481893
2147481883
2147481863
2147481827
2147481811
2147481797
2147481793
2147481673
2147481629
2147481571
2147481563
2147481529
2147481509
2147481499
2147481491
2147481487
2147481373
2147481367
2147481359
2147481353
2147481337
2147481317
2147481311
2147481283
2147481269
2147481263
2147481247
2147481209
2147481199
2147481179
2147481173
2147481151
2147481143
2147481139
2147481071
2147481053
2147481031
2147481019
2147480989
2147480971
2147480969
2147480957
2147480941
2147480927
2147480921
2147480899
2147480897
2147480893
2147480849
2147480843
2147480837
2147480791
2147480747
2147480743
2147480723
2147480707
2147480683
2147480677
2147480651
2147480641
2147480623
2147480611
2147480591
2147480551
2147480527
2147480519
2147480507
2147480471
2147480459
2147480437
2147480429
2147480369
2147480327
2147480311
2147480299
2147480297
2147480227
2147480219
2147480207
2147480197
2147480161
2147480039
2147480011
2147480009
2147479991
2147479937
2147479907
2147479897
2147479891
2147479879
2147479823
2147479819
2147479787
2147479781
2147479757
2147479753
2147479751
2147479681
2147479657
2147479643
2147479637
2147479619
2147479601
2147479589
2147479573
2147479549
2147479547
2147479531
2147479517
2147479513
2147479507
2147479489
2147479447
2147479421
2147479403
2147479381
2147479361
2147479349
2147479339
2147479307
2147479273
2147479259
2147479231
2147479189
2147479171
2147479133
2147479129
2147479121
2147479097
2147479091
2147479079
2147479063
2147479057
2147479031
2147479013
2147478997
2147478967
2147478961
2147478959
2147478937
2147478919
2147478911
2147478899
2147478889
2147478863
2147478859
2147478821
2147478791
2147478763
2147478733
2147478731
2147478727
2147478721
2147478719
2147478703
2147478701
2147478673
2147478661
2147478659
2147478653
2147478649
2147478647
2147478611
2147478601
2147478581
2147478569
2147478563
2147478521
2147478517
2147478503
2147478497
2147478491
2147478481
2147478461
2147478373
2147478349
2147478331
2147478299
2147478293
2147478259
2147478253
2147478149
2147478133
2147478127
2147478089
2147478083
2147478079
2147478049
2147478017
2147478013
2147477989
2147477953
2147477933
2147477881
2147477879
2147477873
2147477861
2147477851
2147477833
2147477809
2147477807
2147477737
2147477701
2147477699
2147477687
2147477681
2147477627
2147477599
2147477533
2147477531
2147477513
2147477503
2147477473
2147477467
2147477443
2147477419
2147477399
2147477393
2147477323
2147477273
2147477249
2147477237
2147477209
2147477207
2147477203
2147477201
2147477191
2147477159
2147477113
2147477107
2147477093
2147477063
2147477029
2147477021
2147476979
2147476963
2147476951
2147476943
2147476937
2147476931
2147476927
2147476897
2147476871
2147476841
2147476823
2147476819
2147476789
2147476777
2147476769
2147476763
2147476741
2147476739
2147476699
2147476693
2147476687
2147476663
2147476649
2147476619
2147476607
2147476543
2147476519
2147476517
2147476417
2147476399
2147476381
2147476367
2147476327
2147476321
2147476291
2147476249
2147476211
2147476183
2147476169
2147476141
2147476139
2147476127
2147476109
2147476087
2147476073
2147476031
2147475997
2147475977
2147475973
2147475971
2147475929
2147475899
2147475871
2147475859
2147475851
2147475829
2147475797
2147475791
2147475787
2147475739
2147475721
2147475713
2147475691
2147475653
2147475641
2147475601
2147475593
2147475587
2147475563
2147475559
2147475553
2147475541
2147475521
2147475509
2147475503
2147475497
2147475487
2147475481
2147475439
2147475413
2147475401
2147475397
2147475373
2147475367
2147475349
2147475347
2147475331
2147475277
2147475269
2147475257
2147475251
2147475233
2147475229
2147475221
2147475203
2147475193
2147475181
2147475179
2147475149
2147475107
2147475103
2147475061
2147475047
2147474963
2147474951
2147474947
2147474929
2147474921
2147474891
2147474887
2147474881
2147474851
2147474843
2147474837
2147474831
2147474809
2147474807
2147474803
2147474789
2147474717
2147474711
2147474657
2147474627
2147474597
2147474551
2147474531
2147474519
2147474513
2147474491
2147474479
2147474477
2147474393
2147474383
2147474359
2147474279
2147474239
2147474213
2147474201
2147474159
2147474149
2147474123
2147474113
2147474093
2147474071
2147474029
2147474027
2147474009
2147473963
2147473921
2147473897
2147473891
2147473849
2147473837
2147473787
2147473781
2147473763
2147473733
2147473703
2147473697
2147473579
2147473567
2147473553
2147473487
2147473483
2147473477
2147473469
2147473429
2147473409
2147473373
2147473369
2147473351
2147473331
2147473301
2147473297
2147473291
2147473283
2147473267
2147473241
2147473231
2147473217
2147473187
2147473151
2147473127
2147473121
2147473117
2147473061
2147473049
2147472959
2147472923
2147472917
2147472893
2147472883
2147472863
2147472797
2147472787
2147472757
2147472751
2147472713
2147472697
2147472689
2147472683
2147472659
2147472617
2147472611
2147472601
2147472557
2147472499
2147472491
2147472469
2147472449
2147472443
2147472421
2147472413
2147472377
2147472373
2147472343
2147472311
2147472289
2147472263
2147472259
2147472251
2147472221
2147472199
2147472161
2147472143
2147472137
2147472133
2147472109
2147472101
2147472091
2147472071
2147472053
2147472043
2147472037
2147472023
2147471993
2147471951
2147471939
2147471933
2147471891
2147471881
2147471863
2147471839
2147471831
2147471759
2147471741
2147471707
2147471687
2147471681
2147471647
2147471639
2147471629
2147471621
2147471611
2147471597
2147471581
2147471539
2147471519
2147471419
2147471387
2147471351
2147471327
2147471303
2147471273
2147471251
2147471243
2147471237
2147471233
2147471197
2147471177
2147471173
2147471159
2147471147
2147471111
2147471089
2147471057
2147471017
2147470987
2147470939
2147470903
2147470891
2147470859
2147470837
2147470823
2147470789
2147470771
2147470769
2147470751
2147470733
2147470727
2147470723
2147470679
2147470673
2147470643
2147470627
2147470603
2147470597
2147470579
2147470553
2147470531
2147470529
2147470513
2147470511
2147470453
2147470427
2147470361
2147470333
2147470327
2147470313
2147470249
2147470229
2147470211
2147470183
2147470177
2147470147
2147470139
2147470123
2147470111
2147470081
2147470067
2147470057
2147470043
2147470027
2147470019
2147470007
2147469983
2147469949
2147469943
2147469917
2147469881
2147469829
2147469823
2147469817
2147469781
2147469703
2147469679
2147469659
2147469637
2147469629
2147469619
2147469593
2147469553
2147469521
2147469491
2147469463
2147469449
2147469421
2147469419
2147469347
2147469329
2147469283
2147469271
2147469263
2147469239
2147469229
2147469187
2147469179
2147469173
2147469157
2147469133
2147469131
2147469113
2147469101
2147469089
2147469073
2147469067
2147469047
2147469041
2147469017
2147469007
2147469001
2147468993
2147468987
2147468971
2147468933
2147468923
2147468909
2147468887
2147468881
2147468861
2147468833
2147468809
2147468803
2147468801
2147468783
2147468779
2147468773
2147468753
2147468717
2147468651
2147468639
2147468621
2147468599
2147468591
2147468563
2147468537
2147468507
2147468503
2147468497
2147468443
2147468431
2147468429
2147468423
2147468417
2147468341
2147468317
2147468291
2147468269
2147468249
2147468233
2147468231
2147468189
2147468173
2147468131
2147468119
2147468069
2147468003
2147467967
2147467963
2147467921
2147467919
2147467871
2147467813
2147467801
2147467793
2147467769
2147467759
2147467747
2147467733
2147467717
2147467711
2147467697
2147467669
2147467667
2147467639
2147467631
2147467627
2147467583
2147467579
2147467559
2147467493
2147467471
2147467463
2147467403
2147467393
2147467379
2147467367
2147467339
2147467331
2147467327
2147467321
2147467261
2147467219
2147467211
2147467169
2147467163
2147467121
2147467093
2147467067
2147467057
2147467043
2147467009
2147466991
2147466973
2147466947
2147466943
2147466931
2147466869
2147466847
2147466833
2147466793
2147466787
2147466721
2147466701
2147466683
2147466679
2147466641
2147466589
2147466547
2147466539
2147466521
2147466487
2147466479
2147466463
2147466457
2147466449
2147466439
2147466427
2147466383
2147466359
2147466337
2147466329
2147466319
2147466313
2147466301
2147466283
2147466263
2147466257
2147466239
2147466229
2147466227
2147466187
2147466179
2147466149
2147466121
2147466119
2147466091
2147466073
2147466019
2147466017
2147465989
2147465981
2147465963
2147465953
2147465941
2147465917
2147465867
2147465851
2147465833
2147465797
2147465743
2147465731
2147465729
2147465717
2147465707
2147465701
2147465699
2147465669
2147465647
2147465609
2147465599
2147465597
2147465563
2147465549
2147465531
2147465477
2147465473
2147465471
2147465431
2147465423
2147465413
2147465407
2147465363
2147465351
2147465339
2147465321
2147465267
2147465239
2147465233
2147465227
2147465213
2147465197
2147465189
2147465161
2147465153
2147465087
2147465009
2147464961
2147464903
2147464841
2147464807
2147464783
2147464777
2147464751
2147464747
2147464729
2147464687
2147464681
2147464661
2147464619
2147464609
2147464603
2147464597
2147464589
2147464567
2147464559
2147464549
2147464513
2147464511
2147464489
2147464447
2147464411
2147464409
2147464393
2147464351
2147464337
2147464331
2147464307
2147464301
2147464243
2147464219
2147464211
2147464171
2147464133
2147464129
2147464103
2147464087
2147464061
2147464049
2147464043
2147464013
2147464009
2147464003
2147463973
2147463943
2147463917
2147463889
2147463863
2147463767
2147463761
2147463737
2147463727
2147463691
2147463673
2147463641
2147463631
2147463599
2147463569
2147463553
2147463547
2147463499
2147463491
2147463449
2147463421
2147463407
2147463401
2147463361
2147463347
2147463319
2147463299
2147463293
2147463271
2147463259
2147463257
2147463251
2147463221
2147463203
2147463181
2147463167
2147463161
2147463151
2147463133
2147463121
2147463077
2147463053
2147463047
2147463023
2147463007
2147462981
2147462951
2147462923
2147462881
2147462861
2147462833
2147462809
2147462753
2147462747
2147462717
2147462701
2147462693
2147462633
2147462623
2147462621
2147462587
2147462579
2147462567
2147462543
2147462539
2147462497
2147462419
2147462393
2147462381
2147462357
2147462323
2147462299
2147462297
2147462281
2147462257
2147462231
2147462227
2147462197
2147462189
2147462179
2147462173
2147462159
2147462147
2147462143
2147462123
