2147397199
2147397193
2147397137
2147397097
2147397071
2147397029
2147397019
2147397011
2147396989
2147396987
2147396963
2147396921
2147396903
2147396897
2147396893
2147396887
2147396869
2147396857
2147396827
2147396819
2147396807
2147396761
2147396759
2147396749
2147396711
2147396687
2147396659
2147396623
2147396621
2147396609
2147396579
2147396569
2147396561
2147396557
2147396533
2147396521
2147396513
2147396441
2147396413
2147396411
2147396401
2147396399
2147396353
2147396351
2147396341
2147396323
2147396309
2147396281
2147396267
2147396243
2147396227
2147396213
2147396203
2147396189
2147396179
2147396159
2147396129
2147396077
2147396063
2147396057
2147396051
2147396039
2147395969
2147395961
2147395949
2147395937
2147395927
2147395907
2147395891
2147395841
2147395829
2147395777
2147395771
2147395729
2147395721
2147395709
2147395703
2147395697
2147395669
2147395661
2147395651
2147395633
2147395631
2147395609
2147395589
2147395553
2147395499
2147395489
2147395487
2147395427
2147395423
2147395421
2147395417
2147395379
2147395373
2147395343
2147395331
2147395309
2147395303
2147395297
2147395291
2147395259
2147395241
2147395193
2147395147
2147395123
2147395043
2147395039
2147394979
2147394973
2147394961
2147394959
2147394947
2147394917
2147394913
2147394889
2147394869
2147394853
2147394811
2147394761
2147394749
2147394719
2147394631
2147394619
2147394617
2147394589
2147394577
2147394569
2147394553
2147394551
2147394547
2147394539
2147394533
2147394527
2147394479
2147394467
2147394461
2147394427
2147394373
2147394371
2147394341
2147394289
2147394283
2147394281
2147394259
2147394247
2147394239
2147394217
2147394199
2147394187
2147394173
2147394167
2147394131
2147394127
2147394097
2147394089
2147394043
2147394023
2147394017
2147393959
2147393929
2147393921
2147393909
2147393881
2147393867
2147393863
2147393861
2147393767
2147393761
2147393747
2147393701
2147393693
2147393687
2147393683
2147393681
2147393671
2147393659
2147393639
2147393621
2147393609
2147393561
2147393533
2147393489
2147393461
2147393453
2147393449
2147393447
2147393419
2147393401
2147393399
2147393393
2147393377
2147393371
2147393359
2147393351
2147393317
2147393299
2147393291
2147393273
2147393257
2147393249
2147393221
2147393201
2147393179
2147393147
2147393141
2147393099
2147393093
2147393051
2147393009
2147392993
2147392991
2147392981
2147392903
2147392883
2147392879
2147392873
2147392853
2147392843
2147392829
2147392811
2147392789
2147392721
2147392703
2147392697
2147392669
2147392591
2147392571
2147392561
2147392547
2147392543
2147392531
2147392487
2147392469
2147392409
2147392399
2147392391
2147392367
2147392337
2147392301
2147392283
2147392271
2147392253
2147392249
2147392243
2147392201
2147392189
2147392153
2147392151
2147392147
2147392139
2147392129
2147392069
2147392031
2147392021
2147391991
2147391973
2147391931
2147391889
2147391863
2147391859
2147391847
2147391833
2147391811
2147391787
2147391781
2147391773
2147391751
2147391721
2147391713
2147391709
2147391691
2147391683
2147391641
2147391637
2147391629
2147391583
2147391569
2147391563
2147391559
2147391551
2147391511
2147391487
2147391461
2147391409
2147391403
2147391383
2147391353
2147391349
2147391347
2147391331
2147391313
2147391299
2147391283
2147391271
2147391269
2147391247
2147391241
2147391209
2147391203
2147391187
2147391161
2147391121
2147391107
2147391011
2147390977
2147390939
2147390933
2147390923
2147390897
2147390873
2147390827
2147390789
2147390783
2147390779
2147390737
2147390731
2147390671
2147390657
2147390639
2147390629
2147390627
2147390617
2147390611
2147390599
2147390587
2147390563
2147390489
2147390447
2147390437
2147390419
2147390387
2147390363
2147390341
2147390327
2147390291
2147390281
2147390257
2147390249
2147390233
2147390213
2147390209
2147390183
2147390149
2147390117
2147390111
2147390107
2147389991
2147389967
2147389961
2147389957
2147389939
2147389931
2147389919
2147389903
2147389897
2147389891
2147389877
2147389843
2147389819
2147389781
2147389763
2147389753
2147389691
2147389679
2147389631
2147389619
2147389591
2147389579
2147389577
2147389523
2147389501
2147389483
2147389471
2147389441
2147389421
2147389417
2147389403
2147389399
2147389369
2147389351
2147389333
2147389331
2147389327
2147389267
2147389219
2147389213
2147389183
2147389159
2147389151
2147389147
2147389141
2147389121
2147389109
2147389103
2147389067
2147389033
2147389019
2147388979
2147388961
2147388953
2147388923
2147388871
2147388851
2147388829
2147388809
2147388791
2147388773
2147388769
2147388751
2147388731
2147388709
2147388703
2147388701
2147388679
2147388611
2147388577
2147388563
2147388559
2147388497
2147388487
2147388479
2147388437
2147388431
2147388427
2147388413
2147388409
2147388403
2147388389
2147388377
2147388329
2147388323
2147388319
2147388301
2147388253
2147388251
2147388241
2147388239
2147388233
2147388211
2147388209
2147388179
2147388119
2147388107
2147388101
2147388097
2147388083
2147388049
2147388043
2147388041
2147388007
2147387959
2147387947
2147387933
2147387903
2147387897
2147387857
2147387839
2147387821
2147387791
2147387743
2147387741
2147387729
2147387719
2147387713
2147387699
2147387677
2147387651
2147387647
2147387629
2147387609
2147387573
2147387531
2147387507
2147387503
2147387441
2147387413
2147387393
2147387383
2147387339
2147387323
2147387299
2147387279
2147387257
2147387227
2147387219
2147387213
2147387153
2147387131
2147387083
2147387063
2147387059
2147387029
2147387017
2147387009
2147387003
2147386987
2147386921
2147386883
2147386853
2147386757
2147386753
2147386733
2147386729
2147386727
2147386711
2147386699
2147386687
2147386667
2147386639
2147386627
2147386607
2147386601
2147386583
2147386561
2147386529
2147386471
2147386463
2147386459
2147386447
2147386387
2147386303
2147386277
2147386273
2147386271
2147386259
2147386217
2147386211
2147386207
2147386187
2147386169
2147386147
2147386123
2147386117
2147386091
2147386051
2147386049
2147385973
2147385967
2147385941
2147385937
2147385931
2147385907
2147385893
2147385887
2147385857
2147385847
2147385829
2147385827
2147385809
2147385781
2147385769
2147385767
2147385763
2147385733
2147385727
2147385697
2147385677
2147385671
2147385659
2147385637
2147385631
2147385607
2147385601
2147385599
2147385589
2147385587
2147385553
2147385479
2147385473
2147385439
2147385431
2147385389
2147385371
2147385367
2147385337
2147385329
2147385313
2147385293
2147385281
2147385223
2147385211
2147385199
2147385197
2147385157
2147385151
2147385113
2147385103
2147385091
2147385089
2147385077
2147385049
2147385001
2147384977
2147384917
2147384909
2147384893
2147384861
2147384843
2147384839
2147384821
2147384797
2147384753
2147384747
2147384737
2147384711
2147384689
2147384683
2147384669
2147384653
2147384633
2147384621
2147384609
2147384599
2147384593
2147384537
2147384527
2147384509
2147384501
2147384497
2147384413
2147384387
2147384333
2147384329
2147384287
2147384263
2147384251
2147384243
2147384227
2147384221
2147384203
2147384201
2147384191
2147384111
2147384089
2147384027
2147384023
2147384021
2147384017
2147384011
2147384003
2147383999
2147383993
2147383991
2147383957
2147383943
2147383939
2147383873
2147383871
2147383867
2147383831
2147383829
2147383807
2147383789
2147383787
2147383783
2147383741
2147383739
2147383729
2147383709
2147383697
2147383681
2147383649
2147383633
2147383627
2147383573
2147383531
2147383519
2147383507
2147383501
2147383489
2147383481
2147383463
2147383421
2147383379
2147383369
2147383349
2147383327
2147383307
2147383291
2147383283
2147383267
2147383223
2147383193
2147383177
2147383129
2147383123
2147383093
2147383079
2147383019
2147383009
2147383003
2147382997
2147382973
2147382901
2147382899
2147382883
2147382877
2147382871
2147382851
2147382847
2147382827
2147382791
2147382773
2147382767
2147382751
2147382707
2147382697
2147382683
2147382647
2147382637
2147382623
2147382607
2147382599
2147382583
2147382581
2147382551
2147382539
2147382509
2147382469
2147382449
2147382443
2147382439
2147382407
2147382403
2147382383
2147382379
2147382323
2147382301
2147382287
2147382277
2147382253
2147382239
2147382233
2147382221
2147382199
2147382197
2147382179
2147382173
2147382137
2147382043
2147381989
2147381953
2147381927
2147381909
2147381903
2147381897
2147381869
2147381857
2147381851
2147381791
2147381783
2147381701
2147381693
2147381689
2147381669
2147381633
2147381629
2147381627
2147381573
2147381567
2147381527
2147381413
2147381371
2147381363
2147381351
2147381347
2147381323
2147381317
2147381309
2147381279
2147381267
2147381263
2147381251
2147381237
2147381227
2147381221
2147381219
2147381207
2147381153
2147381147
2147381123
2147381113
2147381107
2147381059
2147381029
2147381017
2147380957
2147380919
2147380909
2147380903
2147380883
2147380867
2147380853
2147380849
2147380841
2147380831
2147380811
2147380801
2147380799
2147380787
2147380783
2147380733
2147380727
2147380693
2147380681
2147380673
2147380663
2147380649
2147380639
2147380583
2147380577
2147380553
2147380537
2147380523
2147380451
2147380421
2147380387
2147380379
2147380373
2147380369
2147380357
2147380331
2147380309
2147380273
2147380243
2147380219
2147380189
2147380159
2147380141
2147380129
2147380099
2147380051
2147380033
2147379979
2147379977
2147379937
2147379929
2147379919
2147379917
2147379869
2147379863
2147379859
2147379847
2147379823
2147379811
2147379809
2147379799
2147379763
2147379761
2147379739
2147379721
2147379673
2147379671
2147379631
2147379571
2147379557
2147379541
2147379539
2147379529
2147379503
2147379499
2147379491
2147379473
2147379431
2147379419
2147379359
2147379319
2147379301
2147379197
2147379133
2147379109
2147379097
2147379077
2147378999
2147378983
2147378971
2147378941
2147378903
2147378887
2147378873
2147378843
2147378839
2147378837
2147378833
2147378819
2147378777
2147378767
2147378759
2147378729
2147378713
2147378671
2147378557
2147378539
2147378533
2147378521
2147378501
2147378479
2147378447
2147378411
2147378393
2147378381
2147378377
2147378353
2147378297
2147378269
2147378267
2147378257
2147378251
2147378227
2147378201
2147378131
2147378099
2147378063
2147378011
2147377987
2147377961
2147377951
2147377943
2147377927
2147377879
2147377871
2147377789
2147377787
2147377753
2147377741
2147377699
2147377697
2147377691
2147377679
2147377667
2147377633
2147377607
2147377601
2147377591
2147377567
2147377541
2147377523
2147377489
2147377487
2147377481
2147377469
2147377459
2147377429
2147377381
2147377343
2147377277
2147377273
2147377247
2147377241
2147377231
2147377213
2147377189
2147377153
2147377019
2147377003
2147376989
2147376983
2147376953
2147376929
2147376919
2147376893
2147376887
2147376883
2147376823
2147376817
2147376719
2147376691
2147376631
2147376617
2147376557
2147376551
2147376547
2147376529
2147376509
2147376503
2147376487
2147376463
2147376457
2147376433
2147376419
2147376401
2147376391
2147376379
2147376377
2147376367
2147376323
2147376241
2147376193
2147376151
2147376149
2147376113
2147376089
2147376073
2147376061
2147376059
2147376053
2147376017
2147376001
2147375999
