1858813291
903922122
141334309
390193158
924078089
1269158561
608746932
508145180
1369548600
1737284646
1910706700
973224287
359650889
1061838024
1135863324
331103990
454898575
282400517
1513742693
405160603
50163999
2001019029
1080822805
2034846996
1404802179
270342322
1309838056
621785549
701243731
748381578
1816017238
412573374
1652303700
1957351547
802766532
428898141
1079026460
1411513464
937043321
301091413
1001314462
700266374
1274315700
1360965352
1762104398
262695376
1692069342
69519326
545095894
1058328388
474679929
595259893
911863769
1555502734
482623241
169182300
1825845056
1792461298
790967849
379605139
393359228
459501440
792178513
2045662928
269369339
1594945046
327077421
1348395800
858974862
1264120742
1649487213
1860289325
1964387116
776319265
1073771029
1579007867
1039014641
618356723
1648527193
1584110535
1676685111
2123207122
31886780
441065232
1531226208
514510022
610247533
1209587616
159487672
1401215382
1589192756
552846900
1860716822
233887621
451026180
2130086162
1828832667
778103601
1330998314
540323882
2042224343
833001879
253129559
1859127812
1609321144
1326900588
1290652031
500852137
1945257311
791695576
2084962673
1474458775
767419050
2116849453
1915524007
151161610
483875827
378287892
1360749226
643363499
1779503275
802458334
1196210399
1492736449
1036345956
1647236579
1475338963
717694975
277856532
658853629
1258018857
172597228
1491855508
1511148416
2031725040
953693004
690565356
1174893423
1454545142
488339020
1966588999
1392024167
1962797795
586524401
1361389972
1730838154
737686011
1845265800
2109126047
2098435237
341145651
1741145674
753409924
1537356051
1086398475
1789755880
1037108982
414253791
359967207
1314965515
1073107420
1617986065
1487562743
417479281
981650833
1371804135
1371172285
1672216190
399213910
678233779
13071562
218319261
2070257946
1975869357
804843662
1284164271
1559223863
1542529673
981946423
1520866262
1493481262
1323092074
1114528288
99407538
712964477
53443116
1889163418
1750073460
467696907
101646978
917555327
1540804327
1719633043
257634422
1958283608
553800228
1629438557
1181972246
78532770
2028652467
1860206025
91604332
99488080
1782980324
2067473689
904331742
919660947
1479213905
299377767
1901607370
852596519
1792859029
1077215796
1967124808
1892266568
1790180274
2020567924
1633946338
1392770086
340781183
1735593316
162841765
1881585510
1307742711
420476187
1692385471
1861542940
2049914744
726874069
1940075710
1931083563
439596446
2031680043
2030571643
75093122
1951670084
787419737
994754069
1283400341
1086797504
748877791
2135996861
732172885
1826093588
1955638021
476955805
1468790214
1828722297
2110902144
714076652
22019832
1699011812
876918417
1903605342
859270876
1297394604
1448507165
573330168
1199825700
27897586
365922230
983425615
467494033
250118625
866513610
542587155
54305062
1653933347
1537341225
1337705403
593247203
138735368
1326218616
1325420088
1964828956
1134372989
1802375894
1286135522
815611638
1765794390
2000212174
837631470
1317322554
729646943
593753165
29109782
2027041547
2042260330
602439950
1079383599
2070157917
968362181
2062809214
390168302
1218480806
781839176
932755457
1272785868
288288875
322613034
463007624
881536078
461348403
1789226240
59472519
278693711
776115582
1861848413
1564829234
1591727220
1480159155
1417557760
281875043
649998061
2147204704
875628208
679107844
2026762603
770404890
1281547794
958662555
693079159
102426327
873988121
1083247461
1320907134
1655827298
2016002919
446209354
1944116173
191132305
909216978
678168604
652480708
550959571
737641123
931174420
1327075153
452005888
348520006
771318725
1932165043
1766077766
1053193768
434679456
1765798822
1928821976
1113787300
1645077778
551743219
247851447
456256685
1244822378
350277774
1330244806
180586192
1671184908
838588456
49105463
2117394263
635220982
240237768
879127593
1313389586
892718477
1430087164
2051030709
1823892897
609678669
355552949
24929255
1380997395
140234344
1791007021
286707515
574913800
1409322196
68045844
1688701101
906916326
619789063
1936552548
1363173011
1864611441
139346674
545934169
2045197633
1810531583
1384522626
2094303096
1780442198
2019743608
187057217
512086143
1185649546
1079775694
1942173308
1089196607
756184943
404368329
1444749556
781114198
1785365724
1584983900
424637571
2072073240
12414052
1833959767
2140119084
1701115153
593392445
612424499
1490184053
1956565456
329552292
1629530728
355015978
227266278
1292578663
1739538604
174085726
925537213
1611798564
361142943
1437623356
649964462
1440918637
1232313016
1739161069
49619932
1636681346
1036426977
830734130
1274563422
473927229
1255371702
1199153014
486341281
941847821
1191788450
39972787
1535240267
1804212949
1530156840
1344322075
2133765242
1012203920
1699338053
213547872
157298935
1291393009
387633598
1082836148
755707925
748776542
372975857
1405672387
42211531
1605288873
997349808
91831464
1094486571
2033776785
922565594
221566346
360220366
30453648
1420719360
846561648
972301470
465024163
886534435
360058089
121753464
269207627
1704380164
108035058
1281411548
1256234570
321582930
1438710483
400143931
709216529
374062984
1155851857
1457993071
747038841
414040596
1500204602
204844066
1411390405
1592036066
1299330638
1297683542
367118013
1520896984
1657903909
397571661
794132696
356981909
1369873131
1259156859
1243516344
1729931220
1380910324
1512723971
1286827737
1488945382
646651871
395578659
1810528313
2085362355
795722590
372261194
311941691
1951574447
1830254265
1058980532
218131396
1182975219
1263824598
1629521801
627527638
415671588
779721695
994645651
1936568572
290141956
1392217312
583217621
647123865
614606796
1842374480
1890640209
197054368
1075801156
1255880533
1483882105
417262891
1902532404
1879460764
80307556
1840411111
527699707
452568750
4869154
331790506
135339367
1063849686
549921902
1318314586
180190637
31960055
1945842224
595862225
811681751
793004227
384947150
1101823707
37737892
968164771
1748947573
652344688
663055603
1492104134
849399056
1738856760
600501019
185797514
8636003
355549776
2065258278
88943559
48477239
445474337
541512309
53346394
777264844
676851676
1117196080
1327186746
1995166262
1297386717
1359146802
1793524839
1893248943
23344905
439045418
130712445
1125168612
476783310
1098877216
726632537
1129127998
1761932819
71253024
1978527055
1353305931
671754043
16840921
1361941934
1027303819
2082099199
1450885493
1075781059
380089889
1992397802
1129127453
1157354733
521765830
98839885
337057831
369448445
1396226603
1696204633
15489636
1141991898
1719549538
454535054
1272704343
697234503
931318365
224097911
1423867040
2060446363
1986030730
1495120064
1891489770
1191853014
19390460
1908330691
406311300
1046694279
1842946243
1857196794
2122475338
75552484
1702110948
1104119143
1232907217
76393131
1202959029
1569965048
445841576
451701984
1118686034
461331212
1593693882
690751924
915866266
718914577
1387986427
1847184631
943012488
664369820
1760147347
781559570
12006236
1504153469
1973412584
31396696
1265000513
232240237
1078090976
960463108
2089437031
1053082666
1036015592
1644064331
9718162
121439161
1720457462
1212677191
1691404209
18815390
1664379175
662606595
480146602
1110589409
1353358520
1396012869
1829503986
593861299
1095713852
625032826
1258231119
708377551
1406592396
1270237356
65047373
1232521333
1301634052
1330047886
1464761570
232241380
143027346
1406714953
1285324047
1179042938
903295636
1295042209
1300482099
476269451
360235752
844402660
495084841
2024614927
1507009256
975231444
987720688
712884128
223760665
669741026
1306745427
1319474517
1294773852
417492899
2027852069
553882600
1687730255
2092899442
1786403933
841880659
1275463680
1103681855
1074122040
1418491026
362913160
211962439
450050316
1266208797
1507004648
1750532415
1742478248
1867240400
447451427
90079441
1744371679
1954460683
1065310885
584608719
519861163
1289071550
1254349745
1826606591
461062420
401639949
96615842
341430841
955522549
1784346097
286846635
594442835
478743108
1562310315
1698124690
1552865148
833317693
2061037851
1764827587
1283368009
1179763000
1124348587
886416776
774757600
844105339
1333868203
864837041
440993370
1140845239
1930147927
1025602089
1660706402
1071735829
132468186
1339829345
1532798249
534108135
1436445187
1874229090
1489630685
1073307636
13592077
2084073520
1552050745
1575902392
1634714562
957432245
261736437
1548268765
574776185
1545104446
580548117
1699124772
284037574
1355305717
395746464
1617905778
72659111
836739834
611267369
2002807038
1862341924
124490123
927059219
1994810110
1464319469
312373821
381434598
753281008
39119263
1871065283
1826588645
52711341
1807655155
1231155742
1628613733
1294886069
41104339
1890350171
695671187
615880524
1287970969
1276219304
167521649
1572008544
484041374
563268113
1042430674
556700485
1400007947
1653698043
412023875
1114866223
1778188166
1339083094
962192686
1095023987
1651456915
1343627284
1848304996
1690576179
1067208919
1527409993
1743287520
727380426
611082087
1224417605
2022266495
652186426
967284128
570454034
1268066951
107771450
1846673339
1435588600
1679779994
183231065
1998856713
574727020
739931550
1251381012
80941415
1151955425
218763588
1859129581
343554871
1180956274
806669921
1995011787
377099910
507491269
1538104318
1444308829
2034901262
1133908190
24205607
498499701
210842147
2046472102
1150686127
1178126276
469442489
271269430
1285897726
168632180
1706858030
818194072
351863245
1558231095
1392921092
1091794795
662128460
1473862507
96266572
880892048
1185508440
439821443
2061848322
1992178361
287349582
291464584
352185982
1825453900
1735773413
239603596
811878442
1759979020
738103297
1022720590
1658967474
1888789425
53363218
2128409963
12575207
1339260944
149558495
1719433238
9971368
501421740
1130180685
1402892460
1593216535
1792309145
729271319
1689483107
525717545
1914779759
2129304551
440082219
1759474473
269170485
731546803
2111660455
2094624386
319836568
203780404
759019180
2079815588
941883701
1781739770
1591299415
683189478
1835102988
1572225730
695764686
1026880284
1721784226
267714276
1036851652
75722318
1397894961
292260464
1668938854
1042720459
1021531783
1210938313
1568438004
788827895
1192759216
2008520224
400818720
1461929702
592583379
364995527
1409070440
912419948
568775931
20605972
844751888
1510659633
1802345743
288567655
46365463
1489965083
1860793386
742130149
369361720
1435093964
1009844425
1406213372
1510816282
260255739
1698473837
1032271488
1302976198
572521972
95726154
723930554
1361349867
1288485370
584967130
1762168587
602931424
1177550510
2127164115
2012001864
2089970458
548456398
2032607837
0
