2147397202
2147397196
2147397140
2147397100
2147397074
2147397032
2147397022
2147397014
2147396992
2147396990
2147396966
2147396924
2147396906
2147396900
2147396896
2147396890
2147396872
2147396860
2147396830
2147396822
2147396810
2147396764
2147396762
2147396752
2147396714
2147396690
2147396662
2147396626
2147396624
2147396612
2147396582
2147396572
2147396564
2147396560
2147396536
2147396524
2147396516
2147396444
2147396416
2147396414
2147396404
2147396402
2147396356
2147396354
2147396344
2147396326
2147396312
2147396284
2147396270
2147396246
2147396230
2147396216
2147396206
2147396192
2147396182
2147396162
2147396132
2147396080
2147396066
2147396060
2147396054
2147396042
2147395972
2147395964
2147395952
2147395940
2147395930
2147395910
2147395894
2147395844
2147395832
2147395780
2147395774
2147395732
2147395724
2147395712
2147395706
2147395700
2147395672
2147395664
2147395654
2147395636
2147395634
2147395612
2147395592
2147395556
2147395502
2147395492
2147395490
2147395430
2147395426
2147395424
2147395420
2147395382
2147395376
2147395346
2147395334
2147395312
2147395306
2147395300
2147395294
2147395262
2147395244
2147395196
2147395150
2147395126
2147395046
2147395042
2147394982
2147394976
2147394964
2147394962
2147394950
2147394920
2147394916
2147394892
2147394872
2147394856
2147394814
2147394764
2147394752
2147394722
2147394634
2147394622
2147394620
2147394592
2147394580
2147394572
2147394556
2147394554
2147394550
2147394542
2147394536
2147394530
2147394482
2147394470
2147394464
2147394430
2147394376
2147394374
2147394344
2147394292
2147394286
2147394284
2147394262
2147394250
2147394242
2147394220
2147394202
2147394190
2147394176
2147394170
2147394134
2147394130
2147394100
2147394092
2147394046
2147394026
2147394020
2147393962
2147393932
2147393924
2147393912
2147393884
2147393870
2147393866
2147393864
2147393770
2147393764
2147393750
2147393704
2147393696
2147393690
2147393686
2147393684
2147393674
2147393662
2147393642
2147393624
2147393612
2147393564
2147393536
2147393492
2147393464
2147393456
2147393452
2147393450
2147393422
2147393404
2147393402
2147393396
2147393380
2147393374
2147393362
2147393354
2147393320
2147393302
2147393294
2147393276
2147393260
2147393252
2147393224
2147393204
2147393182
2147393150
2147393144
2147393102
2147393096
2147393054
2147393012
2147392996
2147392994
2147392984
2147392906
2147392886
2147392882
2147392876
2147392856
2147392846
2147392832
2147392814
2147392792
2147392724
2147392706
2147392700
2147392672
2147392594
2147392574
2147392564
2147392550
2147392546
2147392534
2147392490
2147392472
2147392412
2147392402
2147392394
2147392370
2147392340
2147392304
2147392286
2147392274
2147392256
2147392252
2147392246
2147392204
2147392192
2147392156
2147392154
2147392150
2147392142
2147392132
2147392072
2147392034
2147392024
2147391994
2147391976
2147391934
2147391892
2147391866
2147391862
2147391850
2147391836
2147391814
2147391790
2147391784
2147391776
2147391754
2147391724
2147391716
2147391712
2147391694
2147391686
2147391644
2147391640
2147391632
2147391586
2147391572
2147391566
2147391562
2147391554
2147391514
2147391490
2147391464
2147391412
2147391406
2147391386
2147391356
2147391352
2147391350
2147391334
2147391316
2147391302
2147391286
2147391274
2147391272
2147391250
2147391244
2147391212
2147391206
2147391190
2147391164
2147391124
2147391110
2147391014
2147390980
2147390942
2147390936
2147390926
2147390900
2147390876
2147390830
2147390792
2147390786
2147390782
2147390740
2147390734
2147390674
2147390660
2147390642
2147390632
2147390630
2147390620
2147390614
2147390602
2147390590
2147390566
2147390492
2147390450
2147390440
2147390422
2147390390
2147390366
2147390344
2147390330
2147390294
2147390284
2147390260
2147390252
2147390236
2147390216
2147390212
2147390186
2147390152
2147390120
2147390114
2147390110
2147389994
2147389970
2147389964
2147389960
2147389942
2147389934
2147389922
2147389906
2147389900
2147389894
2147389880
2147389846
2147389822
2147389784
2147389766
2147389756
2147389694
2147389682
2147389634
2147389622
2147389594
2147389582
2147389580
2147389526
2147389504
2147389486
2147389474
2147389444
2147389424
2147389420
2147389406
2147389402
2147389372
2147389354
2147389336
2147389334
2147389330
2147389270
2147389222
2147389216
2147389186
2147389162
2147389154
2147389150
2147389144
2147389124
2147389112
2147389106
2147389070
2147389036
2147389022
2147388982
2147388964
2147388956
2147388926
2147388874
2147388854
2147388832
2147388812
2147388794
2147388776
2147388772
2147388754
2147388734
2147388712
2147388706
2147388704
2147388682
2147388614
2147388580
2147388566
2147388562
2147388500
2147388490
2147388482
2147388440
2147388434
2147388430
2147388416
2147388412
2147388406
2147388392
2147388380
2147388332
2147388326
2147388322
2147388304
2147388256
2147388254
2147388244
2147388242
2147388236
2147388214
2147388212
2147388182
2147388122
2147388110
2147388104
2147388100
2147388086
2147388052
2147388046
2147388044
2147388010
2147387962
2147387950
2147387936
2147387906
2147387900
2147387860
2147387842
2147387824
2147387794
2147387746
2147387744
2147387732
2147387722
2147387716
2147387702
2147387680
2147387654
2147387650
2147387632
2147387612
2147387576
2147387534
2147387510
2147387506
2147387444
2147387416
2147387396
2147387386
2147387342
2147387326
2147387302
2147387282
2147387260
2147387230
2147387222
2147387216
2147387156
2147387134
2147387086
2147387066
2147387062
2147387032
2147387020
2147387012
2147387006
2147386990
2147386924
2147386886
2147386856
2147386760
2147386756
2147386736
2147386732
2147386730
2147386714
2147386702
2147386690
2147386670
2147386642
2147386630
2147386610
2147386604
2147386586
2147386564
2147386532
2147386474
2147386466
2147386462
2147386450
2147386390
2147386306
2147386280
2147386276
2147386274
2147386262
2147386220
2147386214
2147386210
2147386190
2147386172
2147386150
2147386126
2147386120
2147386094
2147386054
2147386052
2147385976
2147385970
2147385944
2147385940
2147385934
2147385910
2147385896
2147385890
2147385860
2147385850
2147385832
2147385830
2147385812
2147385784
2147385772
2147385770
2147385766
2147385736
2147385730
2147385700
2147385680
2147385674
2147385662
2147385640
2147385634
2147385610
2147385604
2147385602
2147385592
2147385590
2147385556
2147385482
2147385476
2147385442
2147385434
2147385392
2147385374
2147385370
2147385340
2147385332
2147385316
2147385296
2147385284
2147385226
2147385214
2147385202
2147385200
2147385160
2147385154
2147385116
2147385106
2147385094
2147385092
2147385080
2147385052
2147385004
2147384980
2147384920
2147384912
2147384896
2147384864
2147384846
2147384842
2147384824
2147384800
2147384756
2147384750
2147384740
2147384714
2147384692
2147384686
2147384672
2147384656
2147384636
2147384624
2147384612
2147384602
2147384596
2147384540
2147384530
2147384512
2147384504
2147384500
2147384416
2147384390
2147384336
2147384332
2147384290
2147384266
2147384254
2147384246
2147384230
2147384224
2147384206
2147384204
2147384194
2147384114
2147384092
2147384030
2147384026
2147384024
2147384020
2147384014
2147384006
2147384002
2147383996
2147383994
2147383960
2147383946
2147383942
2147383876
2147383874
2147383870
2147383834
2147383832
2147383810
2147383792
2147383790
2147383786
2147383744
2147383742
2147383732
2147383712
2147383700
2147383684
2147383652
2147383636
2147383630
2147383576
2147383534
2147383522
2147383510
2147383504
2147383492
2147383484
2147383466
2147383424
2147383382
2147383372
2147383352
2147383330
2147383310
2147383294
2147383286
2147383270
2147383226
2147383196
2147383180
2147383132
2147383126
2147383096
2147383082
2147383022
2147383012
2147383006
2147383000
2147382976
2147382904
2147382902
2147382886
2147382880
2147382874
2147382854
2147382850
2147382830
2147382794
2147382776
2147382770
2147382754
2147382710
2147382700
2147382686
2147382650
2147382640
2147382626
2147382610
2147382602
2147382586
2147382584
2147382554
2147382542
2147382512
2147382472
2147382452
2147382446
2147382442
2147382410
2147382406
2147382386
2147382382
2147382326
2147382304
2147382290
2147382280
2147382256
2147382242
2147382236
2147382224
2147382202
2147382200
2147382182
2147382176
2147382140
2147382046
2147381992
2147381956
2147381930
2147381912
2147381906
2147381900
2147381872
2147381860
2147381854
2147381794
2147381786
2147381704
2147381696
2147381692
2147381672
2147381636
2147381632
2147381630
2147381576
2147381570
2147381530
2147381416
2147381374
2147381366
2147381354
2147381350
2147381326
2147381320
2147381312
2147381282
2147381270
2147381266
2147381254
2147381240
2147381230
2147381224
2147381222
2147381210
2147381156
2147381150
2147381126
2147381116
2147381110
2147381062
2147381032
2147381020
2147380960
2147380922
2147380912
2147380906
2147380886
2147380870
2147380856
2147380852
2147380844
2147380834
2147380814
2147380804
2147380802
2147380790
2147380786
2147380736
2147380730
2147380696
2147380684
2147380676
2147380666
2147380652
2147380642
2147380586
2147380580
2147380556
2147380540
2147380526
2147380454
2147380424
2147380390
2147380382
2147380376
2147380372
2147380360
2147380334
2147380312
2147380276
2147380246
2147380222
2147380192
2147380162
2147380144
2147380132
2147380102
2147380054
2147380036
2147379982
2147379980
2147379940
2147379932
2147379922
2147379920
2147379872
2147379866
2147379862
2147379850
2147379826
2147379814
2147379812
2147379802
2147379766
2147379764
2147379742
2147379724
2147379676
2147379674
2147379634
2147379574
2147379560
2147379544
2147379542
2147379532
2147379506
2147379502
2147379494
2147379476
2147379434
2147379422
2147379362
2147379322
2147379304
2147379200
2147379136
2147379112
2147379100
2147379080
2147379002
2147378986
2147378974
2147378944
2147378906
2147378890
2147378876
2147378846
2147378842
2147378840
2147378836
2147378822
2147378780
2147378770
2147378762
2147378732
2147378716
2147378674
2147378560
2147378542
2147378536
2147378524
2147378504
2147378482
2147378450
2147378414
2147378396
2147378384
2147378380
2147378356
2147378300
2147378272
2147378270
2147378260
2147378254
2147378230
2147378204
2147378134
2147378102
2147378066
2147378014
2147377990
2147377964
2147377954
2147377946
2147377930
2147377882
2147377874
2147377792
2147377790
2147377756
2147377744
2147377702
2147377700
2147377694
2147377682
2147377670
2147377636
2147377610
2147377604
2147377594
2147377570
2147377544
2147377526
2147377492
2147377490
2147377484
2147377472
2147377462
2147377432
2147377384
2147377346
2147377280
2147377276
2147377250
2147377244
2147377234
2147377216
2147377192
2147377156
2147377022
2147377006
2147376992
2147376986
2147376956
2147376932
2147376922
2147376896
2147376890
2147376886
2147376826
2147376820
2147376722
2147376694
2147376634
2147376620
2147376560
2147376554
2147376550
2147376532
2147376512
2147376506
2147376490
2147376466
2147376460
2147376436
2147376422
2147376404
2147376394
2147376382
2147376380
2147376370
2147376326
2147376244
2147376196
2147376154
2147376152
2147376116
2147376092
2147376076
2147376064
2147376062
2147376056
2147376020
2147376004
2147376002
0
