1499
2999
4
3001
19
7
4
5
6
31
4
17
5
3011
4
23
11
5
4
7
6
3019
4
19
1511
3023
4
5
17
1009
4
13
5
7
4
9
37
5
4
3037
7
1013
4
3041
6
17
4
5
1523
11
4
3049
5
9
4
43
6
5
4
1019
11
7
4
3061
1531
1021
4
5
6
3067
4
9
5
37
4
7
29
5
4
17
6
3079
4
13
23
3083
4
5
1543
7
4
3089
5
11
4
1031
7
5
4
19
1549
1033
4
7
6
29
4
5
1553
13
4
3109
5
17
4
11
6
5
4
1039
1559
3119
4
3121
7
9
4
5
6
53
4
7
5
31
4
13
1567
5
4
3137
6
43
4
9
1571
7
4
5
11
1049
4
47
5
23
4
1051
19
5
4
7
1579
9
4
29
6
3163
4
5
1583
3167
4
3169
5
7
4
19
6
5
4
9
7
11
4
3181
37
1061
4
5
6
3187
4
1063
5
3191
4
31
1597
5
4
23
6
7
4
11
1601
3203
4
5
7
1069
4
3209
5
13
4
7
1607
5
4
3217
1609
29
4
3221
6
11
4
5
1613
7
4
3229
5
9
4
53
6
5
4
13
1619
41
4
7
1621
23
4
5
6
17
4
9
5
3251
4
3253
1627
5
4
3257
6
3259
4
1087
7
13
4
5
23
9
4
7
5
3271
4
1091
1637
5
4
29
11
1093
4
17
6
7
4
5
31
19
4
11
5
1097
4
37
6
5
4
7
17
3299
4
3301
13
9
4
5
6
3307
4
1103
5
7
4
3313
1657
5
4
31
6
3319
4
9
11
3323
4
5
1663
1109
4
3329
5
3331
4
11
1667
5
4
47
1669
7
4
13
6
3343
4
5
7
3347
4
17
5
1117
4
7
6
5
4
9
23
3359
4
3361
41
19
4
5
6
7
4
1123
5
3371
4
3373
7
5
4
11
6
31
4
7
19
17
4
5
1693
1129
4
3389
5
3391
4
9
1697
5
4
43
1699
11
4
19
6
41
4
5
13
3407
4
7
5
9
4
3413
6
5
4
17
1709
13
4
11
29
7
4
5
6
23
4
9
5
47
4
3433
17
5
4
7
6
19
4
31
1721
11
4
5
1723
9
4
3449
5
7
4
1151
11
5
4
3457
7
1153
4
3461
6
3463
4
5
1733
3467
4
3469
5
13
4
23
6
5
4
19
37
7
4
59
1741
9
4
5
6
11
4
1163
5
3491
4
7
1747
5
4
13
6
3499
4
9
17
31
4
5
1753
7
4
11
5
3511
4
1171
7
5
4
3517
1759
9
4
7
6
13
4
5
41
3527
4
3529
5
11
4
3533
6
5
4
9
29
3539
4
3541
7
1181
4
5
6
3547
4
7
5
53
4
11
1777
5
4
3557
6
3559
4
1187
13
7
4
5
1783
29
4
43
5
3571
4
9
1787
5
4
7
1789
1193
4
3581
6
3583
4
5
11
17
4
37
5
7
4
3593
6
5
4
11
7
59
4
13
1801
1201
4
5
6
3607
4
9
5
23
4
3613
13
5
4
3617
6
7
4
17
1811
3623
4
5
7
9
4
19
5
3631
4
7
23
5
4
3637
17
1213
4
11
6
3643
4
5
1823
7
4
41
5
1217
4
13
6
5
4
23
31
3659
4
7
1831
9
4
5
6
19
4
1223
5
3671
4
3673
11
5
4
3677
6
13
4
9
7
29
4
5
19
1229
4
7
5
3691
4
1231
1847
5
4
3697
43
9
4
3701
6
7
4
5
17
11
4
3709
5
1237
4
47
6
5
4
7
11
3719
4
61
1861
17
4
5
6
3727
4
11
5
7
4
3733
1867
5
4
37
6
3739
4
29
1871
19
4
5
1873
1249
4
23
5
11
4
9
1877
5
4
13
1879
7
4
3761
6
53
4
5
7
3767
4
3769
5
9
4
7
6
5
4
1259
1889
3779
4
19
31
13
4
5
6
7
4
9
5
17
4
3793
7
5
4
3797
6
29
4
7
1901
3803
4
5
11
9
4
13
5
37
4
31
1907
5
4
11
23
19
4
3821
6
3823
4
5
1913
43
4
7
5
1277
4
3833
6
5
4
1279
19
11
4
23
17
7
4
5
6
3847
4
1283
5
3851
4
3853
41
5
4
7
6
17
4
9
1931
3863
4
5
1933
1289
4
53
5
7
4
1291
13
5
4
3877
7
9
4
3881
6
11
4
5
29
13
4
3889
5
1297
4
17
6
5
4
9
1949
7
4
47
1951
1301
4
5
6
3907
4
1303
5
3911
4
7
19
5
4
3917
6
3919
4
1307
37
3923
4
5
13
7
4
3929
5
3931
4
9
7
5
4
31
11
13
4
7
6
3943
4
5
1973
3947
4
11
5
9
4
59
6
5
4
1319
1979
37
4
17
7
1321
4
5
6
3967
4
7
5
11
4
29
1987
5
4
41
6
23
4
1327
11
7
4
5
1993
9
4
3989
5
13
4
11
1997
5
4
7
