6
1999
4
23
7
2003
4
5
17
9
4
7
5
2011
4
11
19
5
4
2017
1009
673
4
43
6
7
4
5
1013
2027
4
2029
5
677
4
19
6
5
4
7
1019
2039
4
13
1021
9
4
5
6
23
4
683
5
7
4
2053
13
5
4
11
6
29
4
9
1031
2063
4
5
1033
13
4
2069
5
19
4
691
17
5
4
31
1039
7
4
2081
6
2083
4
5
7
2087
4
2089
5
17
4
7
6
5
4
9
1049
2099
4
11
1051
701
4
5
6
7
4
19
5
2111
4
2113
7
5
4
29
6
13
4
7
1061
11
4
5
1063
709
4
2129
5
2131
4
9
11
5
4
2137
1069
23
4
2141
6
2143
4
5
29
19
4
7
5
9
4
2153
6
5
4
719
13
17
4
2161
23
7
4
5
6
11
4
9
5
13
4
41
1087
5
4
7
6
2179
4
727
1091
37
4
5
1093
9
4
11
5
7
4
17
1097
5
4
13
7
733
4
31
6
2203
4
5
1103
2207
4
47
5
11
4
2213
6
5
4
739
1109
7
4
2221
11
9
4
5
6
17
4
743
5
23
4
7
1117
5
4
2237
6
2239
4
9
19
2243
4
5
1123
7
4
13
5
2251
4
751
7
5
4
37
1129
9
4
7
6
31
4
5
11
2267
4
2269
5
757
4
2273
6
5
4
9
17
43
4
2281
7
761
4
5
6
2287
4
7
5
29
4
2293
31
5
4
2297
6
11
4
13
1151
7
4
5
1153
769
4
2309
5
2311
4
9
13
5
4
7
19
773
4
11
6
23
4
5
1163
13
4
17
5
7
4
2333
6
5
4
19
7
2339
4
2341
1171
11
4
5
6
2347
4
9
5
2351
4
13
11
5
4
2357
6
7
4
787
1181
17
4
5
7
9
4
23
5
2371
4
7
1187
5
4
2377
29
13
4
2381
6
2383
4
5
1193
7
4
2389
5
797
4
2393
6
5
4
17
11
2399
4
7
1201
9
4
5
6
29
4
11
5
2411
4
19
17
5
4
2417
6
41
4
9
7
2423
4
5
1213
809
4
7
5
11
4
811
1217
5
4
2437
23
9
4
2441
6
7
4
5
1223
2447
4
31
5
19
4
11
6
5
4
7
1229
2459
4
23
1231
821
4
5
6
2467
4
823
5
7
4
2473
1237
5
4
2477
6
37
4
827
17
13
4
5
11
829
4
19
5
47
4
9
29
5
4
11
1249
7
4
41
6
2503
4
5
7
23
4
13
5
9
4
7
6
5
4
839
1259
11
4
2521
13
29
4
5
6
7
4
9
5
2531
4
17
7
5
4
43
6
2539
4
7
31
2543
4
5
19
9
4
2549
5
2551
4
23
1277
5
4
2557
1279
853
4
13
6
11
4
5
1283
17
4
7
5
857
4
31
6
5
4
859
1289
2579
4
29
1291
7
4
5
6
13
4
863
5
2591
4
2593
1297
5
4
7
6
23
4
9
1301
19
4
5
1303
11
4
2609
5
7
4
13
1307
5
4
2617
7
9
4
2621
6
43
4
5
13
37
4
11
5
877
4
2633
6
5
4
9
1319
7
4
19
1321
881
4
5
6
2647
4
883
5
11
4
7
1327
5
4
2657
6
2659
4
887
11
2663
4
5
31
7
4
17
5
2671
4
9
7
5
4
2677
13
19
4
7
6
2683
4
5
17
2687
4
2689
5
9
4
2693
6
5
4
29
19
2699
4
37
7
17
4
5
6
2707
4
7
5
2711
4
2713
23
5
4
11
6
2719
4
907
1361
7
4
5
29
9
4
2729
5
2731
4
911
1367
5
4
7
37
11
4
2741
6
13
4
5
1373
41
4
2749
5
7
4
2753
6
5
4
919
7
31
4
11
1381
9
4
5
6
2767
4
13
5
17
4
47
19
5
4
2777
6
7
4
9
13
11
4
5
7
929
4
2789
5
2791
4
7
11
5
4
2797
1399
9
4
2801
6
2803
4
5
23
7
4
53
5
937
4
29
6
5
4
9
1409
2819
4
7
17
941
4
5
6
11
4
23
5
19
4
2833
13
5
4
2837
6
17
4
947
7
2843
4
5
1423
13
4
7
5
2851
4
9
1427
5
4
2857
1429
953
4
2861
6
7
4
5
1433
47
4
19
5
9
4
13
6
5
4
7
1439
2879
4
43
11
31
4
5
6
2887
4
9
5
7
4
11
1447
5
4
2897
6
13
4
967
1451
2903
4
5
1453
9
4
2909
5
41
4
971
31
5
4
2917
1459
7
4
23
6
37
4
5
7
2927
4
29
5
977
4
7
6
5
4
11
13
2939
4
17
1471
9
4
5
6
7
4
983
5
13
4
2953
7
5
4
2957
6
11
4
7
1481
2963
4
5
1483
23
4
2969
5
2971
4
991
1487
5
4
13
1489
9
4
11
6
19
4
5
1493
29
4
7
5
997
4
41
6
5
4
9
