No such base
No such base
4
No such base
No such base
No such base
4
5
6
7
4
9
5
11
4
13
7
5
4
17
6
19
4
7
11
23
4
5
13
9
4
29
5
31
4
11
17
5
4
37
19
13
4
41
6
43
4
5
23
47
4
7
5
17
4
53
6
5
4
19
29
59
4
61
31
7
4
5
6
67
4
23
5
71
4
73
37
5
4
7
6
79
4
9
41
83
4
5
43
29
4
89
5
7
4
31
47
5
4
97
7
9
4
101
6
103
4
5
53
107
4
109
5
37
4
113
6
5
4
9
59
7
4
11
61
41
4
5
6
127
4
43
5
131
4
7
67
5
4
137
6
139
4
47
71
11
4
5
73
7
4
149
5
151
4
9
7
5
4
157
79
53
4
7
6
163
4
5
83
167
4
13
5
9
4
173
6
5
4
59
89
179
4
181
7
61
4
5
6
11
4
7
5
191
4
193
97
5
4
197
6
199
4
67
101
7
4
5
103
9
4
11
5
211
4
71
107
5
4
7
109
73
4
13
6
223
4
5
113
227
4
229
5
7
4
233
6
5
4
79
7
239
4
241
11
9
4
5
6
13
4
83
5
251
4
11
127
5
4
257
6
7
4
9
131
263
4
5
7
89
4
269
5
271
4
7
137
5
4
277
139
9
4
281
6
283
4
5
11
7
4
17
5
97
4
293
6
5
4
9
149
13
4
7
151
101
4
5
6
307
4
103
5
311
4
313
157
5
4
317
6
11
4
107
7
17
4
5
163
109
4
7
5
331
4
9
167
5
4
337
13
113
4
11
6
7
4
5
173
347
4
349
5
9
4
353
6
5
4
7
179
359
4
19
181
11
4
5
6
367
4
9
5
7
4
373
11
5
4
13
6
379
4
127
191
383
4
5
193
9
4
389
5
17
4
131
197
5
4
397
199
7
4
401
6
13
4
5
7
11
4
409
5
137
4
7
6
5
4
139
11
419
4
421
211
9
4
5
6
7
4
11
5
431
4
433
7
5
4
19
6
439
4
7
13
443
4
5
223
149
4
449
5
11
4
151
227
5
4
457
229
9
4
461
6
463
4
5
233
467
4
7
5
157
4
11
6
5
4
9
239
479
4
13
241
7
4
5
6
487
4
163
5
491
4
17
13
5
4
7
6
499
4
167
251
503
4
5
11
13
4
509
5
7
4
9
257
5
4
11
7
173
4
521
6
523
4
5
263
17
4
23
5
9
4
13
6
5
4
179
269
7
4
541
271
181
4
5
6
547
4
9
5
19
4
7
277
5
4
557
6
13
4
11
281
563
4
5
283
7
4
569
5
571
4
191
7
5
4
577
17
193
4
7
6
11
4
5
293
587
4
19
5
197
4
593
6
5
4
199
13
599
4
601
7
9
4
5
6
607
4
7
5
13
4
613
307
5
4
617
6
619
4
9
311
7
4
5
313
11
4
17
5
631
4
211
317
5
4
7
11
9
4
641
6
643
4
5
17
647
4
11
5
7
4
653
6
5
4
9
7
659
4
661
331
13
4
5
6
23
4
223
5
11
4
673
337
5
4
677
6
7
4
227
11
683
4
5
7
229
4
13
5
691
4
7
347
5
4
17
349
233
4
701
6
19
4
5
353
7
4
709
5
9
4
23
6
5
4
239
359
719
4
7
19
241
4
5
6
727
4
9
5
17
4
733
367
5
4
11
6
739
4
13
7
743
4
5
373
9
4
7
5
751
4
251
13
5
4
757
379
11
4
761
6
7
4
5
383
13
4
769
5
257
4
773
6
5
4
7
389
19
4
11
17
9
4
5
6
787
4
263
5
7
4
13
397
5
4
797
6
17
4
9
401
11
4
5
13
269
4
809
5
811
4
271
11
5
4
19
409
7
4
821
6
823
4
5
7
827
4
829
5
277
4
7
6
5
4
9
419
839
4
29
421
281
4
5
6
7
4
283
5
23
4
853
7
5
4
857
6
859
4
7
431
863
4
5
433
17
4
11
5
13
4
9
19
5
4
877
439
293
4
881
6
883
4
5
443
887
4
7
5
9
4
19
6
5
4
13
449
29
4
17
11
7
4
5
6
907
4
9
5
911
4
11
457
5
4
7
6
919
4
307
461
13
4
5
463
9
4
929
5
7
4
311
467
5
4
937
7
313
4
941
6
23
4
5
11
947
4
13
5
317
4
953
6
5
4
11
479
7
4
31
13
9
4
5
6
967
4
17
5
971
4
7
487
5
4
977
6
11
4
9
491
983
4
5
17
7
4
23
5
991
4
331
7
5
4
997
