5
4
17
9
4
4
163
700127993
4
5
487
227
28927
17
6
4
4
5
659
29
1071452419
4
5
9
229
5
4
5
5
5
6
5
6
7
11
5
421
9
251
7
17
4
541442137
4
547
7
43
4
4
4
23
5
59
5
23
1321
5
7
4
9
5
5
6
4
31
6
5
4
71
5
4
13
19
5
6
499
7
4
4
11
687973981
4
13
6
9
7
4
5
881
7
557
4
4
9
5
6
4
43
769
6
4
4
79
4
4
6
4
1008020953
6
13
11
4
9
11
577667549
7
4
7
89
131
97
409
4
10651
4
13
9
4
5
419
11
4
1516031191
17
4
5
5
9697
11
4
89
83
29
4
53
4
6
5
4
107
6
5
4
5087
4
5
73
197
127
17
15439
463
31
3343
29
1068326213
4
17
7
5
4
4
7
7
101
7
6
4
23
7
37
1574902363
13
235233347
5
4673
9
4
1030516867
13
6
11
23
9
17
5
5
4
6
19
83
13
5
4
9
7
4
4
14869
293
4
4
26209
6
4
13
691057709
149
7
4
5
7
97
4
4
23
7
113
5
6
6
43
3217
11
9
5
27527
353
4
271
11
4
6
19
821096741
5821
697951823
31
973615859
6
7
4
37
5
3109
137
71
11
17
13
4
4
4
5
7
6
6
6
4
103
4
17
4
29
43
4
907
17
5
5
4
283
11
2447
9
4
11
263
7
5
194496529
7
37
6
7
6
452705023
4
5
89
4
5
5
4
67
367
9
13
47
4
73
17
7
4
4
7
1011243407
5
2147353843
4
9
2707
9
227
858882127
29
4
4
6
4339
5
13
9
4
6263
4
4
9
75946337
5
13
4
1019051981
4
193
4
6
5
5
5
4
11
5
13
7
269
211
7
31
13
4
6
6
519754457
31
6
13
1223
4
37
9
5
7
5
33405137
4
349
271
4
4
911
2789
4
7
929
7
4
6
5
1260786353
689311289
4
5
5
6
1749002527
4
4
4
5
6
727
1051
9
9
7
6
5
4
179
13
11
5
12143
5
5
4
151
2749
4
23
4
7
5
373
1745162737
7
43
4
4
9
101
367
5
7
5
4
4
5
4
4
9
770941319
11
13
6
227
9
937
19
4
423345667
4
11
4
7
6
4
239
11
181
4
5
19
971
1815820271
4
6
677904119
71
5
13
6
6
1164252263
5
148108291
7
7
14519
11
7
6
53
4
389
5
157
4
2293
6
79
29
13
211
17
43
4
4
7
7
4
29
11
947
5
7
490753189
13
4
1060130359
29
654078017
59
29
4
13
4
89
7
229
6
7
113
37
751
4
5
367
5
2142250321
6
5
9
4
19
181
4
4
43
53
17
5
4
168021527
7
1889
1663
6
13
959225063
2411
4
11
5
2833
6
7
7
31
4
37
4
67
5
7
6
9
5
13
4
5
4
4
4
11
6
5
4
5
29
9
4
4
5
5
6
4
4
5
5
4
7
17
4
997
31
5
53
1104359533
7
5
19
926268703
4
4
2267
13
23
17
73
1333528633
4
59
7
31
536421839
545339021
6
4
4
7
7
23
4
53
4
7
4
167
11
7
43
5
7
1786251361
9649
461730677
12641
5
7
4
6
5
5
499
7
5
4
4
7877
7
7
4
7
17
311
4
17
5011
4787
139852169
41
11
6
4
44919839
1993624883
4
13
4
5
29
41
11
4
1009
5
13
7
31
35946367
4
661
5
2143
4
4
4
3457
4
4
5
6
11
4
41
5
623181617
23
5
9
5
134659433
7
4
5
727
4
4
4
4
54879599
4
7
1010554231
4
509
61
17
5
6
5
4
7
1057488071
9
23041
61
4
9
5
4
4
4
19
23
6
19
1760479031
9
5
109
41
7
4
104128861
13
4
6
5
359
47
17
13
13
4
4
4
4
4
5
33547
463983161
103
5
17
4
5
6
6
9
4
4
4
31
2144679799
4
11
5
365715047
1135965451
4
4
4
9
1779703313
8093
4
4
5
19
7
7
5
6
11
4
53
4
7
9
5
4
6
41
4
4
19
4
6
6
714047093
1337445581
61
17
7
6
4
4
101
5
5
5
17
4
7
53
31
4
19
4
6
8563
431
4
7
5
11
4
6
4
73
4
4
11
5
4
5
4
4
7
7
7993
4
13
7
6
4
281
5
4
7
6
5501
13
43
4
89
4
17
4
7
482015593
4
17
1697
4
5
5
4
187452847
5
4
5
17
5
6
6
9
5
5
4
89
31
17
6
4
4
4
7
5
4
307
4
23
5
4
6
9
5
1753
5
4
4
23
4
5
4
29
102529027
4
6
7
19
4
271
673
7
1423
41
47
6
6
19
7
4
4
7
23279
4
59
61
13
15107
211
419
2593
207487769
5
73
4
23
557
13
5
11
19
59
4
6
11
4
9
4
2903
569
199
5
5
4
4
43
5
4
402495703
43
5
17
5
4
157
468683807
569
11
19427
9
4
5
9
131
4
6
6
41
5
7
4
4
13
