540382397
11
6
4
37
4
4
6
4
5
5
499
4
7
5
4
7
4
7
4
4
1050828829
103
7
6
5
5
23
89
6
13
665050879
4
4
439
4
4
4
9
993647119
6
31
336988849
1976685401
29
9
4
5
4
6
19
7
23
108861163
155773577
4
4
989100641
5
4
4
997
11
5
71
5
6
6
4
163
4
698850769
151
4
5
5
5
4
4
4
19
4
291385189
4
5
4
1615866019
7
11
109
7
4
5
9
514561547
9
7
4
4
419
785353441
4
5
6
5
2633
4
5
47
7
5
471202241
6
5
73
4
4
5
19
4
53
73
4
7
293
7
4
9
4
4
225314087
13
149
5
17
137
4
331
4
757480721
4
5
6
17
5
11
263
11
353
9
4
6
5
1536896423
4597
4
4
17
11
616687271
16417
4
4
11
136200863
6
4
6
83
348306403
6
7
4
17467
29
1711653121
5
7
359
6
11
4
53
4
173
31
7
11
6
4
4
1224537679
5
7
7
5
4
4
5
5
31
11
7
1870641569
29
9
5
109988707
814074379
29
37
4
13291
61
4
11
787
6
4
6
6
3691
4
4
7
13
4
11
4
5
5
73
496864531
1035415177
449
4
330389369
23
7
11
41
7
6
11
37
7
227
13
11
4
4
4
4793
4
5
4
4
223993771
4
79
833460739
831774233
4
6
7
6
3329
293956457
4
1533364177
179
276439069
73
1624432963
1187
193
7
762972989
317
17
33965803
11
4
5
113
523
5
4
53
337
7
232795291
7
6
4
5
8447
4
11
6
4
4
4
6
5
4
523
4
4
4
419
4
6
4
6
470185993
13
17
17
6449
4
4
89
23
587
4
149
4
4
4
19
101
3089
4
17
4
9
7
4
67
181
4
6
1206920471
563846117
4
4
7
11
29
6
7717
4
5
6
19
6
19
4
5
7
4
23
7
4
7
9
11
12487
4
4
6
1427370487
5
4
389
7
193
5
639201197
4
1121329607
11
991345151
4
4
5
11
5
6
11
17
163
4
241
11
7
3547
8707
13
4
6
26317
5
23
691
7
61
5
47
4
4
1749546697
13
1553
67
7703
5
9
4
256553887
5
4
7
577
4
598076767
5
7
5
4
4
157
6
6
4
4
4
13
4
7691
139
1741
655113593
11
4
13
4
4
7
5
73
4
437264797
4
4
31
11
5
7
47
5
518757061
4
23
5
11
151
7
4
4
191
4
6
4
6
243100673
7
283
5
17
197
11
4
4
6
4
73
4
29
11
13
31
7
13
7
6
2077955119
9
40590131
7
6
4
17
4
17
5
2791
11
18287
11
426711413
5
5
4
44275003
4
271131583
241
5
13
6
4
7
5
4
73
4
5
9
7
97
4
4
7
9
7
251
107
5
4
4
19
1423
4937
6
11
5
5
13
1198533263
5
5
5
6
4
53
5
5
6
4
4
4
433
60296251
131584837
6
2389
1697
4
5
12323
235182371
61
1039
4
9
5
4
9
79
2213
7
1047149569
31
6
7
17
3911
7
4
5
29
1222466191
1194571013
7
487
13
1049
9
17
4
4
4
4
691
5
320545441
167
9
4
11
4
5
7
359
4969
1370025317
5
7
4
9
5
1086452501
531994247
6
6421
672543373
5
6
19
4
61
4
5
4
4
5
6
109
299513789
5
13
103
5
179
1397821129
11
7
150884003
47
5
9
4
725084617
4
29
7
5
4
4
13
43
4
32596411
17
5
19
11
4
661003513
4
13
4
6
13
761
13
13
11
5
5
4
71
1367897593
5
29
6
4
4
1291
7
83
4
5
41
4
4
4
5
4
6
197
4
13
5
4
6
4
3167
4
625068823
11
4
4
103
5
5
4
4
7229
43
5
6
4
47
4
5
61
4
4
5
9
4
4
7
9
4
73
4
5
6
727
4
927629189
79
5
13
4457
43
4
5
41
454047943
269
500857969
21419
43
4
13
1222039673
11
467
7
755687419
7
13
131
4
229
89
5
23
7
4
19
61
5
11
5
4
979079743
4
11
331
13
11
13
4
5
5
4
11
2609
67
4
43
5
23
163
29
1613
283
9
4
17
5
11
5
307
4
7
13
529765517
6
5
10177
9
1824307171
4
179
4
816528067
37
11
4
4
43
6
4
5
83
5
4
13
7
4
5
7
5
29
4
6
151
216123403
11
7
5
31
584397551
22153
7
4
4
7
4
29
5
13
2111
1320444589
5
41
4493
4
293
6
26251
1367
5
199
9
1949
4
6
4
5
4
5
802708111
4
31
4
1608698879
11
23003
13
1591392053
29243
4
9
4
4
13
7
2116880119
13
11
11
73
313
4
4
3359
5
5
23
23
5
563
193
4
7
144369311
5
4
311
4909
4
6
4
13
7
4
61
67
2797
5
5
5
4
31
7
505279829
47
4
4
5
4
4
4
281
31
7
9
7
4
23
5
4
6
7
4
6
4
4
13
23
5
37
9
5
4
4
5
4
4
6
11
41
17
4
4
4
19
5
4
4
7
7
9
4
163
17
17
4
11
4
4
13
4
71
6
5
11
5
6
5
6
109
