336762662
1603182738
1083609269
1547309974
1784733166
1917231297
204817736
1687091642
1477276722
757385841
2004425660
699919813
460210939
794309629
1804998045
117457617
188513850
371395579
447596640
807460848
628520894
183195682
1680845151
1369855883
1275925940
120822872
739392503
99085878
1757993084
558261774
344826064
2094755746
13960864
1428435333
1494582072
1798694030
1198182982
1699399808
1338302025
527976057
309302002
1195244037
1227895870
769512941
1989553667
885410268
886970558
30583869
1256805847
1334567199
838044718
1885326741
1517762881
371406221
1107698976
646205173
492229094
1847091480
745291051
102738530
257869606
1090117115
50010628
271830471
371068801
1544592700
2070524501
1569251783
1096508861
1261342878
2097227840
1405810863
309103268
1177640063
27840156
151173287
2063050331
914810714
181757156
1172372530
101894265
1019801874
910215624
1619657147
1391208096
2017914600
118378672
1883437190
1717522432
863669724
1986175720
1975392039
1953786839
2036186348
99738862
177371992
1433295400
22779715
1746623776
382320613
1284122594
1696367968
1788131476
1593225862
726524383
1815971632
1744399149
642091066
583298699
1926156305
1814463597
685192964
798474532
577195573
157366463
42198980
447626525
275745136
1925636170
17665310
1139414860
1764328242
1993057349
945718051
1653030942
2092796211
1123090044
938842694
2115575926
722230172
1321163308
1252214872
271114492
961811136
697957086
997638876
630299121
294872587
1639729942
1213597820
73545245
1306709891
1898790784
872019777
1883905464
2056157248
914218757
184048342
184418736
692371279
201713652
1323833596
309215873
47287353
122067999
1962246815
2140083564
1245158043
753605861
2108175842
1967388215
2074769169
1212907067
91019060
889096658
1910864153
1088657936
1519395779
58253093
580904230
585509951
131798338
1887614122
336817087
1003818115
1624035938
245490687
1918036872
1808084280
429909423
462924503
2009797932
1753743019
772140376
2057085285
1875811019
586903543
2049685201
973485414
1340509404
2010377396
793389982
1267794926
1075800815
884409042
9407936
839181320
1973066978
1528803715
897434413
406487560
2114313666
1029232751
146618034
303647105
2033050866
1770653973
549137793
1803604090
1431254605
979047216
119044945
1293568890
585306588
891185321
1203170527
313633959
1478088864
1105372081
1287119373
671114621
968265829
2080509355
1938909547
2044066644
817434749
1948317483
735764316
643018079
1329637550
1633198730
1049505640
1296467568
514947833
1196123674
1600114673
400515052
819293999
1768818
56635494
103064957
980816035
175680440
1396633847
1566122623
1066865761
452320726
1879756582
397470978
1557692807
1019392307
1068585599
378474988
952418015
860011498
275057984
1769852764
660845333
1010822301
265387196
1990482883
496537383
1314892836
1139466803
1011485216
363532862
592097828
1412000268
1182826862
593866647
1468635763
1285891819
1574682682
1644316203
535042018
993321657
563698316
987362744
725594591
961169294
397571904
1744986898
2029754893
776046892
549921265
742282743
1051104877
172290382
1403128076
2061927178
437677578
1246127311
410980913
1752570414
238110466
1422466129
2116103276
830208295
686982750
1151446490
1424074942
8134865
289854661
851273976
1652451068
824896679
1844595633
68665736
1812259424
422706576
1029835031
62347680
20209826
912106276
838394572
570131092
1654389020
1889499449
742421474
910033448
1803942979
1180099052
8677112
67440244
785185818
246787578
1489906374
753805446
1076995873
29405476
1905251937
353587167
37540341
47622950
1204861143
1689991409
872519630
901973128
1758657145
537295406
1324679704
641008528
599643086
1344889531
1553114805
1438037658
1915020623
1060020177
1180053460
509958449
1970053625
836512791
1690057501
1978730737
903953036
327759671
78034668
246375762
1081565117
1155030541
275781238
839333406
1508617709
313321579
886956357
565995204
2003312988
1759475987
1467968333
1614486485
149287745
645164389
108011366
748930831
1990053920
1661126171
39484841
1757590895
573662700
1219538301
120065696
396232677
2056051093
1810123197
227479767
812520481
2137882868
305514435
1058896243
1071964338
1460544976
1334677481
1911297744
821679037
1647999060
650770453
1387674242
1503828400
262762792
708158927
970831237
412050537
1353323316
1078842603
1160981368
1195893589
592485126
1200466210
806000836
1166147826
272520863
926066533
1562380504
181088308
588706082
1789860271
993608789
579105303
2095374706
2052505032
1651069641
1408436034
1239698865
1414883737
82631424
740214277
2065654191
1470305666
96559029
180933335
30980945
1067390267
592983873
1384304261
2146232870
1753965241
432714202
591234349
806947803
1238715039
1757382175
1079468667
17297924
1172279031
1260556975
606004006
814655654
106682117
1185109309
762546712
11703501
688695302
23499099
1251402367
2103579040
106130523
1991616644
2021749583
1576436189
2088175674
55199270
1607417134
1008082293
648183143
844237747
1006831515
254664737
1276951950
1598065864
1061612540
368183341
1207964392
2141081207
385481265
232759775
1254154535
991485271
1047415430
1360836652
29110933
1809962142
1372540153
717806235
1833461241
476458872
673901627
1939591764
320591869
548167562
1368544305
261283895
603366833
828477791
1269366188
1251549976
1672715539
128714055
1506214713
802183841
1726779920
420343606
1170367182
787260664
413941165
1555848447
1020020439
1668095700
399850070
2067435869
881448704
428961003
1729914364
106505210
1146767239
1415891957
582964082
1820668866
1208000074
903555951
221352781
429060731
1164839846
824719614
1257538523
286722386
2076269590
782770414
415436442
1435000656
1584954255
2142216362
1855344262
607837789
781993378
121801779
16202588
1802013817
1789897480
416052658
1721966039
523862536
845013662
1304396755
630367746
1991780901
572805064
1213331829
1664966119
1780805138
2116887780
1886318900
62382222
1134243979
563554866
1319920745
1420966365
492340809
2102691159
1836402807
1927341465
1540161766
1831135521
1635202079
515907
465645251
1757003858
16718495
120175421
1399417690
432771153
1842141460
1923280227
1277784815
999054567
406164325
1122082068
1571859631
1619496154
639564540
1205181122
1588900287
378399792
1267563344
575660618
941954659
440000441
1996626983
1434295468
395207952
1685546143
1214153285
1935369718
1369198016
701871716
1935885625
1834843268
311391926
1952604120
1955018689
1710809617
237891625
1649676501
1486606196
1515676441
501247420
1892770521
490274861
2073107051
1364783028
1129839401
1130804525
806199667
1508239194
250884221
1381860285
302710205
690884662
1231003620
1737005673
1086092614
769066115
803675310
873978684
2138264132
1505547026
662380661
1825623752
1816938952
467501133
1633158793
1380264921
705392759
1135351646
719387469
73585552
1636599066
464674343
563860413
1562222469
1829457371
1693699815
545543347
488173390
1054455361
796427568
1870033675
1357165566
1487312231
953553647
946687591
425921197
1722619763
1750362901
1299899882
1713400247
1108426279
1962280543
1391540351
777881583
282298029
877215496
10662857
987690788
2012567142
730050326
1061276340
1501682560
1194724669
1625136753
916421381
876698392
1171352920
1461964728
1364871782
78324633
110908649
1087421809
1435490199
1598220880
2040975457
234694142
2024142077
1616111572
1985057043
1176558311
1182028171
945999674
991355207
426084874
1723881258
1273653236
1303300370
1734544115
113860376
1168383864
317110793
1175136716
522582776
1511835463
652789821
1439004157
241050207
1824142742
753485238
1605921990
1902467375
864393887
545860151
1190473927
315131119
439351960
1425168069
191789548
2055463532
1262741465
1368347860
1090008055
61257491
212219419
1516092929
1785138749
1485872655
671909651
1372199216
1599733031
1840293515
1689310010
627386099
215392643
1053661825
1280175920
1654396801
1294712032
956835014
260398391
753150374
711818742
1124792278
1299010526
1902292669
1439923397
1738362486
1179977090
1631712945
1646342371
295234907
852577157
588866778
356492399
1064796576
2104959708
2141631148
403185583
629385711
1366346717
2002918614
322195579
908173079
482821065
537588222
1961834904
1762996986
44501375
1109063288
572348352
304899766
1862213663
1284167094
1429692044
1013740541
1038976115
722131793
604619379
71469558
206361091
103478102
366704465
1058938248
692344881
723196864
2123734825
649820941
717344365
379436760
1279206652
2083691082
234871727
1601402231
844380513
717692792
2138990454
658731769
333206130
36008181
1767795057
905554483
340907948
1482525072
42237929
1770599992
348781965
1081214045
345248138
953401345
1152683603
551609229
1056879447
1519388068
1610547477
1749224328
95101285
1586798654
251561621
812445650
1966235415
1530768274
748653084
53623494
984686857
1593033597
771316286
976193663
104281718
1104522417
1012201845
1872076775
2010076900
1353109793
1207118200
2052314829
976226137
1555900165
986045226
1321474275
361817862
2138728829
1873083504
1418697310
1510633250
1336147334
1020437990
1605734535
775462340
1271999612
270696537
594214107
655284238
1019349621
647837601
1639971095
464899570
1419153888
468681111
569181288
376192657
1480882956
293774415
238785909
686509101
1500892615
143617090
1662735238
909309133
1129662317
836725866
1271126995
1120907498
562325722
542340657
484057100
1898473056
1562778648
2089791635
526451749
687294612
213004524
1120665856
1342578850
1232354145
1768503458
835066297
1697253715
1040173698
1303747408
118951355
1416366355
637146716
412725771
1655152264
1323655817
1913618386
1798769354
838907408
675443871
780948023
1675633274
1946570867
1901855522
90475348
341427876
238428974
1988948405
1904206524
180736962
367916506
444017488
393741486
1488582362
1786596338
1626095632
1109602172
474178988
1175865699
2292222
1777926396
1294817055
1418658577
267589465
1707542826
926327193
1591245282
1473677564
577612900
282669042
1637788
1358560923
1958302316
1948208655
1112932797
2048777665
142152883
1351361772
1890242422
2046359408
1532098734
110675280
342893248
1925840220
1599257642
2129489587
1404452204
561376167
456184927
432834256
563668389
86627675
1727651311
1982326967
354217140
1287710489
761170512
1945462423
613904405
1338783412
80647817
615542193
549860688
2038950134
416267200
1662793485
1940244151
558420084
866671609
1683002925
457295844
251286695
1793678205
800189092
29643268
1245452199
782195031
1434095472
1806828366
1238379958
1866929728
223013108
1325007634
1447097391
57856427
1679224774
587324232
819026939
1477203549
1201228638
10326704
1557851367
1816770831
560187392
1449317853
85554384
75497229
1242078356
643974468
942168839
777597633
1101270312
1193455534
423792190
1901459404
1223098802
0
