2147418629
2147418619
2147418607
2147418599
2147418521
2147418517
2147418509
2147418503
2147418487
2147418473
2147418463
2147418421
2147418373
2147418349
2147418347
2147418341
2147418313
2147418307
2147418283
2147418277
2147418227
2147418199
2147418191
2147418179
2147418137
2147418131
2147418127
2147418083
2147418079
2147418067
2147418043
2147418041
2147418037
2147418011
2147418001
2147417969
2147417941
2147417939
2147417929
2147417911
2147417903
2147417869
2147417819
2147417813
2147417773
2147417759
2147417717
2147417707
2147417693
2147417669
2147417663
2147417653
2147417593
2147417551
2147417539
2147417527
2147417521
2147417453
2147417443
2147417423
2147417383
2147417381
2147417351
2147417329
2147417303
2147417267
2147417179
2147417171
2147417141
2147417117
2147417113
2147417093
2147417053
2147417023
2147416991
2147416987
2147416979
2147416967
2147416963
2147416949
2147416927
2147416907
2147416883
2147416877
2147416867
2147416823
2147416813
2147416807
2147416783
2147416771
2147416769
2147416759
2147416721
2147416709
2147416703
2147416657
2147416637
2147416589
2147416573
2147416561
2147416559
2147416553
2147416519
2147416507
2147416483
2147416477
2147416441
2147416379
2147416357
2147416343
2147416339
2147416301
2147416267
2147416241
2147416223
2147416213
2147416207
2147416189
2147416181
2147416177
2147416163
2147416147
2147416133
2147416121
2147416111
2147416109
2147416079
2147416067
2147416057
2147416031
2147416003
2147415989
2147415943
2147415931
2147415889
2147415883
2147415859
2147415857
2147415839
2147415817
2147415811
2147415773
2147415749
2147415737
2147415719
2147415709
2147415703
2147415659
2147415629
2147415619
2147415617
2147415607
2147415563
2147415559
2147415553
2147415541
2147415533
2147415527
2147415499
2147415463
2147415451
2147415449
2147415443
2147415427
2147415373
2147415343
2147415337
2147415323
2147415311
2147415307
2147415203
2147415181
2147415119
2147415107
2147415059
2147415047
2147415041
2147415029
2147415019
2147415013
2147414999
2147414977
2147414953
2147414947
2147414839
2147414837
2147414807
2147414791
2147414767
2147414723
2147414699
2147414651
2147414641
2147414629
2147414617
2147414603
2147414567
2147414531
2147414519
2147414513
2147414509
2147414497
2147414461
2147414441
2147414411
2147414407
2147414377
2147414369
2147414363
2147414317
2147414233
2147414231
2147414207
2147414201
2147414189
2147414183
2147414117
2147414057
2147414053
2147413993
2147413981
2147413979
2147413949
2147413913
2147413903
2147413889
2147413867
2147413859
2147413813
2147413781
2147413757
2147413753
2147413739
2147413729
2147413711
2147413661
2147413657
2147413651
2147413603
2147413559
2147413553
2147413529
2147413519
2147413441
2147413381
2147413343
2147413309
2147413297
2147413291
2147413283
2147413277
2147413273
2147413223
2147413211
2147413201
2147413153
2147413139
2147413109
2147413061
2147413049
2147413001
2147412989
2147412979
2147412977
2147412973
2147412961
2147412947
2147412929
2147412899
2147412877
2147412833
2147412797
2147412791
2147412731
2147412721
2147412691
2147412689
2147412671
2147412667
2147412637
2147412629
2147412601
2147412599
2147412593
2147412581
2147412577
2147412539
2147412521
2147412493
2147412479
2147412467
2147412461
2147412451
2147412413
2147412403
2147412361
2147412359
2147412347
2147412301
2147412277
2147412263
2147412257
2147412247
2147412233
2147412229
2147412209
2147412149
2147412143
2147412133
2147412037
2147412017
2147411963
2147411953
2147411911
2147411887
2147411879
2147411857
2147411839
2147411821
2147411789
2147411743
2147411723
2147411713
2147411683
2147411657
2147411639
2147411621
2147411603
2147411579
2147411561
2147411557
2147411551
2147411549
2147411533
2147411527
2147411501
2147411477
2147411473
2147411471
2147411429
2147411359
2147411339
2147411333
2147411297
2147411263
2147411251
2147411221
2147411213
2147411209
2147411183
2147411087
2147411033
2147411011
2147411009
2147411003
2147410973
2147410963
2147410949
2147410891
2147410873
2147410849
2147410829
2147410823
2147410817
2147410813
2147410789
2147410781
2147410757
2147410753
2147410729
2147410717
2147410687
2147410679
2147410673
2147410649
2147410637
2147410621
2147410619
2147410597
2147410567
2147410543
2147410537
2147410523
2147410483
2147410481
2147410451
2147410379
2147410373
2147410351
2147410339
2147410333
2147410327
2147410313
2147410297
2147410273
2147410271
2147410253
2147410247
2147410217
2147410163
2147410159
2147410127
2147410051
2147410043
2147410037
2147410007
2147409989
2147409977
2147409967
2147409949
2147409907
2147409899
2147409871
2147409841
2147409799
2147409793
2147409787
2147409751
2147409721
2147409713
2147409707
2147409653
2147409647
2147409631
2147409629
2147409623
2147409619
2147409601
2147409577
2147409547
2147409541
2147409499
2147409493
2147409491
2147409457
2147409443
2147409409
2147409403
2147409389
2147409373
2147409361
2147409353
2147409343
2147409337
2147409323
2147409311
2147409301
2147409287
2147409263
2147409239
2147409217
2147409181
2147409167
2147409163
2147409157
2147409137
2147409113
2147409083
2147409067
2147409049
2147409041
2147409031
2147408981
2147408957
2147408911
2147408909
2147408881
2147408827
2147408779
2147408761
2147408749
2147408741
2147408729
2147408717
2147408713
2147408707
2147408699
2147408629
2147408621
2147408609
2147408591
2147408587
2147408563
2147408551
2147408531
2147408513
2147408507
2147408467
2147408441
2147408387
2147408339
2147408323
2147408321
2147408303
2147408299
2147408293
2147408279
2147408273
2147408267
2147408243
2147408233
2147408209
2147408201
2147408171
2147408143
2147408111
2147408093
2147408083
2147408027
2147408017
2147407991
2147407973
2147407939
2147407907
2147407891
2147407877
2147407861
2147407807
2147407799
2147407793
2147407741
2147407699
2147407697
2147407681
2147407667
2147407657
2147407621
2147407609
2147407543
2147407463
2147407439
2147407429
2147407403
2147407337
2147407333
2147407319
2147407279
2147407271
2147407261
2147407253
2147407193
2147407177
2147407153
2147407133
2147407127
2147407117
2147407069
2147407039
2147407033
2147407027
2147407013
2147407001
2147406997
2147406991
2147406979
2147406953
2147406931
2147406917
2147406869
2147406839
2147406827
2147406823
2147406817
2147406773
2147406769
2147406757
2147406739
2147406721
2147406643
2147406631
2147406623
2147406601
2147406589
2147406553
2147406517
2147406511
2147406497
2147406491
2147406463
2147406451
2147406409
2147406397
2147406379
2147406367
2147406341
2147406319
2147406281
2147406229
2147406223
2147406199
2147406193
2147406167
2147406161
2147406139
2147406101
2147406061
2147406059
2147406047
2147406031
2147405993
2147405987
2147405977
2147405947
2147405921
2147405917
2147405893
2147405801
2147405759
2147405747
2147405693
2147405657
2147405591
2147405573
2147405569
2147405563
2147405531
2147405527
2147405503
2147405471
2147405467
2147405461
2147405417
2147405389
2147405357
2147405353
2147405333
2147405329
2147405291
2147405279
2147405243
2147405237
2147405209
2147405203
2147405173
2147405131
2147405129
2147405119
2147405111
2147405107
2147405063
2147405017
2147405003
2147404991
2147404981
2147404957
2147404943
2147404933
2147404901
2147404891
2147404859
2147404841
2147404829
2147404771
2147404711
2147404639
2147404621
2147404619
2147404601
2147404583
2147404579
2147404577
2147404489
2147404447
2147404439
2147404429
2147404393
2147404381
2147404349
2147404331
2147404327
2147404319
2147404309
2147404247
2147404243
2147404229
2147404211
2147404183
2147404157
2147404153
2147404141
2147404121
2147404099
2147404067
2147404037
2147404031
2147404019
2147404001
2147403983
2147403953
2147403893
2147403889
2147403887
2147403859
2147403857
2147403781
2147403779
2147403737
2147403719
2147403701
2147403673
2147403593
2147403581
2147403563
2147403547
2147403529
2147403509
2147403497
2147403469
2147403457
2147403409
2147403407
2147403403
2147403383
2147403343
2147403341
2147403311
2147403283
2147403217
2147403179
2147403143
2147403121
2147403103
2147403061
2147403007
2147402993
2147402989
2147402977
2147402951
2147402941
2147402927
2147402911
2147402899
2147402869
2147402833
2147402827
2147402791
2147402783
2147402779
2147402771
2147402711
2147402689
2147402687
2147402683
2147402611
2147402603
2147402563
2147402507
2147402489
2147402479
2147402443
2147402437
2147402423
2147402419
2147402417
2147402407
2147402381
2147402377
2147402371
2147402357
2147402329
2147402297
2147402269
2147402267
2147402239
2147402221
2147402203
2147402177
2147402161
2147402119
2147402099
2147402027
2147402009
2147401973
2147401957
2147401951
2147401943
2147401933
2147401891
2147401807
2147401769
2147401759
2147401747
2147401741
2147401721
2147401709
2147401681
2147401667
2147401661
2147401591
2147401573
2147401567
2147401549
2147401513
2147401499
2147401457
2147401447
2147401441
2147401369
2147401343
2147401327
2147401313
2147401307
2147401303
2147401271
2147401253
2147401241
2147401213
2147401181
2147401171
2147401169
2147401163
2147401129
2147401103
2147401099
2147401021
2147400991
2147400977
2147400973
2147400949
2147400943
2147400889
2147400877
2147400847
2147400821
2147400803
2147400799
2147400769
2147400763
2147400743
2147400683
2147400643
2147400637
2147400623
2147400599
2147400583
2147400571
2147400511
2147400481
2147400469
2147400457
2147400449
2147400433
2147400397
2147400377
2147400361
2147400337
2147400331
2147400329
2147400301
2147400293
2147400239
2147400217
2147400139
2147400127
2147400113
2147400089
2147400071
2147400053
2147400011
2147400001
2147399983
2147399981
2147399959
2147399957
2147399927
2147399923
2147399909
2147399851
2147399843
2147399819
2147399809
2147399803
2147399789
2147399777
2147399767
2147399759
2147399753
2147399731
2147399719
2147399711
2147399701
2147399699
2147399689
2147399671
2147399663
2147399629
2147399603
2147399593
2147399587
2147399581
2147399561
2147399533
2147399521
2147399519
2147399509
2147399491
2147399461
2147399447
2147399431
2147399407
2147399383
2147399381
2147399363
2147399329
2147399263
2147399227
2147399203
2147399197
2147399167
2147399161
2147399153
2147399147
2147399141
2147399123
2147399113
2147399087
2147399069
2147399063
2147399053
2147399021
2147399017
2147398997
2147398969
2147398963
2147398949
2147398919
2147398849
2147398819
2147398783
2147398769
2147398681
2147398679
2147398667
2147398597
2147398577
2147398559
2147398553
2147398549
2147398531
2147398529
2147398507
2147398501
2147398387
2147398361
2147398321
2147398313
2147398283
2147398277
2147398261
2147398229
2147398219
2147398207
2147398157
2147398109
2147398091
2147398081
2147398079
2147398021
2147398009
2147397997
2147397953
2147397947
2147397943
2147397883
2147397881
2147397877
2147397859
2147397853
2147397827
2147397821
2147397817
2147397809
2147397787
2147397751
2147397743
2147397731
2147397677
2147397643
2147397589
2147397587
2147397569
2147397563
2147397557
2147397541
2147397479
2147397463
2147397443
2147397437
2147397433
2147397409
2147397383
2147397361
2147397359
2147397353
2147397289
2147397283
2147397281
2147397269
2147397257
2147397209
