150 150
6 6 5 6 6 6 6 2 0 6 5 6 1 6 3 6 6 5 4 3 2 6 6 1 6 6 5 4 0 5 6 5 6 3 5 4 0 0 2 6 1 5 4 4 6 4 4 0 6 5 6 6 5 6 3 5 6 6 6 0 5 6 4 5 3 5 6 6 4 3 6 0 5 5 4 4 1 5 4 4 6 1 3 4 6 4 6 2 6 0 3 5 3 1 6 0 5 6 4 1 4 2 4 0 6 5 4 6 2 6 5 5 6 4 5 2 1 3 5 1 4 6 2 0 0 0 5 5 5 1 6 4 1 6 1 4 5 0 2 1 2 2 2 6 1 1 1 6 0 2
347 12 198 12 35 10 80 12 41 12 15 12 14 12 133 5 18 0 245 13 130 10 70 12 163 3 157 12 118 7 110 12 195 12 195 11 66 8 30 6 12 5 291 13 92 13 183 2 247 13 39 12 45 11 53 9 63 1 82 10 232 12 57 11 95 13 209 6 77 10 33 8 57 0 1 1 14 4 137 12 123 3 84 10 0 9 0 9 207 13 191 8 358 9 73 0 299 12 57 11 43 12 101 13 125 10 157 13 196 7 48 10 247 12 118 12 125 13 297 0 141 11 130 13 166 9 52 11 82 6 56 10 104 12 56 13 198 9 45 6 117 12 336 0 87 10 35 11 58 9
315 256 18 150 153 17 44 85 15 131 15 18 76 7 19 29 55 19 15 39 18 20 182 7 107 133 0 260 143 19 55 152 16 100 14 19 44 213 5 204 55 18 11 175 10 158 22 18 170 161 18 137 161 17 35 140 12 71 130 9 94 115 7 281 200 19 65 65 19 64 220 4 262 147 19 7 38 19 15 71 17 38 110 13 61 157 1 170 42 15 201 175 19 9 99 17 98 38 19 107 215 10 155 18 16 62 103 13 68 155 0 124 120 1 132 105 6 198 34 18 4 183 5 169 23 15 88 76 14 94 80 13 214 135 20 101 191 13 301 277 14 52 163 0 290 183 19 7 82 17
253 355 188 24 101 186 104 23 72 23 83 20 133 92 3 25 83 54 2 25 48 15 66 25 16 15 35 24 29 125 166 10 137 16 152 0 222 251 91 26 12 129 141 21 88 71 0 25 12 158 197 6 185 161 17 24 34 116 170 14 145 112 5 24 140 207 129 25 87 183 115 22 71 65 148 16 90 37 148 13 113 13 130 10 234 300 142 26 37 79 37 25 4 176 195 5 225 255 95 26 13 26 24 25 41 33 62 23 71 42 106 18 100 58 163 1 172 78 85 20 150 233 133 25 1 69 104 23 76 83 4 26 46 199 178 13 161 86 42 21 92 23 105 17 107 53 164 0 146 2
208 353 316 150 30 67 164 166 70 29 82 28 58 69 26 126 131 54 4 31 84 81 35 5 32 57 18 47 71 32 9 0 28 24 31 52 54 165 142 13 138 68 95 146 1 187 274 200 68 33 11 82 155 129 27 70 91 42 0 31 39 85 203 174 8 158 199 105 6 30 55 47 164 156 18 123 148 63 9 30 122 203 197 111 31 53 154 170 81 28 84 2 121 141 20 86 27 107 144 16 106 55 81 121 12 196 309 258 113 32 16 64 65 17 32 25 104 212 166 6 191 277 205 72 33 26 5 27 10 32 54 6 52 47 29 83 16 83 90 23 111 23 126 150 2 158 142 3 99 25
177 323 363 271 129 35 42 132 174 135 45 35 86 61 13 69 54 31 120 147 103 33 1 37 85 95 66 26 12 38 63 41 15 66 74 38 0 4 15 29 12 37 64 4 116 172 120 15 132 113 13 132 134 1 159 264 257 158 60 39 27 43 128 161 120 33 52 91 72 26 5 38 54 29 154 213 154 10 135 204 166 69 7 36 66 0 113 180 144 22 102 153 114 34 5 36 111 189 219 179 101 37 29 119 171 144 56 33 90 45 64 147 133 24 74 59 45 141 137 20 93 88 14 112 107 15 169 291 308 217 99 39 0 45 66 46 1 38 42 49 168 213 142 7 165 269 262 163 63 39
154 291 366 341 235 117 41 24 103 160 161 106 26 41 88 81 26 38 69 41 36 115 152 134 78 23 8 43 86 103 88 55 25 20 44 68 56 12 42 78 78 44 9 2 7 22 24 1 43 72 29 65 148 166 102 18 125 135 48 72 148 122 1 137 244 276 226 131 58 46 39 13 92 152 161 115 38 37 83 85 55 20 13 44 64 8 99 190 209 139 11 116 195 195 129 48 11 42 73 32 63 153 184 134 26 84 146 140 83 20 1 43 106 176 221 216 164 97 43 11 88 152 164 117 37 39 92 72 12 109 157 126 29 62 72 1 97 156 129 23 80 100 34 63 122 94 17 150 267 320
138 262 351 370 312 209 110 47 9 77 138 162 140 81 11 46 90 94 56 2 50 62 28 41 112 153 152 114 61 20 16 49 87 108 103 79 48 27 28 51 72 68 34 15 62 87 81 51 19 3 5 15 22 16 9 49 78 52 22 107 161 154 86 20 118 145 91 11 110 152 111 2 120 223 276 263 196 114 60 52 48 8 59 126 164 158 112 44 23 71 87 73 43 20 21 51 72 35 53 149 207 200 126 13 101 181 205 170 101 38 17 48 78 54 21 111 175 181 126 29 68 134 149 117 60 14 9 49 103 165 215 232 207 154 95 49 2 62 127 160 147 93 22 44 94 89 26 63 137 160
126 238 330 374 356 285 190 107 53 3 56 115 151 152 118 60 0 52 92 103 77 29 22 54 54 17 45 110 152 162 140 96 50 21 24 55 90 111 113 97 71 45 31 36 57 77 77 51 8 39 77 94 85 57 28 10 6 12 19 19 7 18 55 83 69 11 66 133 163 141 73 22 112 149 118 37 58 132 151 102 2 107 204 266 279 242 173 104 63 59 57 26 31 97 149 171 156 110 49 11 58 82 81 62 38 23 30 57 79 54 15 105 180 212 190 117 15 87 167 204 193 144 81 34 24 54 83 69 11 70 145 186 177 121 33 54 120 148 136 95 46 14 18 55 103 158 208 236 232 198
116 218 308 366 376 337 262 177 106 58 14 38 93 135 151 137 96 42 11 57 95 109 93 55 7 33 53 45 7 50 109 151 168 157 125 82 44 25 32 61 93 114 121 111 91 66 45 36 43 63 82 84 65 29 16 59 89 100 89 64 37 18 11 11 16 18 13 1 27 60 87 81 37 30 99 147 159 129 62 25 107 149 136 75 10 92 145 147 95 3 95 186 253 281 268 220 156 98 68 65 64 41 7 68 126 164 173 154 110 55 0 45 74 82 74 55 36 28 38 64 84 69 14 65 143 198 212 179 109 16 76 153 197 203 174 123 69 33 31 59 87 81 36 34 110 168 191 173 117 37
108 201 288 352 381 367 317 243 167 106 64 24 22 73 116 142 143 119 77 26 21 62 97 114 105 75 34 8 39 49 35 2 55 108 150 171 169 146 111 72 42 30 40 67 96 117 127 122 107 85 63 47 42 50 69 86 91 77 46 5 38 75 99 106 94 70 45 27 17 14 15 17 15 6 11 36 66 92 91 57 0 64 121 153 152 117 52 27 103 148 147 103 31 49 116 151 142 88 4 86 170 238 277 281 253 202 144 96 73 72 72 53 12 42 100 147 173 175 152 111 61 10 33 64 79 79 67 50 37 34 46 70 90 82 38 30 106 170 207 208 170 102 17 67 140 188 206 193 155 106
102 186 269 336 376 382 353 298 228 161 107 69 33 8 55 98 128 140 130 101 59 12 30 67 100 118 114 92 56 16 18 40 44 26 10 59 109 149 172 177 163 135 100 66 43 36 47 72 100 120 131 131 120 102 81 62 50 48 57 74 91 97 87 61 25 16 57 89 108 111 99 77 54 35 23 18 16 16 15 9 1 19 44 72 96 99 74 26 33 91 134 154 144 105 44 29 100 145 153 123 64 8 79 132 154 137 83 5 77 156 223 268 285 273 237 187 136 96 78 78 78 64 29 19 74 125 162 180 176 152 113 66 19 21 53 73 79 74 62 49 40 41 54 76 96 92 58 0 71 138
97 174 252 319 366 386 375 338 281 216 156 109 74 41 3 39 80 113 131 132 115 84 43 0 38 72 103 121 122 105 76 39 3 24 39 37 17 18 64 110 148 173 182 175 154 124 91 63 45 42 54 78 103 124 136 138 131 117 98 79 63 54 55 64 80 96 102 95 74 42 3 37 74 101 116 116 104 83 62 44 31 23 19 18 16 11 3 9 28 51 77 100 106 87 48 5 61 110 142 151 135 95 37 31 97 142 156 137 91 26 42 103 143 154 132 78 6 70 144 209 257 283 284 262 223 175 130 98 83 84 85 73 44 1 50 101 145 174 185 177 152 115 72 29 10 42 64 76 77 70
92 164 237 302 353 383 387 365 323 267 207 153 111 79 49 14 24 63 97 120 129 122 100 68 29 9 45 77 105 124 128 116 92 60 25 5 27 36 30 8 25 68 111 147 173 185 184 169 144 115 85 62 48 48 61 84 107 127 139 144 140 129 113 95 78 65 59 61 71 86 100 107 103 86 57 21 17 56 88 111 123 121 109 89 69 52 39 29 24 20 17 13 6 3 17 36 58 83 105 112 99 66 19 33 83 123 145 147 126 86 30 33 95 140 158 147 111 56 7 70 120 150 153 127 75 7 63 133 195 245 277 287 277 250 210 166 127 101 89 90 92 82 57 19 27 78 124 160 183 188
88 155 223 287 340 375 390 382 353 308 255 200 151 113 84 56 24 11 48 81 107 121 122 110 85 53 16 19 52 81 108 127 132 125 105 77 45 14 11 28 32 23 0 32 72 112 147 173 188 190 181 161 136 108 82 62 52 54 68 89 111 130 143 149 148 140 127 111 94 79 68 64 67 77 91 105 112 110 95 71 38 0 37 72 101 121 129 127 114 96 77 60 46 36 29 24 20 15 9 1 10 25 44 65 88 109 117 108 81 41 7 56 100 131 145 141 117 77 24 35 93 137 158 154 127 81 23 37 92 133 154 151 122 72 8 57 122 182 232 268 286 286 269 238 200 160 126 104 95 96
85 147 211 272 325 365 387 390 374 341 296 245 194 150 116 89 63 33 0 33 66 93 111 118 113 97 71 39 5 28 58 86 111 129 137 132 116 92 63 33 5 15 27 27 15 6 39 76 114 147 173 190 195 190 175 154 128 102 79 63 57 61 74 94 115 133 147 154 154 149 138 124 108 93 80 72 69 73 83 97 110 117 116 104 83 53 18 19 55 88 113 129 136 132 120 102 84 68 54 44 35 29 23 18 12 4 5 17 33 51 72 93 113 123 117 95 59 15 31 76 112 135 144 135 109 69 19 36 91 134 158 159 139 101 50 6 62 110 143 157 148 118 69 9 52 113 171 220 258 282
82 140 200 258 311 353 381 393 387 364 328 284 236 190 150 118 93 69 42 11 20 52 79 100 111 112 103 84 57 27 5 36 64 90 114 131 140 138 126 105 79 51 23 0 16 24 22 8 14 45 80 116 148 173 191 198 197 186 169 146 122 98 79 66 62 67 80 100 119 137 150 158 160 157 149 136 122 107 93 82 76 75 79 89 102 114 122 122 112 93 67 34 1 37 72 101 124 137 142 137 125 109 92 76 62 51 42 34 28 22 15 8 0 11 25 41 58 78 98 117 127 124 106 76 36 7 51 91 120 138 140 128 101 62 14 38 90 131 156 162 148 117 72 20 33 83 124 150 158 146
79 133 190 246 297 341 373 391 393 380 354 317 274 229 187 150 121 98 75 50 21 8 38 65 87 102 108 104 91 71 45 15 14 44 70 94 116 134 143 143 134 117 93 67 40 15 4 17 21 16 2 20 50 84 117 148 173 191 201 202 195 181 162 140 117 96 79 69 67 73 86 105 123 140 153 162 165 164 157 147 134 120 106 94 85 80 80 85 94 107 119 126 127 119 103 79 49 15 20 55 87 114 134 145 148 143 131 115 99 84 70 59 49 40 33 26 19 12 3 6 18 32 48 65 84 103 121 132 130 116 90 54 13 28 68 102 126 138 136 122 94 56 10 39 88 129 155 164 155 130
76 128 181 234 284 328 363 385 394 390 372 343 306 265 223 184 151 124 102 81 57 31 2 25 52 75 92 101 102 95 80 59 33 4 23 50 75 98 119 136 146 147 140 126 106 82 56 31 10 6 16 17 10 4 27 55 87 119 149 173 192 203 206 202 192 176 156 134 113 94 80 72 72 79 92 110 127 144 157 166 170 170 165 157 146 133 119 106 95 88 84 85 91 100 112 123 131 132 126 112 90 63 31 3 38 72 101 125 143 152 154 148 136 121 106 91 78 66 56 47 39 31 24 16 7 1 12 25 39 55 72 90 108 125 136 136 125 103 71 33 7 46 82 111 129 137 132 115 87 50
74 122 172 223 272 315 352 378 392 394 384 363 333 297 257 218 182 151 127 106 86 64 39 13 14 40 63 81 93 98 95 85 69 47 22 4 31 57 80 101 121 138 148 151 146 134 116 95 71 46 24 5 7 14 13 5 10 33 60 91 121 149 173 192 204 210 208 200 187 170 150 129 110 94 82 76 77 84 98 114 131 147 160 169 174 175 172 166 156 144 131 118 107 97 91 88 90 96 105 116 127 135 137 132 120 101 75 45 12 22 56 87 115 136 151 159 160 154 142 128 113 99 86 74 63 54 45 37 29 21 12 3 7 19 32 46 61 78 95 113 129 140 142 133 114 86 51 13 25 62
71 117 165 213 260 303 340 369 387 395 391 377 354 323 288 250 214 181 152 129 110 91 71 48 22 2 28 51 70 84 92 93 87 75 58 36 11 13 39 62 84 104 124 140 150 154 151 141 126 106 84 61 38 18 2 7 11 9 0 16 38 65 94 123 150 174 192 205 212 213 208 197 182 164 145 126 108 94 84 80 82 90 103 119 135 150 163 173 178 180 179 173 165 155 143 130 118 108 99 94 93 95 101 110 121 131 139 142 138 127 110 87 59 27 6 40 72 102 127 146 159 166 165 159 148 134 120 106 93 82 71 61 52 43 34 26 17 8 2 13 25 38 53 68 84 100 117 133 144 147
69 112 157 203 248 291 328 358 380 392 394 386 369 345 314 280 244 210 180 154 132 114 96 77 55 31 7 16 39 59 74 84 88 86 78 65 47 25 2 22 45 68 88 108 126 141 152 156 155 147 134 116 96 74 52 31 14 1 6 8 4 5 22 44 69 97 125 151 174 192 206 214 217 213 205 193 177 159 141 123 107 95 87 84 87 95 108 124 139 154 166 176 182 185 184 180 173 164 153 141 129 118 109 102 98 97 100 106 115 125 135 143 146 143 134 118 97 71 41 9 24 57 88 115 138 156 167 172 171 165 154 140 127 113 101 89 78 68 58 49 40 31 22 13 3 7 19 31 45 59
66 108 150 194 238 279 316 348 372 388 394 392 380 361 335 305 272 239 207 179 155 135 117 101 82 62 40 17 6 28 48 64 76 82 84 79 69 55 37 16 6 29 52 73 92 110 128 143 153 159 158 152 141 125 106 86 64 44 26 11 0 5 5 0 11 27 49 73 100 126 152 174 192 207 216 219 218 212 202 188 172 154 137 121 107 96 90 88 92 101 113 128 143 157 169 179 186 189 189 186 181 173 163 152 140 129 119 110 104 101 101 104 111 119 129 139 147 150 148 140 126 107 83 54 23 8 41 73 102 128 149 165 175 179 177 170 159 147 133 121 108 97 86 75 65 56 47 37 28 18
64 103 144 186 227 267 304 336 362 381 391 393 387 373 353 327 297 266 234 205 178 156 137 121 105 88 68 48 26 3 17 37 54 67 76 79 78 72 61 45 27 7 14 36 57 77 96 113 130 144 155 161 161 156 146 133 116 96 76 56 37 21 8 0 3 2 4 16 32 53 77 103 128 152 174 192 207 217 222 222 218 209 198 183 167 150 134 119 107 98 93 92 97 105 118 132 147 160 172 182 189 193 194 192 188 181 172 161 150 139 129 120 112 107 105 105 109 115 124 133 143 150 154 153 146 133 116 93 67 37 5 26 58 88 116 140 159 173 182 185 183 176 165 153 140 128 115 104 93 82
62 99 138 177 217 256 292 325 352 373 386 392 390 381 365 344 318 290 260 230 203 178 157 139 124 109 92 74 55 34 13 7 26 44 58 68 74 75 72 64 52 36 18 1 22 42 63 81 99 116 131 145 156 162 163 160 151 139 124 106 87 67 49 32 17 7 0 1 0 8 20 37 58 81 105 130 153 174 192 207 217 223 225 222 216 206 193 179 163 147 132 118 107 100 96 96 101 110 122 136 150 164 175 185 192 197 198 197 194 188 180 170 160 149 139 129 121 114 110 108 109 113 119 128 137 146 154 158 157 151 140 124 103 78 50 19 11 43 74 103 129 151 169 181 189 191 188 181 171 159
59 95 132 170 208 245 281 313 341 363 379 389 391 386 375 358 336 310 283 254 227 201 178 158 142 127 113 97 80 62 42 22 2 16 34 48 60 67 71 70 65 56 43 27 10 9 29 48 67 85 102 118 133 146 157 163 165 163 156 145 131 115 97 78 59 42 27 15 6 1 0 4 12 25 42 62 84 107 131 154 174 192 207 218 225 227 226 221 213 202 189 174 159 144 130 117 108 102 99 100 106 115 127 140 154 167 178 188 195 200 202 202 199 194 187 179 169 159 148 138 129 122 116 112 111 113 117 123 132 141 150 157 161 161 156 146 131 112 89 62 33 2 29 60 90 117 141 162 178 189
57 90 126 162 199 235 270 302 330 353 371 383 389 388 380 367 349 327 302 276 249 223 199 178 159 144 130 116 101 85 68 49 30 11 7 24 39 51 60 65 67 64 58 48 35 19 2 16 35 54 72 89 105 120 134 147 157 164 167 165 159 150 137 122 105 87 70 52 37 23 12 5 2 2 7 16 29 46 65 87 110 132 154 174 192 206 218 225 229 229 226 219 210 198 184 170 155 141 128 117 109 104 102 104 110 119 131 144 157 170 181 190 198 203 206 206 204 200 194 186 177 168 158 148 138 130 123 118 115 115 117 121 127 135 144 153 160 164 165 161 152 138 120 99 73 45 15 15 46 76
54 86 120 155 190 225 259 290 319 343 362 377 385 387 383 374 360 341 319 295 270 244 220 197 177 160 145 132 119 105 90 74 56 38 19 1 15 30 43 53 59 63 62 58 51 40 27 11 5 22 41 58 76 92 107 121 135 148 158 165 168 167 162 154 143 129 113 96 79 62 46 32 20 11 5 3 5 11 20 33 50 69 90 111 133 155 174 191 206 218 226 230 232 230 224 216 206 193 180 166 152 139 127 117 110 106 105 108 114 123 135 147 160 172 184 193 201 206 209 210 209 206 200 194 185 176 166 156 147 138 130 124 120 118 118 120 125 131 139 147 156 163 167 168 165 157 145 128 108 84
51 82 114 148 181 215 248 279 307 332 353 369 379 384 384 378 367 352 333 312 288 264 240 217 196 177 161 147 135 122 109 95 79 62 45 27 10 6 21 34 45 53 57 59 57 52 43 32 19 4 11 29 46 63 79 94 109 123 136 148 158 165 168 168 164 157 147 134 120 104 87 71 55 40 27 17 10 5 4 7 14 24 37 53 72 92 113 134 155 174 191 206 217 226 231 234 232 228 222 213 202 189 176 162 149 137 126 118 112 109 109 112 118 127 138 151 163 175 186 195 203 209 213 214 213 211 206 200 192 184 175 165 155 146 138 131 126 122 120 121 123 128 134 142 151 159 166 170 171 169
48 78 109 141 173 205 237 268 296 321 342 360 372 379 382 379 372 360 344 325 304 282 259 236 214 195 177 162 149 137 125 112 99 84 68 52 35 18 2 12 26 37 46 52 55 55 52 45 37 25 12 2 18 34 51 67 82 97 111 124 137 149 158 165 169 169 166 160 151 139 126 111 95 79 63 48 35 24 15 9 6 6 10 17 27 40 56 75 94 115 135 155 174 191 205 217 226 232 235 235 232 226 219 209 197 185 172 159 147 135 126 118 113 111 112 115 122 131 142 154 166 178 188 198 206 211 215 217 217 215 211 206 199 191 182 173 164 154 146 138 132 127 124 123 123 126 131 137 145 153
45 74 103 134 165 196 227 257 284 310 332 350 364 373 378 378 374 365 352 336 318 297 275 253 232 212 193 177 162 150 139 127 116 103 89 74 58 42 26 10 4 17 29 39 46 50 52 50 46 39 30 18 5 8 23 39 55 70 85 99 112 125 137 149 158 165 169 170 167 162 154 143 131 117 102 86 71 56 42 30 20 13 8 6 8 12 20 30 44 59 77 96 116 136 155 174 190 204 216 226 232 236 237 235 230 224 215 205 193 181 168 156 145 134 126 119 115 113 115 119 125 134 145 157 169 180 191 200 208 214 218 220 221 219 216 211 205 198 189 181 171 162 153 145 138 132 128 126 125 126
43 70 98 127 157 187 217 246 273 298 320 339 355 366 373 375 373 367 358 344 328 310 290 269 249 228 209 192 176 163 151 140 130 118 106 93 79 64 49 33 18 3 9 21 31 39 45 48 48 45 40 33 23 12 0 14 29 44 59 73 87 101 113 126 138 149 158 165 169 170 168 164 156 147 135 122 108 93 78 63 50 37 26 18 11 8 7 9 14 22 33 47 62 80 98 117 137 155 173 189 203 215 225 232 236 238 237 234 228 220 211 200 189 177 165 153 143 133 125 120 116 116 117 122 129 138 148 160 171 183 193 202 210 216 221 223 224 223 221 216 211 204 196 188 179 170 161 153 145 138
39 66 93 121 149 178 207 235 262 287 309 329 345 358 366 371 371 368 361 350 336 320 302 283 263 244 225 207 191 176 163 152 142 132 121 110 97 84 69 55 40 25 11 2 14 24 33 39 43 45 44 40 35 27 17 6 6 19 33 48 62 76 90 102 114 126 138 148 157 164 168 170 169 165 158 150 139 127 113 99 85 70 56 44 32 23 15 10 8 8 11 17 25 36 49 65 82 100 118 137 155 173 188 202 214 224 232 236 239 239 236 231 225 216 207 196 185 173 162 151 141 132 125 121 118 118 120 125 132 141 151 162 174 185 195 204 212 218 223 226 227 227 225 221 216 210 202 194 186 177
36 61 87 114 142 169 197 224 250 275 298 318 335 348 358 365 367 366 361 353 342 328 313 295 277 258 239 221 204 189 175 164 153 143 134 123 112 101 88 74 60 46 32 18 5 6 17 26 33 38 41 41 40 36 29 21 12 0 11 24 38 52 65 79 91 104 115 126 137 148 156 163 168 169 169 165 160 152 142 131 118 104 90 76 63 50 38 28 20 13 9 8 9 12 19 27 38 52 67 83 101 119 137 155 172 188 201 213 223 231 236 239 240 238 234 229 221 212 203 192 181 169 159 148 139 132 126 121 120 120 123 128 135 144 154 165 176 187 197 206 214 220 225 228 230 230 228 225 221 215
33 57 82 108 134 161 187 214 239 264 286 306 324 338 350 358 362 363 360 355 346 334 320 305 288 270 252 235 218 202 188 175 164 154 144 135 125 115 104 92 79 66 52 38 25 12 0 10 19 27 33 37 38 38 35 31 24 16 6 4 16 29 42 55 68 81 93 104 116 126 137 147 155 162 167 169 168 166 161 153 144 134 122 109 95 82 68 56 44 33 24 17 11 8 8 9 14 20 29 41 54 69 85 102 120 138 155 171 186 200 212 222 230 236 239 240 240 237 232 225 217 208 198 188 177 166 156 146 138 131 126 122 121 122 125 130 137 146 156 167 178 189 198 207 215 222 227 230 232 233
30 53 77 101 127 152 178 204 228 252 274 295 313 328 340 349 355 358 358 354 347 338 326 312 297 281 264 247 230 214 200 186 174 163 154 145 136 127 117 107 95 83 71 58 44 31 19 7 3 13 21 27 32 35 35 34 31 26 19 11 1 9 20 32 45 58 70 82 94 105 116 126 136 146 154 161 165 168 168 165 161 154 146 136 125 113 100 87 74 61 49 38 28 20 14 10 8 8 10 15 22 31 43 56 70 86 103 120 138 154 170 185 199 211 221 229 235 239 241 241 238 234 229 221 213 204 194 183 173 163 153 144 137 130 126 123 122 124 127 133 140 149 159 169 180 190 200 209 217 223
26 48 71 95 119 144 169 193 218 241 263 283 301 317 330 340 348 352 353 351 347 339 330 318 305 290 274 258 242 226 211 197 184 173 163 154 146 137 129 120 110 99 87 75 63 50 37 25 14 3 6 15 22 27 31 32 32 30 27 21 14 6 3 13 24 36 48 60 72 84 95 105 116 126 136 145 153 159 164 166 167 165 161 155 147 138 128 116 104 91 78 66 54 43 32 24 17 11 8 7 8 11 16 24 33 44 57 72 87 104 121 137 154 169 184 197 209 219 228 234 238 241 241 240 236 231 225 217 209 199 189 179 169 159 150 142 135 130 126 124 124 125 129 135 142 151 161 171 182 192
22 44 66 89 112 136 160 183 207 229 251 271 289 306 319 331 339 345 347 347 345 339 332 322 310 297 282 267 252 237 222 208 195 183 172 163 154 146 138 130 121 112 102 91 79 67 55 43 31 20 9 0 8 16 22 26 29 30 29 27 22 17 10 2 7 17 28 39 51 62 74 85 95 106 115 125 135 143 151 158 162 165 165 164 160 155 148 139 129 119 107 95 82 70 58 47 37 27 20 14 9 7 6 8 12 17 25 35 46 59 73 88 104 121 137 153 168 183 196 208 218 226 233 237 240 241 240 238 233 228 221 213 204 195 185 175 166 156 148 140 134 129 126 125 125 127 131 137 144 153
19 39 60 82 105 127 150 173 196 218 239 259 278 294 308 320 330 336 341 342 341 337 331 323 313 302 289 275 261 246 232 218 204 192 181 171 162 154 146 139 131 123 114 104 94 83 72 60 49 37 26 15 5 2 10 16 21 25 27 27 26 23 18 13 6 2 11 21 31 42 53 64 75 85 95 105 115 124 133 142 149 156 160 163 164 163 160 155 148 140 131 121 109 98 86 74 62 51 40 31 23 16 11 7 5 6 8 12 18 26 36 47 60 74 89 104 120 136 152 167 181 194 206 216 224 231 236 239 241 241 239 235 230 224 217 208 200 190 181 171 162 153 146 139 133 129 126 125 126 128
15 35 55 76 97 119 142 164 186 207 228 247 266 282 297 309 319 327 333 336 336 334 330 323 315 305 294 281 268 254 240 227 213 201 189 179 170 161 154 146 139 132 124 116 107 97 87 76 65 54 42 32 21 11 3 4 11 17 21 23 25 24 22 19 15 9 2 5 14 24 34 44 55 65 76 86 95 105 114 123 132 140 147 153 158 161 162 161 158 154 148 140 132 122 111 100 89 77 65 54 44 34 25 18 12 8 5 4 5 8 12 19 27 37 48 61 75 89 105 120 136 151 166 179 192 204 214 223 229 235 238 240 240 239 236 232 226 220 212 204 195 186 176 167 159 151 143 137 132 128
11 30 50 70 90 111 133 154 175 196 216 236 254 270 285 298 309 317 324 328 330 329 326 322 315 307 297 285 273 261 248 235 222 209 198 187 177 168 160 153 146 140 133 125 117 109 99 90 79 69 58 47 37 27 17 8 0 6 12 16 20 22 22 22 19 16 11 5 1 9 17 27 36 46 56 66 76 86 95 104 113 122 130 138 145 151 156 158 160 159 157 153 147 140 132 123 113 102 91 80 68 57 47 37 28 20 14 9 5 3 3 4 8 13 19 28 38 49 62 75 89 104 120 135 150 164 178 190 202 212 220 228 233 237 239 240 239 237 233 228 222 215 207 199 190 181 172 163 155 148
7 25 44 63 83 103 124 145 165 185 205 224 242 258 273 286 298 307 314 319 322 323 322 319 313 306 298 288 277 266 254 241 229 217 205 194 184 175 166 159 152 146 140 133 126 118 110 102 92 83 73 62 52 42 32 23 14 6 1 7 12 16 19 20 20 19 16 13 8 2 4 12 20 29 38 48 57 67 76 86 95 103 112 120 128 136 143 148 153 156 157 157 155 151 146 140 132 123 114 103 93 82 71 60 49 39 30 22 15 10 5 2 1 2 4 7 13 20 28 38 50 62 75 89 104 119 134 148 162 176 188 199 210 218 225 231 235 238 239 239 237 234 229 224 218 210 202 194 185 177
3 21 39 57 76 96 115 135 155 175 194 212 229 246 261 274 286 296 304 310 314 316 316 314 310 305 298 289 280 269 258 247 235 223 212 201 191 181 172 165 158 151 145 139 133 127 119 112 104 95 86 76 66 56 47 37 28 19 11 4 2 7 12 15 17 18 18 16 13 9 5 0 7 15 23 31 40 49 58 67 76 85 94 102 110 118 126 133 140 146 150 153 154 154 153 149 145 139 131 123 114 104 94 83 73 62 52 42 33 24 17 11 6 2 0 0 0 3 7 13 20 29 39 50 62 75 89 103 118 133 147 161 174 186 197 207 216 223 229 234 237 238 238 237 234 230 225 219 213 205
0 16 33 51 69 88 107 126 145 164 182 200 217 234 249 262 274 285 293 300 305 308 309 308 306 302 296 289 281 271 261 251 240 228 217 207 197 187 178 170 163 156 150 144 139 133 127 120 113 105 97 88 79 70 60 51 42 33 24 16 9 2 3 8 11 14 16 16 15 13 11 7 2 3 10 17 25 33 41 50 59 67 76 84 93 101 108 116 124 131 137 143 147 150 151 151 150 147 143 137 130 123 114 105 95 84 74 64 53 44 34 26 18 12 6 2 0 1 1 0 2 7 13 20 29 39 50 62 75 89 103 117 131 145 159 172 184 195 205 213 221 227 232 235 237 237 236 234 231 226
4 11 27 45 62 80 98 117 135 153 171 189 205 221 236 250 262 273 282 289 295 299 301 302 300 297 293 287 280 272 263 253 243 233 222 212 202 192 183 175 167 161 154 149 143 138 133 127 121 114 107 99 91 82 73 64 55 46 37 29 21 13 7 1 3 8 11 13 14 14 13 11 8 4 0 6 12 19 26 34 42 51 59 67 75 83 91 99 106 114 121 128 134 140 144 147 148 148 147 145 141 135 129 122 113 104 95 85 75 65 55 45 36 27 19 12 6 2 1 3 4 3 1 1 6 12 20 29 39 50 62 75 88 102 116 130 143 157 169 181 192 202 211 218 224 229 233 235 236 235
9 6 22 38 55 72 90 107 125 143 160 177 194 209 224 237 250 261 270 278 285 289 292 294 294 292 289 284 278 271 263 255 245 236 226 216 206 197 188 179 172 165 158 152 147 142 137 132 127 121 114 108 100 93 84 76 67 59 50 42 33 25 18 11 5 0 4 7 10 12 13 12 11 9 6 2 2 8 14 21 28 35 43 51 59 67 75 82 90 97 104 111 118 125 131 136 140 143 145 145 144 142 138 133 127 120 112 104 95 85 75 65 56 46 37 28 20 13 7 1 2 4 6 6 5 3 0 5 12 20 29 39 50 62 74 87 101 114 128 141 154 167 178 189 199 208 215 222 227 231
13 1 16 32 48 65 81 98 115 132 149 166 182 197 211 225 237 248 258 267 274 279 283 285 286 285 283 280 275 269 262 255 246 237 228 219 210 200 192 183 175 168 162 156 150 146 141 136 131 126 121 115 108 102 94 87 79 70 62 54 46 38 30 23 16 9 4 0 4 7 9 11 11 10 9 7 4 0 4 9 15 22 29 36 43 51 58 66 73 81 88 95 102 109 115 122 128 133 137 140 141 142 141 139 135 131 125 118 111 103 94 85 75 66 56 47 37 29 21 13 7 1 2 6 8 9 9 7 4 0 5 11 19 28 38 49 61 73 86 99 113 126 139 152 164 176 186 196 205 212
18 3 11 26 41 57 73 89 106 122 138 154 170 185 199 212 225 236 246 255 262 268 273 276 277 278 277 274 270 266 260 253 246 238 229 221 212 203 195 187 179 172 165 159 153 148 144 139 135 130 126 121 115 109 103 96 88 81 73 65 57 49 42 34 27 20 14 8 3 0 4 7 8 9 10 9 7 5 2 1 6 11 17 23 29 36 43 50 58 65 72 79 86 93 99 106 112 119 124 129 133 136 137 138 137 135 132 128 123 116 109 101 93 84 75 66 56 47 38 29 21 14 7 1 3 7 10 11 12 11 9 6 1 4 11 19 28 38 48 60 72 85 98 111 124 137 149 162 173 183
22 8 5 19 34 49 65 80 96 112 128 143 158 173 187 200 212 223 234 243 250 257 262 266 268 269 269 268 265 261 256 251 244 237 230 222 213 205 197 189 181 174 167 161 156 150 146 142 138 133 129 125 120 115 109 103 97 90 83 76 68 60 53 45 38 31 24 18 12 7 2 1 4 6 8 8 8 7 6 3 0 3 7 12 18 24 30 36 43 50 57 64 70 77 84 90 97 103 109 115 120 125 129 132 133 134 133 132 129 125 120 114 107 100 91 83 74 65 56 47 38 29 21 13 7 0 4 8 12 14 15 15 13 11 7 2 3 10 18 27 37 48 59 71 83 96 109 122 135 147
27 13 0 13 27 42 57 72 87 102 117 132 146 161 174 187 199 211 221 230 238 245 251 255 258 260 261 260 258 255 252 247 241 235 228 221 214 206 198 191 183 176 169 163 157 152 148 143 139 136 132 128 124 119 115 109 104 98 91 85 78 70 63 56 49 42 35 28 22 16 11 6 2 1 3 5 7 7 7 6 4 2 0 4 8 13 18 24 30 36 42 49 55 62 68 75 81 87 94 100 106 111 117 121 125 127 129 130 129 128 125 121 117 111 104 97 90 81 73 64 55 46 37 29 21 13 6 0 5 10 13 16 18 18 18 16 13 9 4 1 9 17 26 36 46 58 70 82 94 107
31 18 5 7 20 34 48 63 77 92 106 121 135 149 162 175 187 198 208 217 226 233 239 244 248 250 251 252 251 249 246 242 237 232 226 220 213 206 199 191 184 178 171 165 159 154 149 144 141 137 133 130 126 123 118 114 109 104 98 92 86 79 73 66 59 52 45 38 32 26 20 14 9 5 1 1 3 5 6 6 6 5 3 0 2 5 9 14 19 24 30 36 42 48 54 60 66 73 79 84 90 96 102 107 112 117 120 123 125 125 125 124 121 118 113 108 102 95 87 79 71 63 54 45 37 28 20 12 5 0 6 11 15 18 20 21 22 21 18 15 11 5 0 7 16 25 35 45 56 68
36 24 11 1 14 27 40 54 68 82 96 110 124 137 150 162 174 185 195 205 213 220 227 232 236 239 241 242 242 241 239 236 232 228 223 217 211 205 198 191 185 178 172 166 160 155 150 145 141 138 134 131 128 125 121 117 113 109 104 99 93 87 81 74 68 61 55 48 41 35 29 23 18 13 9 5 1 1 3 4 5 5 5 4 2 0 2 6 10 14 19 24 29 35 41 46 52 58 64 70 76 81 87 93 98 103 108 112 116 119 120 121 121 119 117 114 109 104 98 92 85 77 69 61 52 44 35 27 19 11 4 1 7 13 17 20 23 25 25 25 23 21 17 13 7 1 6 14 23 33
41 29 17 5 7 19 32 46 59 72 86 99 112 125 138 150 161 172 182 192 200 208 214 220 225 228 231 233 233 233 231 229 226 223 218 213 208 202 196 190 184 178 172 166 160 155 150 146 142 138 135 132 129 126 123 119 116 112 108 104 99 93 88 82 76 70 64 57 51 45 38 32 27 21 16 12 8 4 1 0 2 4 4 4 4 3 1 0 3 6 10 14 19 23 29 34 39 45 50 56 62 67 73 78 83 89 94 99 104 108 111 114 116 116 116 115 113 109 105 101 95 89 82 75 67 59 50 42 34 26 18 10 3 3 9 14 19 23 26 28 29 29 28 26 24 20 15 9 2 4
45 34 23 11 0 12 25 37 50 63 76 88 101 113 126 137 149 159 169 179 187 195 202 208 213 217 220 222 223 224 223 222 219 216 213 209 204 199 194 188 182 177 171 165 160 155 150 145 141 138 134 131 129 126 123 121 118 114 111 107 103 98 94 89 83 77 72 66 60 53 47 41 36 30 25 20 15 11 7 4 1 0 2 3 4 4 3 2 0 1 3 7 10 14 18 23 28 33 38 43 48 54 59 64 69 75 80 85 90 95 99 103 107 109 111 111 111 110 108 105 101 97 91 85 79 72 64 56 48 40 32 24 16 9 1 4 11 16 21 25 28 31 33 33 33 32 29 26 22 17
50 39 28 17 6 5 17 29 41 53 66 78 90 102 114 125 136 146 156 166 174 182 189 195 200 205 208 211 213 214 214 213 212 209 207 203 199 195 190 185 180 175 169 164 159 154 149 145 141 137 134 131 128 126 123 121 118 116 113 110 106 102 98 94 89 84 78 73 67 62 56 50 44 39 33 28 23 18 14 10 6 3 1 0 2 3 3 3 3 2 0 1 4 7 10 14 18 22 26 31 36 41 46 51 56 61 66 71 76 81 86 90 95 99 102 104 106 106 106 105 103 100 97 92 87 81 75 68 61 53 46 38 30 22 14 7 0 6 13 18 23 28 31 34 36 37 37 37 35 32
55 45 34 23 13 1 9 20 32 44 56 67 79 91 102 113 123 134 143 152 161 169 176 182 188 192 196 200 202 203 204 204 203 201 199 197 193 190 186 181 176 172 167 162 157 152 148 144 140 136 133 130 127 125 122 120 118 116 113 111 108 105 101 97 93 89 84 79 74 69 63 58 52 47 41 36 31 26 21 17 13 9 6 3 1 0 2 3 3 3 2 1 0 1 3 6 9 13 17 21 25 29 34 38 43 48 53 58 62 67 72 77 81 86 90 94 97 99 100 101 101 100 98 96 92 88 83 77 71 65 58 50 43 35 27 20 12 5 2 8 15 21 26 30 34 37 40 41 42 42
60 50 40 30 19 9 1 12 23 35 46 57 68 79 90 101 111 121 130 139 148 156 163 169 175 180 184 188 190 192 193 194 194 193 191 189 187 183 180 176 172 168 163 159 155 150 146 142 138 134 131 128 125 123 121 119 117 115 113 111 109 106 103 100 97 93 89 84 80 75 70 65 60 54 49 44 39 34 29 24 20 16 12 8 5 3 0 0 2 2 3 3 2 1 0 1 3 6 9 12 15 19 23 27 32 36 40 45 50 54 59 63 68 72 77 81 85 89 91 94 95 96 96 95 93 91 87 83 79 73 67 61 54 47 40 32 25 17 9 2 4 11 17 23 28 33 37 41 43 45
64 55 45 36 26 16 5 4 15 25 36 47 58 68 79 89 99 108 118 126 135 142 150 156 162 167 172 175 178 181 182 183 184 183 182 181 179 177 174 170 167 163 159 155 151 147 143 139 136 132 129 126 124 121 119 117 115 114 112 110 109 107 104 102 99 96 92 88 84 80 76 71 66 61 56 51 46 41 36 31 27 22 18 14 11 8 5 2 0 0 2 2 3 3 2 1 0 1 3 5 8 11 14 17 21 25 29 33 38 42 46 51 55 59 64 68 72 76 80 83 86 88 90 90 90 89 88 85 82 78 74 69 63 57 50 43 36 29 21 14 7 0 7 13 20 26 31 36 40 44
69 60 51 42 32 23 13 3 6 16 27 37 47 57 67 77 87 96 105 113 122 129 136 143 149 154 159 163 166 169 171 172 173 173 173 172 171 169 167 164 161 158 154 151 147 143 140 136 133 130 127 124 121 119 117 115 113 112 110 109 108 106 104 102 100 97 94 91 88 84 80 76 72 67 63 58 53 48 43 39 34 29 25 21 17 13 10 7 4 2 0 1 2 3 3 3 3 2 1 0 2 4 7 9 12 16 19 23 27 30 34 38 43 47 51 55 59 63 67 71 75 78 81 83 84 85 85 84 82 80 77 73 69 64 59 53 46 39 33 25 18 11 4 3 10 16 23 29 34 39
74 65 57 48 39 30 20 11 1 7 17 27 37 46 56 65 75 84 92 101 109 116 123 130 135 141 146 150 154 157 159 161 162 163 163 163 162 160 159 156 154 151 148 145 142 139 136 132 129 126 123 121 118 116 114 112 111 109 108 107 106 104 103 102 100 98 95 93 90 87 84 80 76 72 68 64 59 55 50 45 41 36 32 28 23 20 16 12 9 6 4 1 0 1 2 3 3 3 3 2 1 0 1 3 5 8 10 14 17 20 24 27 31 35 39 43 47 51 55 59 62 66 70 73 75 77 79 79 79 78 77 75 72 68 64 59 54 48 42 35 29 22 14 7 0 6 13 19 26 32
79 71 62 54 45 37 28 19 10 0 8 17 27 36 45 54 63 71 80 88 96 103 110 116 122 128 133 137 141 144 147 149 151 152 152 152 152 151 150 148 146 144 142 139 137 134 131 128 125 122 120 117 115 113 111 109 108 106 105 104 103 102 101 100 99 97 96 94 91 89 86 83 80 76 72 69 65 60 56 52 47 43 38 34 30 26 22 18 15 11 8 6 3 1 0 1 3 3 4 4 4 3 2 1 0 1 4 6 8 11 14 17 21 24 28 31 35 39 42 46 50 54 57 61 64 67 70 72 73 73 73 73 71 69 66 63 59 54 49 43 37 31 24 18 11 4 2 9 16 23
84 76 68 60 52 43 35 26 18 9 0 8 16 25 34 43 51 59 67 75 83 90 97 103 109 114 119 124 128 131 134 137 139 140 141 142 142 141 141 140 138 137 135 132 130 128 125 123 120 118 115 113 111 109 107 105 104 103 102 101 100 99 99 98 97 96 95 93 91 90 87 85 82 79 76 73 69 65 61 57 53 49 45 40 36 32 28 24 21 17 14 10 7 5 2 0 0 2 3 4 4 5 4 4 3 2 1 0 2 4 6 9 12 15 18 21 24 28 31 35 38 42 45 49 52 56 59 62 64 66 67 68 68 67 65 63 61 57 53 49 44 38 33 26 20 13 7 0 6 13
88 81 73 66 58 50 42 34 26 18 9 1 7 15 23 32 40 48 55 63 70 77 83 90 96 101 106 111 115 118 121 124 126 128 130 130 131 131 131 130 129 128 127 125 123 121 119 117 115 112 110 108 106 104 103 101 100 99 98 97 96 96 95 95 94 94 93 92 91 89 88 86 83 81 78 75 72 69 66 62 58 54 50 46 42 38 34 30 26 23 19 16 12 9 7 4 2 0 1 3 4 5 5 5 5 5 4 4 2 1 0 2 4 6 9 11 14 17 20 24 27 30 34 37 40 44 47 50 53 56 58 60 61 62 62 61 59 57 55 52 48 43 39 33 28 22 15 9 2 4
93 86 79 72 64 57 49 42 34 26 18 10 2 5 13 21 28 36 43 50 57 64 70 77 82 88 93 97 101 105 109 111 114 116 118 119 120 120 120 120 120 119 118 117 115 114 112 110 108 107 105 103 101 100 98 97 96 95 94 93 92 92 92 91 91 91 90 90 89 88 87 85 84 82 80 77 75 72 69 66 62 59 55 52 48 44 40 36 32 29 25 21 18 15 11 8 6 3 1 0 2 3 5 5 6 7 7 6 6 5 4 3 1 0 1 3 6 8 11 14 17 20 23 26 29 32 35 39 42 45 48 50 52 54 55 56 56 55 53 51 49 46 42 38 33 28 22 17 11 4
98 91 84 77 70 63 56 49 42 34 27 19 12 4 2 10 17 24 31 38 45 51 58 63 69 74 79 84 88 92 95 98 101 103 105 107 108 109 109 110 110 109 109 108 107 106 104 103 101 100 98 97 96 94 93 92 91 90 89 88 88 88 87 87 87 87 87 87 86 86 85 84 83 82 80 78 76 74 71 69 66 63 59 56 53 49 45 42 38 34 31 27 23 20 17 13 10 8 5 2 0 1 3 4 6 7 7 8 8 8 8 7 6 5 4 2 0 0 3 5 7 10 13 15 18 21 24 27 30 34 37 40 42 45 47 48 49 50 49 49 47 45 43 40 36 32 28 23 17 12
102 96 90 83 77 70 63 56 49 42 35 28 21 14 7 0 6 13 20 26 33 39 45 50 56 61 66 71 75 79 82 85 88 91 93 95 96 97 98 99 99 99 99 98 98 97 96 95 94 93 92 90 89 88 87 86 85 85 84 83 83 83 83 83 83 83 83 83 83 83 83 82 82 81 80 78 77 75 73 71 68 66 63 60 57 53 50 47 43 40 36 32 29 25 22 19 15 12 9 6 4 1 0 2 4 5 7 8 9 9 9 9 9 9 8 7 6 5 3 2 0 1 4 6 9 11 14 17 20 22 25 28 31 34 37 39 41 42 43 43 43 43 41 39 37 34 30 26 22 17
107 101 95 89 83 76 70 63 57 50 44 37 30 24 17 10 4 2 8 14 20 26 32 38 43 48 53 57 61 65 69 72 75 78 80 82 84 85 86 87 88 88 88 88 88 88 87 87 86 85 84 83 82 82 81 80 79 79 78 78 78 78 78 78 78 78 79 79 79 79 80 79 79 79 78 77 76 75 73 72 70 68 65 63 60 57 54 51 48 44 41 38 34 31 27 24 21 17 14 11 8 5 3 0 1 3 5 6 8 9 10 11 11 11 11 11 11 10 9 8 6 5 3 1 0 2 4 7 9 12 15 17 20 23 26 28 31 33 35 36 37 37 37 36 35 33 31 28 24 21
111 106 100 94 88 83 77 70 64 58 52 46 39 33 27 21 14 8 2 3 9 14 20 25 30 35 40 44 48 52 56 59 62 65 67 69 71 73 74 76 77 77 78 78 78 78 78 78 77 77 76 76 75 75 74 73 73 73 72 72 72 72 72 73 73 73 74 74 75 75 76 76 76 76 76 75 75 74 73 72 70 69 67 65 62 60 57 54 52 49 45 42 39 36 32 29 26 22 19 16 13 10 7 4 2 0 2 4 6 8 9 10 11 12 13 13 13 13 13 12 12 11 9 8 7 5 3 1 0 2 5 7 10 12 15 18 20 23 25 27 29 30 31 31 31 30 29 27 25 22
116 110 105 100 94 89 83 77 72 66 60 54 48 42 36 31 25 19 13 8 2 2 7 12 17 22 27 31 35 39 42 46 49 52 54 56 59 60 62 64 65 66 66 67 68 68 68 68 68 68 68 67 67 67 67 66 66 66 66 66 66 66 66 67 67 68 68 69 70 70 71 72 72 73 73 73 73 72 72 71 70 69 67 66 64 62 60 57 55 52 49 46 43 40 37 34 31 27 24 21 18 15 12 9 6 3 1 1 3 5 7 9 11 12 13 14 15 15 16 16 15 15 14 14 13 12 10 9 7 5 3 1 0 2 5 7 10 12 15 17 19 21 23 24 24 25 24 24 22 21
120 115 110 105 100 95 89 84 79 73 68 62 57 51 46 40 35 30 24 19 14 9 4 0 5 9 14 18 22 25 29 32 35 38 41 43 46 48 50 51 53 54 55 56 57 57 58 58 58 58 59 59 59 59 59 59 59 59 59 59 59 60 60 61 61 62 63 64 64 65 66 67 68 68 69 69 70 70 70 69 69 68 67 66 64 63 61 59 57 55 52 50 47 44 41 38 35 32 29 26 23 20 16 13 10 7 5 2 0 2 5 7 9 11 12 14 15 16 17 17 18 18 18 18 18 17 16 15 14 13 11 9 8 6 4 1 0 2 4 7 9 11 13 15 16 18 18 18 18 17
124 120 115 110 105 101 96 91 86 81 76 71 65 60 55 50 45 40 35 30 25 20 16 11 7 2 1 5 9 12 16 19 22 25 28 30 33 35 37 39 40 42 43 44 45 46 47 48 48 49 49 49 50 50 50 51 51 51 52 52 52 53 54 54 55 56 57 58 59 60 61 62 63 64 64 65 66 66 67 67 67 66 66 65 64 63 62 60 59 57 55 53 50 48 45 42 40 37 34 31 28 24 21 18 15 12 9 6 3 1 1 4 6 8 10 12 14 15 17 18 19 20 20 21 21 21 21 20 20 19 18 16 15 14 12 10 8 6 4 2 0 1 3 6 7 9 10 11 12 12
129 124 120 115 111 106 102 97 93 88 83 78 74 69 64 59 55 50 45 41 36 32 27 23 19 15 11 7 3 0 3 6 9 12 15 17 20 22 24 26 28 29 31 32 34 35 36 37 38 38 39 40 40 41 41 42 42 43 44 44 45 46 46 47 48 49 50 51 52 54 55 56 57 58 59 61 61 62 63 63 64 64 64 64 63 63 62 61 59 58 56 55 53 50 48 46 43 41 38 35 32 29 26 23 20 17 14 11 8 5 2 0 2 5 7 10 12 14 16 17 19 20 21 22 23 23 24 24 24 24 23 22 22 21 19 18 16 15 13 11 9 7 5 3 1 0 2 3 4 5
133 129 125 120 116 112 108 104 99 95 91 86 82 77 73 69 64 60 56 51 47 43 39 35 31 27 23 20 16 13 9 6 3 0 1 4 7 9 11 13 15 17 19 20 22 23 24 25 27 28 29 29 30 31 32 33 34 34 35 36 37 38 39 40 41 42 43 45 46 47 48 50 51 53 54 55 56 58 59 59 60 61 61 61 61 61 61 60 59 58 57 56 54 52 51 48 46 44 41 39 36 33 30 28 25 22 19 15 12 9 6 4 1 1 4 6 9 11 14 16 18 19 21 22 24 25 26 26 27 27 27 27 27 26 25 25 24 22 21 20 18 16 14 13 11 9 7 5 3 2
137 133 129 125 121 118 114 110 106 102 98 94 90 86 82 78 73 69 65 62 58 54 50 46 42 39 35 32 29 25 22 19 16 13 11 8 6 3 1 0 2 4 6 8 9 11 12 14 15 17 18 19 20 21 22 23 24 25 27 28 29 30 31 32 33 35 36 37 39 40 42 43 45 46 48 50 51 52 54 55 56 57 58 58 59 59 59 59 58 58 57 56 55 54 52 50 49 47 44 42 40 37 35 32 29 26 23 20 17 14 11 8 5 2 0 3 5 8 11 13 15 18 20 22 23 25 26 27 28 29 30 30 30 30 30 30 29 29 28 27 26 24 23 21 20 18 16 14 13 11
141 137 134 130 127 123 119 116 112 108 105 101 97 94 90 86 83 79 75 72 68 64 61 57 54 51 47 44 41 38 35 32 29 26 24 21 19 16 14 12 10 8 6 4 2 0 0 2 4 5 7 8 9 11 12 13 15 16 17 19 20 21 23 24 26 27 29 30 32 33 35 37 38 40 42 43 45 47 48 50 51 52 53 54 55 56 56 57 57 56 56 56 55 54 53 52 50 49 47 45 43 41 38 36 33 30 28 25 22 19 16 13 10 7 4 1 1 4 7 10 12 15 17 20 22 24 26 27 29 30 31 32 33 34 34 34 34 34 33 33 32 31 30 29 28 26 25 23 21 20
144 141 138 135 131 128 125 122 118 115 112 108 105 101 98 95 91 88 85 81 78 75 72 68 65 62 59 56 53 50 47 45 42 39 37 34 32 29 27 25 23 20 18 16 14 13 11 9 7 5 4 2 1 0 2 3 5 6 8 9 11 12 14 16 17 19 21 22 24 26 28 29 31 33 35 37 39 41 42 44 46 47 49 50 51 52 53 54 54 54 54 54 54 54 53 52 51 50 48 47 45 43 41 39 37 34 32 29 26 23 20 17 14 11 8 5 2 0 3 6 9 11 14 17 19 22 24 26 28 30 31 33 34 35 36 37 37 38 38 38 38 37 36 36 35 34 33 31 30 28
148 145 142 139 136 133 130 127 124 121 118 115 112 109 106 103 100 97 94 91 88 85 82 79 76 73 71 68 65 62 60 57 54 52 49 47 45 42 40 38 36 33 31 29 27 25 23 21 19 17 15 14 12 10 8 6 5 3 1 0 1 3 5 7 9 10 12 14 16 18 20 22 24 26 28 30 32 34 36 38 40 42 43 45 46 48 49 50 51 52 52 52 53 53 52 52 51 50 49 48 47 45 44 42 40 37 35 33 30 28 25 22 19 16 13 10 7 4 1 1 4 7 10 13 16 19 21 24 26 28 31 32 34 36 37 38 39 40 41 41 42 42 42 41 41 40 39 38 37 36
152 149 146 144 141 138 136 133 130 127 125 122 119 116 114 111 108 106 103 100 98 95 92 90 87 84 82 79 77 74 72 69 67 64 62 60 57 55 53 51 48 46 44 42 40 38 36 33 31 29 27 25 23 21 19 17 15 13 11 9 7 5 3 1 0 2 4 6 8 10 12 14 16 18 21 23 25 27 29 31 34 36 38 39 41 43 44 46 47 48 49 50 50 51 51 51 51 50 50 49 48 47 45 44 42 40 38 36 34 31 29 26 23 21 18 15 12 8 5 2 0 3 6 9 12 15 18 21 24 26 29 31 33 35 37 39 40 42 43 44 44 45 45 46 46 46 45 45 44 43
155 153 150 148 145 143 141 138 136 133 131 128 126 124 121 119 116 114 112 109 107 104 102 100 97 95 93 90 88 86 84 81 79 77 75 72 70 68 66 63 61 59 57 55 52 50 48 46 44 42 39 37 35 33 31 29 26 24 22 20 18 15 13 11 9 6 4 2 0 2 4 6 8 11 13 15 18 20 22 25 27 29 31 33 35 37 39 41 42 44 45 46 47 48 49 49 49 49 49 49 48 47 46 45 44 42 41 39 37 35 32 30 27 25 22 19 16 13 10 7 4 1 2 5 8 11 14 17 20 23 26 28 31 33 36 38 40 42 43 45 46 47 48 49 49 50 50 50 50 49
159 156 154 152 150 148 145 143 141 139 137 135 133 130 128 126 124 122 120 118 116 114 112 110 108 106 103 101 99 97 95 93 91 89 87 85 83 80 78 76 74 72 70 67 65 63 61 58 56 54 52 49 47 45 42 40 38 35 33 30 28 26 23 21 18 16 14 11 9 6 4 1 0 3 5 8 10 12 15 17 20 22 25 27 29 31 34 36 37 39 41 42 44 45 46 46 47 47 48 48 48 47 47 46 45 44 43 41 39 38 36 33 31 29 26 24 21 18 15 12 9 6 2 0 3 6 10 13 16 19 22 25 28 31 33 36 38 41 43 45 46 48 49 51 52 52 53 54 54 54
162 160 158 156 154 152 150 148 146 144 143 141 139 137 135 134 132 130 128 126 125 123 121 119 117 116 114 112 110 108 106 105 103 101 99 97 95 93 91 89 87 84 82 80 78 76 73 71 69 66 64 61 59 57 54 52 49 47 44 41 39 36 34 31 28 26 23 20 18 15 13 10 7 5 2 0 2 5 7 10 12 15 18 20 23 25 27 30 32 34 36 38 39 41 42 43 44 45 46 46 46 46 46 46 45 45 44 43 41 40 38 36 34 32 30 28 25 22 19 17 13 10 7 4 1 1 5 8 11 15 18 21 24 27 30 33 36 39 41 43 46 48 50 51 53 54 55 56 57 58
165 163 161 160 158 156 155 153 151 150 148 147 145 144 142 141 139 138 136 135 133 132 130 129 127 125 124 122 121 119 118 116 114 112 111 109 107 105 103 101 99 97 95 93 90 88 86 84 81 79 76 74 71 69 66 63 61 58 55 53 50 47 44 41 39 36 33 30 27 25 22 19 16 13 11 8 5 2 0 2 5 8 10 13 16 18 21 23 26 28 30 32 34 36 38 39 41 42 43 44 44 45 45 45 45 45 44 44 43 42 40 39 37 35 33 31 29 26 24 21 18 15 12 9 6 3 0 3 6 10 13 17 20 23 26 30 33 36 38 41 44 46 49 51 53 54 56 58 59 60
168 166 165 163 162 160 159 158 156 155 154 152 151 150 149 147 146 145 144 142 141 140 139 138 136 135 134 132 131 130 128 127 125 124 122 120 119 117 115 113 111 109 107 105 103 101 98 96 94 91 89 86 83 81 78 75 72 70 67 64 61 58 55 52 49 46 43 40 37 34 31 28 25 22 19 16 13 11 8 5 2 0 3 6 8 11 14 17 19 22 24 27 29 31 33 35 37 38 40 41 42 43 43 44 44 44 44 44 43 43 42 40 39 38 36 34 32 30 28 25 22 20 17 14 11 8 4 1 1 5 8 12 15 18 22 25 29 32 35 38 41 44 46 49 51 54 56 58 60 61
171 169 168 167 166 164 163 162 161 160 159 158 157 156 155 154 153 152 151 150 149 148 147 146 145 144 143 142 141 140 139 137 136 135 133 132 130 129 127 125 123 121 119 117 115 113 111 108 106 104 101 98 96 93 90 87 84 81 78 75 72 69 66 63 60 57 53 50 47 44 41 38 34 31 28 25 22 19 16 13 10 7 4 1 1 4 7 10 13 15 18 21 23 26 28 30 32 34 36 37 39 40 41 42 42 43 43 43 43 43 42 42 41 40 38 37 35 33 31 29 26 24 21 18 16 13 9 6 3 0 3 6 10 13 17 20 24 27 31 34 37 40 44 46 49 52 54 57 59 61
173 172 171 170 169 168 167 166 165 165 164 163 162 161 161 160 159 159 158 157 157 156 155 155 154 153 152 152 151 150 149 148 147 145 144 143 142 140 139 137 135 133 132 130 127 125 123 121 118 116 113 111 108 105 102 99 96 93 90 87 84 81 77 74 71 67 64 61 57 54 51 47 44 41 37 34 31 28 24 21 18 15 12 9 6 3 0 2 5 8 11 14 17 20 22 25 27 29 31 33 35 36 38 39 40 41 42 42 42 43 42 42 41 41 40 39 37 36 34 32 30 28 25 23 20 17 14 11 8 5 1 1 5 8 12 15 19 22 26 29 33 36 40 43 46 49 52 55 57 60
176 175 174 173 173 172 171 170 170 169 168 168 167 167 166 166 166 165 165 164 164 164 163 163 162 162 161 161 160 159 159 158 157 156 155 154 153 151 150 148 147 145 143 141 139 137 135 133 131 128 125 123 120 117 114 111 108 105 102 99 95 92 89 85 82 78 75 71 68 64 61 57 54 50 47 43 40 37 33 30 27 23 20 17 14 10 7 4 1 1 4 7 10 13 16 19 21 24 26 28 31 32 34 36 37 38 40 40 41 42 42 42 42 41 41 40 39 38 36 35 33 31 29 27 24 22 19 16 13 10 7 3 0 3 6 10 13 17 21 24 28 32 35 39 42 45 49 52 55 58
178 178 177 176 176 175 175 174 174 173 173 173 172 172 172 172 172 171 171 171 171 171 171 170 170 170 170 169 169 169 168 167 167 166 165 164 163 162 161 160 158 157 155 153 151 149 147 145 143 140 138 135 132 129 126 123 120 117 114 110 107 104 100 96 93 89 86 82 78 75 71 67 64 60 56 53 49 46 42 39 35 32 28 25 22 18 15 12 8 5 2 0 3 7 10 12 15 18 21 23 26 28 30 32 34 35 37 38 39 40 41 41 41 41 41 41 40 39 38 37 36 34 32 30 28 26 23 21 18 15 12 9 5 2 1 4 8 11 15 19 23 26 30 34 37 41 44 48 51 54
180 180 180 179 179 178 178 178 177 177 177 177 177 177 177 177 177 177 177 178 178 178 178 178 178 178 178 178 178 177 177 177 176 176 175 174 174 173 172 170 169 168 166 165 163 161 159 157 154 152 150 147 144 141 138 135 132 129 126 122 119 115 112 108 104 100 97 93 89 85 81 78 74 70 66 62 59 55 51 48 44 41 37 33 30 27 23 20 16 13 9 6 3 0 3 6 9 12 15 18 20 23 25 28 30 32 33 35 36 38 39 39 40 41 41 41 41 40 40 39 38 36 35 33 31 29 27 25 22 20 17 14 11 7 4 0 2 6 9 13 17 21 25 28 32 36 40 43 47 50
183 182 182 182 181 181 181 181 181 181 181 181 182 182 182 182 183 183 183 184 184 184 185 185 185 186 186 186 186 186 186 186 186 185 185 184 184 183 182 181 180 179 177 176 174 172 170 168 166 164 161 159 156 153 150 147 144 141 137 134 130 127 123 119 116 112 108 104 100 96 92 88 84 80 76 72 68 64 61 57 53 49 46 42 38 35 31 28 24 21 17 14 10 7 3 0 2 5 9 12 15 17 20 23 25 27 29 31 33 35 36 37 38 39 40 40 40 40 40 40 39 38 37 36 34 33 31 29 26 24 21 19 16 13 9 6 3 0 4 7 11 15 19 23 26 30 34 38 42 46
184 184 184 184 184 184 184 184 185 185 185 185 186 186 187 187 188 188 189 189 190 191 191 192 192 193 193 194 194 194 194 194 194 194 194 194 193 193 192 191 190 189 188 187 185 183 182 180 178 175 173 170 168 165 162 159 156 152 149 146 142 138 135 131 127 123 119 115 111 107 103 99 95 90 86 82 78 74 70 66 62 58 55 51 47 43 40 36 32 29 25 21 18 14 11 7 4 0 2 5 8 11 14 17 20 23 25 27 29 31 33 35 36 37 38 39 40 40 40 40 40 39 39 38 37 35 34 32 30 28 26 23 20 18 15 11 8 5 1 1 5 9 13 17 20 24 28 32 36 40
186 186 186 186 187 187 187 187 188 188 189 189 190 190 191 192 193 193 194 195 196 197 197 198 199 200 200 201 202 202 202 203 203 203 203 203 203 202 202 201 200 200 198 197 196 194 193 191 189 187 184 182 179 176 174 171 167 164 161 157 154 150 146 142 138 134 130 126 122 118 114 109 105 101 97 92 88 84 80 76 72 68 64 60 56 52 48 44 41 37 33 29 26 22 18 15 11 7 4 0 2 5 8 11 14 17 20 23 25 27 29 31 33 35 36 37 38 39 40 40 40 40 40 39 38 37 36 35 33 31 29 27 25 22 19 17 14 10 7 4 0 3 6 10 14 18 22 26 30 34
188 188 188 188 189 189 190 190 191 191 192 193 193 194 195 196 197 198 199 200 201 202 203 204 205 206 207 208 209 210 210 211 211 211 212 212 212 212 211 211 210 209 209 207 206 205 203 202 200 198 195 193 190 188 185 182 179 176 172 169 165 161 158 154 150 146 141 137 133 129 124 120 116 111 107 103 98 94 90 85 81 77 73 69 65 61 57 53 49 45 41 37 34 30 26 22 18 15 11 7 4 0 2 5 9 12 15 18 20 23 25 28 30 32 33 35 36 37 38 39 40 40 40 40 39 39 38 37 36 34 33 31 29 26 24 21 19 16 12 9 6 2 0 4 8 12 16 20 24 28
189 189 190 190 191 191 192 193 193 194 195 196 197 198 199 200 201 203 204 205 206 208 209 210 211 213 214 215 216 217 218 218 219 219 220 220 220 220 220 220 220 219 218 217 216 215 214 212 210 208 206 204 202 199 196 193 190 187 184 180 177 173 169 165 161 157 153 148 144 140 135 131 126 122 117 113 108 104 99 95 91 86 82 78 74 69 65 61 57 53 49 45 42 38 34 30 26 22 18 15 11 7 4 0 2 6 9 12 15 18 21 23 26 28 30 32 34 35 36 38 38 39 40 40 40 40 39 39 38 37 35 34 32 30 28 26 23 21 18 15 12 8 5 1 2 5 9 13 17 21
190 191 191 192 193 193 194 195 196 197 198 199 200 201 203 204 205 207 208 210 211 213 214 216 217 218 220 221 222 223 225 226 226 227 228 228 229 229 229 229 229 228 228 227 226 225 224 222 221 219 217 215 212 210 207 204 201 198 195 191 188 184 180 176 172 168 164 159 155 151 146 142 137 132 128 123 119 114 109 105 100 96 91 87 83 78 74 70 66 62 58 54 50 46 42 38 34 30 26 22 18 14 10 7 3 0 3 6 10 13 16 19 21 24 26 29 31 32 34 36 37 38 39 39 40 40 40 40 39 39 38 37 35 34 32 30 28 25 23 20 17 14 11 7 4 0 3 7 11 15
191 192 193 193 194 195 196 197 198 199 201 202 203 205 206 208 209 211 212 214 216 217 219 221 222 224 226 227 229 230 231 232 233 234 235 236 237 237 237 237 237 237 237 236 235 234 233 232 231 229 227 225 223 220 218 215 212 209 206 202 199 195 191 187 183 179 175 170 166 162 157 152 148 143 138 134 129 124 119 115 110 105 101 96 92 87 83 79 74 70 66 62 58 54 50 46 41 37 33 29 25 21 17 14 10 6 2 0 4 7 10 13 16 19 22 25 27 29 31 33 35 36 37 38 39 40 40 40 40 40 39 39 38 36 35 33 31 29 27 25 22 19 16 13 10 6 3 0 4 8
192 193 194 195 196 197 198 199 200 202 203 204 206 207 209 211 213 214 216 218 220 222 224 226 227 229 231 233 234 236 237 239 240 241 242 243 244 245 245 245 246 246 245 245 244 244 243 242 240 239 237 235 233 231 228 226 223 220 216 213 210 206 202 198 194 190 186 181 177 172 168 163 158 154 149 144 139 134 129 125 120 115 110 106 101 97 92 88 83 79 74 70 66 62 58 53 49 45 41 37 33 29 25 21 17 13 9 5 1 1 5 8 11 14 17 20 23 25 28 30 32 34 35 37 38 39 40 40 41 41 40 40 39 39 38 36 35 33 31 29 27 24 21 18 15 12 9 5 2 1
193 194 195 196 197 198 199 201 202 204 205 207 208 210 212 214 216 218 220 222 224 226 228 230 232 234 236 238 240 242 243 245 246 248 249 250 251 252 253 253 253 254 254 253 253 252 252 251 250 248 247 245 243 241 238 236 233 230 227 224 220 217 213 209 205 201 197 192 188 183 178 174 169 164 159 154 149 145 140 135 130 125 120 115 110 106 101 96 92 87 83 79 74 70 66 61 57 53 49 45 40 36 32 28 24 20 16 12 8 4 0 2 6 9 12 16 18 21 24 26 29 31 33 35 36 38 39 40 40 41 41 41 41 40 40 39 38 36 35 33 31 29 26 24 21 18 15 11 8 4
193 194 196 197 198 199 201 202 204 205 207 209 211 212 214 217 219 221 223 225 227 230 232 234 236 239 241 243 245 247 249 251 252 254 255 257 258 259 260 260 261 261 262 262 261 261 260 259 258 257 256 254 252 250 248 246 243 240 237 234 231 227 223 220 216 211 207 203 198 194 189 184 179 175 170 165 160 155 150 145 140 135 130 125 120 115 110 105 101 96 91 87 83 78 74 69 65 61 56 52 48 44 39 35 31 27 23 18 14 10 7 3 0 4 7 10 14 17 20 23 25 28 30 32 34 36 37 38 39 40 41 41 42 41 41 41 40 39 38 36 35 33 31 28 26 23 20 17 14 11
194 195 196 197 199 200 202 203 205 207 209 211 213 215 217 219 221 224 226 228 231 233 236 238 240 243 245 247 250 252 254 256 258 260 261 263 264 265 266 267 268 269 269 269 269 269 268 268 267 266 265 263 262 260 258 255 253 250 247 244 241 237 234 230 226 222 218 213 209 204 199 195 190 185 180 175 170 165 160 155 149 144 139 134 129 124 119 114 110 105 100 95 91 86 82 77 73 69 64 60 56 51 47 42 38 34 30 25 21 17 13 9 5 1 1 5 9 12 15 18 21 24 26 29 31 33 35 37 38 39 40 41 42 42 42 42 42 41 40 39 38 36 35 33 31 28 26 23 20 17
194 195 197 198 199 201 203 204 206 208 210 212 214 216 219 221 223 226 228 231 234 236 239 241 244 247 249 252 254 256 259 261 263 265 267 268 270 271 273 274 275 275 276 276 277 277 276 276 275 274 273 272 270 269 267 264 262 259 257 254 251 247 244 240 236 232 228 223 219 214 210 205 200 195 190 185 180 175 170 164 159 154 149 144 139 133 128 123 118 114 109 104 99 95 90 85 81 76 72 68 63 59 54 50 45 41 37 32 28 24 20 15 11 7 3 0 3 7 10 13 17 20 23 25 28 30 33 35 36 38 39 40 41 42 43 43 43 43 42 42 41 39 38 37 35 33 30 28 25 23
194 195 197 198 200 202 203 205 207 209 211 213 216 218 220 223 226 228 231 234 236 239 242 245 247 250 253 255 258 261 263 265 268 270 272 274 276 277 279 280 281 282 283 283 284 284 284 283 283 282 281 280 279 277 275 273 271 269 266 263 260 257 253 250 246 242 238 233 229 225 220 215 210 205 200 195 190 185 180 174 169 164 158 153 148 143 138 132 127 122 117 112 108 103 98 93 89 84 80 75 71 66 62 57 53 48 44 39 35 31 26 22 18 14 10 6 2 1 5 8 12 15 18 21 24 27 30 32 34 36 38 39 40 42 42 43 43 44 44 43 43 42 41 40 38 37 35 33 30 28
193 195 197 198 200 202 204 206 208 210 212 214 217 219 222 225 227 230 233 236 239 241 244 247 250 253 256 259 262 264 267 270 272 274 277 279 281 282 284 286 287 288 289 290 290 291 291 291 290 290 289 288 287 285 284 282 280 277 275 272 269 266 263 259 255 251 247 243 239 234 230 225 220 215 210 205 200 195 189 184 179 173 168 163 157 152 147 141 136 131 126 121 116 111 106 102 97 92 87 83 78 74 69 65 60 56 51 47 42 38 33 29 24 20 16 12 8 4 0 3 7 10 14 17 20 23 26 29 31 33 36 37 39 41 42 43 44 44 44 45 44 44 43 43 42 40 39 37 35 33
193 195 196 198 200 202 204 206 208 211 213 215 218 220 223 226 229 232 235 238 241 244 247 250 253 256 259 262 265 268 271 273 276 278 281 283 285 287 289 291 292 294 295 296 296 297 297 297 297 297 296 295 294 293 292 290 288 286 283 281 278 275 272 268 265 261 257 253 248 244 239 235 230 225 220 215 210 204 199 194 188 183 177 172 167 161 156 150 145 140 135 130 124 119 114 110 105 100 95 91 86 81 77 72 67 63 58 54 49 45 40 35 31 27 22 18 14 9 5 1 2 5 9 13 16 19 22 25 28 31 33 35 37 39 41 42 43 44 45 45 46 46 45 45 44 43 42 41 39 37
192 194 196 198 200 202 204 206 209 211 213 216 219 221 224 227 230 233 236 239 242 245 249 252 255 258 262 265 268 271 274 277 280 282 285 287 290 292 294 296 297 299 300 301 302 303 303 304 304 304 303 302 302 300 299 298 296 294 292 289 286 283 280 277 273 270 266 262 258 253 249 244 239 234 229 224 219 214 208 203 198 192 187 181 176 170 165 159 154 149 143 138 133 128 123 118 113 108 103 98 93 89 84 79 75 70 65 61 56 51 47 42 38 33 29 24 20 15 11 7 3 0 4 8 11 15 18 21 24 27 30 33 35 37 39 41 42 44 45 46 46 47 47 47 46 46 45 44 43 41
192 194 195 197 200 202 204 206 209 211 214 216 219 222 225 228 231 234 237 240 244 247 250 254 257 260 264 267 270 274 277 280 283 286 288 291 293 296 298 300 302 304 305 306 308 308 309 310 310 310 310 309 308 307 306 305 303 301 299 297 294 292 289 285 282 278 275 271 267 262 258 253 248 244 239 233 228 223 218 212 207 201 196 190 185 179 174 168 163 157 152 146 141 136 131 126 120 115 111 106 101 96 91 87 82 77 73 68 63 58 54 49 44 40 35 31 26 22 17 13 9 4 0 3 6 10 14 17 21 24 27 30 32 35 37 39 41 43 44 45 46 47 48 48 48 48 47 47 46 45
191 193 195 197 199 201 203 206 208 211 214 216 219 222 225 228 231 235 238 241 245 248 252 255 259 262 266 269 273 276 279 282 286 289 292 294 297 300 302 304 306 308 310 311 312 313 314 315 315 316 316 315 315 314 313 312 310 309 307 304 302 299 297 293 290 287 283 279 275 271 267 262 257 253 248 243 237 232 227 221 216 210 205 199 194 188 182 177 171 166 160 155 149 144 139 134 128 123 118 113 108 103 99 94 89 84 80 75 70 65 61 56 51 46 42 37 32 28 23 19 14 10 6 2 1 5 9 13 16 20 23 26 29 32 35 37 39 41 43 45 46 47 48 49 49 49 49 49 49 48
189 192 194 196 198 200 203 205 208 211 213 216 219 222 225 229 232 235 239 242 246 249 253 256 260 264 267 271 274 278 281 285 288 291 294 297 300 303 305 308 310 312 314 315 317 318 319 320 321 321 321 321 321 320 319 318 317 315 314 312 309 307 304 301 298 295 291 287 283 279 275 271 266 261 256 251 246 241 236 230 225 219 214 208 202 197 191 185 180 174 169 163 158 152 147 141 136 131 126 121 116 111 106 101 96 91 86 82 77 72 67 63 58 53 48 44 39 34 29 25 20 16 11 7 3 0 4 8 12 16 19 23 26 29 32 34 37 39 41 43 45 47 48 49 50 50 51 51 51 50
188 190 193 195 197 199 202 205 207 210 213 216 219 222 225 228 232 235 239 242 246 250 254 257 261 265 269 272 276 280 283 287 290 293 297 300 303 306 308 311 313 315 317 319 321 322 324 325 325 326 326 326 326 326 325 324 323 322 320 318 316 314 311 308 305 302 299 295 291 287 283 279 274 270 265 260 255 250 244 239 233 228 222 217 211 205 200 194 188 183 177 171 166 160 155 149 144 139 133 128 123 118 113 108 103 98 93 88 84 79 74 69 64 60 55 50 45 40 36 31 26 22 17 13 8 4 0 3 7 11 15 19 22 25 29 32 34 37 39 42 44 46 47 49 50 51 52 52 52 52
187 189 191 193 196 198 201 204 206 209 212 215 218 221 225 228 232 235 239 243 246 250 254 258 262 266 269 273 277 281 285 288 292 295 299 302 305 308 311 314 316 319 321 323 325 326 328 329 330 330 331 331 331 331 330 330 329 328 326 324 322 320 318 315 312 309 306 303 299 295 291 287 282 278 273 268 263 258 253 247 242 236 231 225 219 214 208 202 197 191 185 179 174 168 162 157 151 146 141 135 130 125 120 115 110 105 100 95 90 85 81 76 71 66 61 56 51 47 42 37 32 28 23 18 14 9 5 1 2 7 11 14 18 22 25 28 31 34 37 40 42 44 46 48 50 51 52 53 53 54
185 187 190 192 194 197 200 202 205 208 211 214 217 221 224 228 231 235 239 242 246 250 254 258 262 266 270 274 278 282 286 289 293 297 300 304 307 310 313 316 319 321 324 326 328 330 331 332 334 334 335 336 336 336 335 335 334 333 332 330 328 326 324 322 319 316 313 310 306 302 298 294 290 285 281 276 271 266 261 255 250 244 239 233 228 222 216 210 205 199 193 187 182 176 170 165 159 153 148 143 137 132 127 122 117 112 107 102 97 92 87 82 77 72 67 63 58 53 48 43 38 33 29 24 19 15 10 6 1 2 6 10 14 18 21 25 28 31 34 37 40 42 45 47 49 50 52 53 54 55
183 185 188 190 193 195 198 201 204 207 210 213 216 220 223 227 231 234 238 242 246 250 254 258 262 266 270 274 278 282 286 290 294 298 301 305 308 312 315 318 321 323 326 328 330 332 334 336 337 338 339 340 340 340 340 340 339 338 337 336 334 332 330 328 325 322 319 316 313 309 305 301 297 293 288 283 278 273 268 263 258 252 247 241 236 230 224 218 212 207 201 195 189 183 178 172 166 161 155 150 144 139 134 129 123 118 113 108 103 98 93 88 84 79 74 69 64 59 54 49 44 39 35 30 25 20 16 11 7 2 1 5 10 14 17 21 25 28 32 35 38 40 43 45 48 50 51 53 54 55
181 183 186 188 191 194 197 199 202 205 209 212 215 219 222 226 230 233 237 241 245 249 253 258 262 266 270 274 279 283 287 291 295 299 302 306 310 313 316 319 323 325 328 331 333 335 337 339 340 341 342 343 344 344 344 344 343 343 342 340 339 337 335 333 331 328 325 322 319 316 312 308 304 300 295 290 286 281 276 271 265 260 254 249 243 237 232 226 220 214 208 203 197 191 185 179 174 168 162 157 151 146 140 135 130 125 120 115 110 105 100 95 90 85 80 75 70 65 60 55 50 45 40 35 31 26 21 16 12 7 3 1 5 9 13 17 21 25 28 32 35 38 41 44 46 48 50 52 54 56
179 181 184 186 189 192 195 198 201 204 207 210 214 217 221 225 228 232 236 240 244 249 253 257 261 266 270 274 278 283 287 291 295 299 303 307 310 314 317 321 324 327 330 332 335 337 339 341 343 344 345 346 347 347 348 347 347 347 346 345 344 342 340 338 336 334 331 328 325 322 318 314 310 306 302 297 293 288 283 278 272 267 262 256 251 245 239 233 228 222 216 210 204 198 192 187 181 175 169 164 158 153 147 142 136 131 126 121 116 111 106 101 96 91 86 81 76 71 66 61 56 51 46 41 36 31 26 22 17 12 8 3 0 5 9 13 17 21 25 28 32 35 38 41 44 47 49 51 53 55
176 179 181 184 187 190 193 196 199 202 205 208 212 216 219 223 227 231 235 239 243 247 252 256 260 265 269 273 278 282 286 291 295 299 303 307 311 314 318 321 325 328 331 334 336 339 341 343 345 346 348 349 350 350 351 351 351 350 350 349 348 347 345 343 341 339 336 333 330 327 324 320 316 312 308 304 299 294 289 284 279 274 269 263 258 252 246 241 235 229 223 217 211 205 199 194 188 182 176 170 165 159 154 148 143 137 132 127 122 117 112 107 101 96 92 87 82 77 72 67 62 57 52 47 42 37 32 27 22 17 13 8 3 0 5 9 13 17 21 25 29 32 36 39 42 45 48 50 53 55
174 176 179 182 184 187 190 193 196 200 203 206 210 214 217 221 225 229 233 237 242 246 250 255 259 264 268 273 277 281 286 290 294 299 303 307 311 314 318 322 325 328 332 335 337 340 342 344 346 348 350 351 352 353 353 354 354 354 353 353 352 350 349 347 345 343 341 338 335 332 329 326 322 318 314 310 305 301 296 291 286 281 275 270 264 259 253 247 242 236 230 224 218 212 206 200 194 189 183 177 171 166 160 154 149 144 138 133 128 122 117 112 107 102 97 92 87 82 77 72 67 62 57 52 47 42 37 32 27 22 17 13 8 3 0 5 9 13 17 21 25 29 33 36 40 43 46 49 51 54
171 174 176 179 182 185 188 191 194 197 201 204 208 212 215 219 223 227 231 236 240 244 249 253 258 262 267 271 276 280 285 289 294 298 302 306 310 314 318 322 325 329 332 335 338 341 343 345 348 350 351 353 354 355 356 356 356 356 356 356 355 354 353 351 349 347 345 343 340 337 334 331 327 323 319 315 311 306 302 297 292 287 282 276 271 265 260 254 248 242 237 231 225 219 213 207 201 195 189 183 178 172 166 161 155 150 144 139 133 128 123 118 113 108 103 98 93 88 82 77 72 67 62 57 52 47 42 37 32 27 22 18 13 8 3 0 5 9 13 18 22 26 30 33 37 40 44 47 50 52
168 171 173 176 179 182 185 188 192 195 198 202 205 209 213 217 221 225 229 234 238 242 247 251 256 261 265 270 274 279 283 288 292 297 301 305 310 314 318 321 325 329 332 335 338 341 344 346 348 350 352 354 355 356 357 358 358 359 359 358 358 357 356 354 353 351 349 347 344 341 338 335 332 328 324 320 316 312 307 303 298 293 288 282 277 271 266 260 254 249 243 237 231 225 219 213 207 201 195 190 184 178 172 167 161 155 150 144 139 134 128 123 118 113 108 103 98 93 88 83 78 73 67 62 57 52 47 42 37 32 27 22 17 13 8 3 0 5 9 14 18 22 26 30 34 38 41 44 48 51
165 168 170 173 176 179 182 185 189 192 196 199 203 207 211 215 219 223 227 231 236 240 245 249 254 259 263 268 273 277 282 286 291 295 300 304 309 313 317 321 324 328 332 335 338 341 344 346 349 351 353 355 356 358 359 360 360 360 361 360 360 359 358 357 356 354 352 350 348 345 343 339 336 333 329 325 321 317 312 308 303 298 293 288 283 277 272 266 260 255 249 243 237 231 225 219 213 207 202 196 190 184 178 172 167 161 155 150 144 139 134 128 123 118 113 108 103 98 93 88 83 78 73 67 62 57 52 47 42 37 32 27 22 17 12 8 3 1 5 10 14 19 23 27 31 35 39 42 46 49
161 164 167 170 173 176 179 182 186 189 193 196 200 204 208 212 216 220 224 229 233 238 242 247 252 256 261 266 271 275 280 285 289 294 298 303 307 311 315 319 323 327 331 334 338 341 344 346 349 351 353 355 357 358 360 361 361 362 362 362 362 361 361 360 359 357 355 353 351 349 346 343 340 337 333 330 326 321 317 313 308 303 298 293 288 283 277 272 266 260 255 249 243 237 231 225 219 213 207 201 196 190 184 178 172 167 161 155 150 144 139 134 128 123 118 113 108 103 98 93 87 82 77 72 67 62 57 52 47 42 37 32 27 22 17 12 7 2 1 6 11 15 19 24 28 32 36 40 43 47
158 161 164 167 170 173 176 179 183 186 190 193 197 201 205 209 213 217 222 226 231 235 240 244 249 254 259 263 268 273 278 282 287 292 296 301 305 310 314 318 322 326 330 333 337 340 343 346 348 351 353 355 357 359 360 361 362 363 363 363 363 363 363 362 361 359 358 356 354 352 349 347 344 340 337 333 330 326 321 317 313 308 303 298 293 288 282 277 271 266 260 254 249 243 237 231 225 219 213 207 201 195 189 183 178 172 166 161 155 149 144 139 133 128 123 118 112 107 102 97 92 87 82 77 72 67 62 57 51 46 41 36 31 26 21 16 11 6 2 2 7 11 16 20 25 29 33 37 41 44
154 157 160 163 166 169 173 176 179 183 186 190 194 198 202 206 210 214 219 223 228 232 237 242 246 251 256 261 266 270 275 280 285 289 294 299 303 308 312 316 320 324 328 332 335 339 342 345 348 350 353 355 357 359 360 361 363 363 364 364 364 364 364 363 362 361 360 358 356 354 352 349 347 344 340 337 333 329 325 321 317 312 307 303 298 292 287 282 276 271 265 259 254 248 242 236 230 224 218 212 206 200 194 189 183 177 171 166 160 154 149 143 138 133 127 122 117 112 107 102 97 91 86 81 76 71 66 61 56 51 46 41 36 31 25 20 15 11 6 1 3 8 12 17 21 26 30 34 38 42
151 154 157 160 163 166 169 172 176 179 183 187 190 194 198 202 207 211 215 220 224 229 234 238 243 248 253 258 263 268 272 277 282 287 292 296 301 305 310 314 318 322 326 330 334 337 340 344 346 349 352 354 356 358 360 361 362 363 364 365 365 365 365 364 364 363 361 360 358 356 354 352 349 346 343 340 336 333 329 325 320 316 311 307 302 297 292 286 281 276 270 264 259 253 247 241 235 229 223 217 211 205 199 194 188 182 176 170 165 159 153 148 142 137 132 126 121 116 111 106 101 96 91 86 80 75 70 65 60 55 50 45 40 35 30 25 20 15 10 5 0 4 9 13 18 22 27 31 35 39
147 150 153 156 159 162 165 169 172 176 179 183 187 191 195 199 203 207 212 216 221 226 230 235 240 245 250 255 259 264 269 274 279 284 289 293 298 303 307 312 316 320 324 328 332 335 339 342 345 348 350 353 355 357 359 361 362 363 364 365 365 365 365 365 364 364 363 361 360 358 356 354 351 349 346 342 339 336 332 328 324 320 315 310 306 301 296 291 285 280 274 269 263 257 252 246 240 234 228 222 216 210 204 198 192 187 181 175 169 164 158 152 147 141 136 131 125 120 115 110 105 100 95 90 85 79 74 69 64 59 54 49 44 39 34 29 23 18 13 9 4 0 5 10 15 19 24 28 32 37
143 146 149 152 155 158 161 165 168 172 175 179 183 187 191 195 199 204 208 213 217 222 227 231 236 241 246 251 256 261 266 271 276 281 286 290 295 300 304 309 313 317 321 325 329 333 336 340 343 346 349 351 354 356 358 360 361 362 363 364 365 365 365 365 365 364 363 362 361 359 357 355 353 350 348 345 341 338 334 331 327 323 318 314 309 304 299 294 289 284 278 273 267 262 256 250 244 238 232 227 221 215 209 203 197 191 185 179 174 168 162 157 151 146 140 135 129 124 119 114 109 104 98 93 88 83 78 73 68 63 58 53 48 43 37 32 27 22 17 12 7 2 2 6 11 16 21 25 30 34
139 142 145 148 151 154 157 161 164 168 171 175 179 183 187 191 195 200 204 209 213 218 223 228 233 237 242 247 252 257 262 267 272 277 282 287 292 296 301 306 310 314 319 323 327 330 334 337 341 344 347 349 352 354 356 358 360 361 362 363 364 365 365 365 365 364 363 362 361 360 358 356 354 352 349 346 343 340 337 333 329 325 321 317 312 307 303 298 293 287 282 277 271 265 260 254 248 242 237 231 225 219 213 207 201 195 189 183 178 172 166 161 155 149 144 139 133 128 123 117 112 107 102 97 92 87 82 77 72 67 62 56 51 46 41 36 31 26 21 16 11 6 1 3 8 13 17 22 27 31
134 137 140 143 147 150 153 156 160 163 167 171 175 179 183 187 191 196 200 205 209 214 219 224 228 233 238 243 248 253 258 263 268 273 278 283 288 293 298 302 307 311 315 319 323 327 331 335 338 341 344 347 350 352 354 356 358 360 361 362 363 364 364 364 364 364 363 362 361 360 359 357 355 353 350 348 345 342 338 335 331 327 323 319 315 310 305 301 296 290 285 280 275 269 263 258 252 246 240 235 229 223 217 211 205 199 193 187 182 176 170 164 159 153 148 142 137 131 126 121 116 111 105 100 95 90 85 80 75 70 65 60 55 50 45 40 34 29 24 19 14 9 4 0 5 10 14 19 24 28
130 133 136 139 142 145 149 152 156 159 163 167 170 174 179 183 187 191 196 200 205 210 215 219 224 229 234 239 244 249 254 259 264 269 274 279 284 289 294 298 303 307 312 316 320 324 328 331 335 338 341 344 347 350 352 354 356 358 359 360 361 362 363 363 363 363 363 362 361 360 359 357 355 353 351 348 346 343 340 336 333 329 325 321 317 312 308 303 298 293 288 283 278 272 267 261 255 250 244 238 232 226 220 215 209 203 197 191 185 179 174 168 162 157 151 146 140 135 129 124 119 114 109 103 98 93 88 83 78 73 68 63 58 53 48 43 38 33 28 22 17 12 7 2 2 6 11 16 21 26
125 128 131 134 138 141 144 148 151 155 158 162 166 170 174 178 183 187 191 196 201 205 210 215 220 225 230 235 240 245 250 255 260 265 270 275 280 285 290 294 299 304 308 312 316 320 324 328 332 335 338 341 344 347 349 351 354 355 357 358 360 360 361 362 362 362 362 361 360 359 358 357 355 353 351 349 346 344 341 337 334 330 327 323 319 314 310 305 301 296 291 286 280 275 270 264 258 253 247 241 236 230 224 218 212 206 200 194 189 183 177 171 166 160 154 149 143 138 133 127 122 117 112 106 101 96 91 86 81 76 71 66 61 56 51 46 41 36 31 26 21 15 10 5 0 4 8 13 18 23
121 124 127 130 133 136 140 143 146 150 154 157 161 165 169 174 178 182 187 191 196 201 205 210 215 220 225 230 235 240 245 251 256 261 266 271 276 281 285 290 295 299 304 308 312 316 320 324 328 331 335 338 341 344 346 349 351 353 354 356 357 358 359 360 360 360 360 360 359 358 357 356 355 353 351 349 346 344 341 338 335 331 328 324 320 316 312 307 302 298 293 288 283 277 272 267 261 256 250 244 238 233 227 221 215 209 203 198 192 186 180 174 169 163 157 152 146 141 135 130 125 120 114 109 104 99 94 89 84 79 74 69 64 59 54 49 44 39 34 28 23 18 13 8 3 1 6 11 15 20
116 119 122 125 128 131 135 138 142 145 149 153 157 160 165 169 173 177 182 186 191 196 201 205 210 215 220 225 230 236 241 246 251 256 261 266 271 276 281 286 290 295 299 304 308 312 316 320 324 327 331 334 337 340 343 345 348 350 351 353 355 356 357 357 358 358 358 358 358 357 356 355 354 352 350 348 346 344 341 338 335 332 328 325 321 317 313 308 304 299 295 290 285 280 274 269 264 258 252 247 241 235 230 224 218 212 206 200 195 189 183 177 172 166 160 155 149 144 138 133 127 122 117 112 107 101 96 91 86 81 76 71 66 61 56 51 46 41 36 31 26 21 16 11 6 1 3 8 13 18
111 114 117 120 123 126 130 133 137 140 144 148 152 156 160 164 168 172 177 181 186 191 196 200 205 210 215 220 225 231 236 241 246 251 256 261 266 271 276 281 286 290 295 299 304 308 312 316 320 323 327 330 333 336 339 342 344 346 348 350 352 353 354 355 356 356 356 356 356 355 355 354 353 351 349 348 346 343 341 338 335 332 329 325 321 318 314 309 305 301 296 291 286 281 276 271 266 260 255 249 243 238 232 226 221 215 209 203 197 191 186 180 174 169 163 157 152 146 141 135 130 125 119 114 109 104 99 94 89 84 79 74 69 64 59 54 49 44 39 34 29 24 19 14 9 4 0 5 10 15
106 109 112 115 118 121 125 128 132 135 139 143 146 150 155 159 163 167 172 176 181 186 190 195 200 205 210 215 220 225 230 236 241 246 251 256 261 266 271 276 280 285 290 294 299 303 307 311 315 319 322 326 329 332 335 338 340 342 345 346 348 350 351 352 353 353 354 354 354 353 353 352 351 350 348 346 344 342 340 337 335 332 329 325 322 318 314 310 306 301 297 292 287 283 278 272 267 262 256 251 245 240 234 228 223 217 211 205 200 194 188 182 177 171 165 160 154 148 143 137 132 127 121 116 111 106 101 96 91 86 81 76 71 66 61 56 51 46 41 36 31 26 21 16 11 6 1 3 8 13
101 104 107 110 113 116 120 123 126 130 134 137 141 145 149 153 158 162 166 171 176 180 185 190 195 200 205 210 215 220 225 230 235 240 245 251 256 261 266 270 275 280 285 289 294 298 302 306 310 314 318 321 324 328 331 333 336 338 341 343 344 346 347 349 349 350 351 351 351 351 350 350 349 348 346 345 343 341 339 336 334 331 328 325 321 318 314 310 306 302 298 293 288 284 279 274 268 263 258 253 247 242 236 230 225 219 213 207 202 196 190 184 179 173 167 162 156 151 145 140 134 129 123 118 113 108 103 98 93 88 83 78 73 68 63 58 53 48 43 38 33 28 23 18 13 8 3 1 6 11
95 98 101 105 108 111 114 118 121 125 128 132 136 140 144 148 152 157 161 166 170 175 180 184 189 194 199 204 209 214 219 225 230 235 240 245 250 255 260 265 270 275 279 284 288 293 297 301 305 309 313 316 320 323 326 329 332 334 336 338 340 342 344 345 346 347 347 348 348 348 348 347 346 345 344 343 341 339 337 335 333 330 327 324 321 317 314 310 306 302 298 293 289 284 279 274 269 264 259 254 248 243 237 232 226 221 215 209 204 198 192 186 181 175 169 164 158 152 147 141 136 131 125 120 115 110 104 99 94 89 84 79 74 70 65 60 55 50 45 40 35 30 25 20 15 10 5 0 4 9
90 93 96 99 102 106 109 112 116 119 123 127 130 134 138 143 147 151 155 160 164 169 174 179 184 188 193 198 203 209 214 219 224 229 234 239 244 249 254 259 264 269 274 278 283 287 292 296 300 304 307 311 315 318 321 324 327 329 332 334 336 338 339 341 342 343 344 344 345 345 344 344 344 343 342 340 339 337 335 333 331 329 326 323 320 317 313 309 306 302 298 293 289 284 280 275 270 265 260 255 249 244 239 233 228 222 216 211 205 199 194 188 182 177 171 165 160 154 149 143 138 132 127 122 116 111 106 101 96 91 86 81 76 71 66 61 56 51 46 42 37 32 27 22 17 12 7 2 2 7
84 88 91 94 97 100 103 107 110 114 117 121 125 129 133 137 141 145 150 154 159 163 168 173 178 183 188 193 198 203 208 213 218 223 228 233 238 243 248 253 258 263 268 272 277 281 286 290 294 298 302 306 309 313 316 319 322 324 327 329 331 333 335 337 338 339 340 340 341 341 341 341 340 340 339 338 336 335 333 331 329 327 324 321 318 315 312 309 305 301 297 293 289 284 280 275 270 265 260 255 250 245 239 234 229 223 218 212 206 201 195 189 184 178 172 167 161 156 150 145 139 134 128 123 118 112 107 102 97 92 87 82 77 72 67 62 58 53 48 43 38 33 28 23 18 13 9 4 0 5
79 82 85 88 91 95 98 101 105 108 112 115 119 123 127 131 135 140 144 148 153 158 162 167 172 177 182 187 192 197 202 207 212 217 222 227 232 237 242 247 252 257 262 266 271 276 280 284 288 292 296 300 304 307 310 314 316 319 322 324 326 328 330 332 333 335 336 336 337 337 337 337 337 336 336 335 334 332 331 329 327 325 322 320 317 314 311 307 304 300 296 292 288 284 279 275 270 265 261 256 250 245 240 235 229 224 218 213 207 202 196 190 185 179 174 168 162 157 151 146 140 135 129 124 119 114 108 103 98 93 88 83 78 73 68 64 59 54 49 44 39 34 30 25 20 15 10 5 0 4
73 76 79 83 86 89 92 95 99 102 106 110 113 117 121 125 129 134 138 142 147 152 156 161 166 171 175 180 185 190 196 201 206 211 216 221 226 231 236 241 246 251 256 260 265 269 274 278 282 286 290 294 298 301 305 308 311 314 316 319 321 323 325 327 329 330 331 332 333 333 333 333 333 333 332 331 330 329 328 326 324 322 320 317 315 312 309 306 302 299 295 291 287 283 279 274 270 265 260 256 251 245 240 235 230 224 219 214 208 202 197 191 186 180 175 169 163 158 152 147 141 136 131 125 120 115 109 104 99 94 89 84 79 74 69 64 60 55 50 45 40 36 31 26 21 16 11 6 1 2
68 71 74 77 80 83 86 90 93 97 100 104 108 111 115 119 123 128 132 136 141 145 150 155 160 164 169 174 179 184 189 194 199 204 210 215 220 225 230 235 240 244 249 254 259 263 268 272 276 280 284 288 292 295 299 302 305 308 311 313 316 318 320 322 324 325 326 327 328 329 329 329 329 329 328 328 327 326 324 323 321 319 317 315 312 310 307 304 301 297 294 290 286 282 278 274 269 265 260 255 250 245 240 235 230 225 219 214 208 203 197 192 186 181 175 170 164 159 153 148 142 137 131 126 121 115 110 105 100 95 90 85 80 75 70 65 60 56 51 46 41 36 32 27 22 17 12 7 3 1
62 65 68 71 74 77 81 84 87 91 94 98 102 105 109 113 117 122 126 130 135 139 144 148 153 158 163 168 173 178 183 188 193 198 203 208 213 218 223 228 233 238 243 247 252 257 261 265 270 274 278 282 286 289 293 296 299 302 305 308 310 312 315 317 318 320 321 322 323 324 324 325 325 325 324 324 323 322 321 320 318 316 314 312 310 307 305 302 299 295 292 288 285 281 277 272 268 264 259 255 250 245 240 235 230 225 219 214 209 203 198 192 187 181 176 170 165 159 154 148 143 137 132 127 121 116 111 106 100 95 90 85 80 75 71 66 61 56 51 47 42 37 32 27 23 18 13 8 3 0
56 59 62 65 68 71 75 78 81 85 88 92 96 99 103 107 111 115 120 124 128 133 138 142 147 152 156 161 166 171 176 181 186 191 196 201 206 212 217 221 226 231 236 241 245 250 255 259 263 267 271 275 279 283 286 290 293 296 299 302 304 307 309 311 313 314 316 317 318 319 320 320 320 320 320 320 319 318 317 316 315 313 311 309 307 304 302 299 296 293 290 286 283 279 275 271 267 263 258 254 249 244 239 234 229 224 219 214 209 203 198 192 187 182 176 171 165 160 154 149 143 138 132 127 122 117 111 106 101 96 91 86 81 76 71 66 61 57 52 47 42 38 33 28 23 19 14 9 4 0
50 53 56 59 62 66 69 72 75 79 82 86 89 93 97 101 105 109 113 118 122 127 131 136 140 145 150 155 160 165 170 175 180 185 190 195 200 205 210 215 220 224 229 234 239 243 248 252 257 261 265 269 273 276 280 283 287 290 293 296 298 301 303 305 307 309 310 312 313 314 314 315 315 315 315 315 315 314 313 312 311 309 308 306 304 301 299 296 294 291 287 284 281 277 273 269 265 261 257 252 248 243 238 234 229 224 219 213 208 203 198 192 187 182 176 171 165 160 154 149 144 138 133 127 122 117 112 106 101 96 91 86 81 76 71 66 62 57 52 47 43 38 33 28 24 19 14 9 5 0
44 47 50 53 56 60 63 66 69 73 76 80 83 87 91 95 99 103 107 111 116 120 125 129 134 139 143 148 153 158 163 168 173 178 183 188 193 198 203 208 213 218 222 227 232 236 241 245 250 254 258 262 266 270 273 277 280 283 286 289 292 295 297 299 301 303 305 306 307 308 309 310 310 311 311 310 310 310 309 308 307 305 304 302 300 298 296 293 291 288 285 282 278 275 271 267 263 259 255 251 247 242 237 233 228 223 218 213 208 203 197 192 187 181 176 171 165 160 154 149 144 138 133 128 122 117 112 107 101 96 91 86 81 76 71 66 62 57 52 47 43 38 33 29 24 19 15 10 5 0
38 41 44 47 50 53 57 60 63 67 70 73 77 81 85 89 92 97 101 105 109 114 118 123 127 132 137 141 146 151 156 161 166 171 176 181 186 191 196 201 206 211 215 220 225 229 234 238 243 247 251 255 259 263 267 270 274 277 280 283 286 288 291 293 295 297 299 300 302 303 304 304 305 305 306 306 305 305 304 303 302 301 300 298 296 294 292 290 287 285 282 279 276 272 269 265 261 257 253 249 245 241 236 231 227 222 217 212 207 202 197 192 186 181 176 170 165 160 154 149 144 138 133 128 122 117 112 107 101 96 91 86 81 76 71 66 62 57 52 47 43 38 33 29 24 19 15 10 5 1
33 35 38 41 44 47 51 54 57 60 64 67 71 75 78 82 86 90 94 98 103 107 112 116 121 125 130 135 140 144 149 154 159 164 169 174 179 184 189 194 199 204 208 213 218 222 227 231 236 240 244 248 252 256 260 263 267 270 273 276 279 282 284 287 289 291 293 294 296 297 298 299 300 300 300 300 300 300 300 299 298 297 296 294 292 291 289 286 284 281 279 276 273 270 266 263 259 255 251 247 243 239 234 230 225 221 216 211 206 201 196 191 186 180 175 170 165 159 154 149 143 138 133 127 122 117 112 106 101 96 91 86 81 76 71 66 61 57 52 47 42 38 33 29 24 19 15 10 5 1
27 29 32 35 38 41 44 48 51 54 58 61 65 68 72 76 80 84 88 92 96 101 105 109 114 119 123 128 133 138 142 147 152 157 162 167 172 177 182 187 192 196 201 206 211 215 220 224 229 233 237 241 245 249 253 256 260 263 267 270 273 275 278 280 283 285 286 288 290 291 292 293 294 295 295 295 295 295 295 294 293 292 291 290 288 287 285 283 280 278 275 273 270 267 263 260 257 253 249 245 241 237 233 228 224 219 214 210 205 200 195 190 185 180 174 169 164 159 153 148 143 138 132 127 122 117 111 106 101 96 91 86 81 76 71 66 61 56 52 47 42 38 33 28 24 19 15 10 5 1
20 23 26 29 32 35 38 41 45 48 51 55 58 62 66 69 73 77 81 85 90 94 98 103 107 112 116 121 126 131 135 140 145 150 155 160 165 170 175 180 184 189 194 199 203 208 213 217 221 226 230 234 238 242 246 250 253 256 260 263 266 269 271 274 276 278 280 282 284 285 286 287 288 289 289 290 290 290 290 289 289 288 287 285 284 282 281 279 277 274 272 269 267 264 260 257 254 250 247 243 239 235 231 226 222 217 213 208 203 199 194 189 184 179 174 168 163 158 153 148 142 137 132 127 121 116 111 106 101 96 91 85 80 75 71 66 61 56 51 47 42 37 33 28 23 19 14 10 5 1
14 17 20 23 26 29 32 35 38 42 45 48 52 56 59 63 67 71 75 79 83 87 92 96 100 105 110 114 119 124 129 133 138 143 148 153 158 163 167 172 177 182 187 192 196 201 205 210 214 219 223 227 231 235 239 242 246 249 253 256 259 262 265 267 269 272 274 276 277 279 280 281 282 283 284 284 284 285 284 284 284 283 282 281 280 278 277 275 273 271 268 266 263 260 257 254 251 248 244 240 236 233 228 224 220 216 211 207 202 197 192 188 183 178 173 168 162 157 152 147 142 137 131 126 121 116 111 105 100 95 90 85 80 75 70 65 60 56 51 46 41 37 32 28 23 18 14 9 5 0
8 11 14 17 20 23 26 29 32 35 39 42 46 49 53 57 60 64 68 72 76 81 85 89 94 98 103 107 112 117 122 126 131 136 141 146 151 155 160 165 170 175 180 184 189 194 198 203 207 211 216 220 224 228 232 235 239 242 246 249 252 255 258 260 263 265 267 269 271 273 274 275 276 277 278 279 279 279 279 279 278 278 277 276 275 274 272 271 269 267 264 262 260 257 254 251 248 245 241 238 234 230 226 222 218 214 209 205 200 196 191 186 181 176 171 166 161 156 151 146 141 136 131 125 120 115 110 105 100 95 90 85 80 75 70 65 60 55 50 46 41 36 32 27 23 18 13 9 4 0
2 5 8 11 14 17 20 23 26 29 32 36 39 43 46 50 54 58 62 66 70 74 78 83 87 91 96 101 105 110 115 119 124 129 134 139 143 148 153 158 163 168 172 177 182 186 191 195 200 204 208 213 217 221 224 228 232 235 239 242 245 248 251 254 256 259 261 263 265 266 268 269 270 271 272 273 273 274 274 274 273 273 272 271 270 269 268 266 264 263 261 258 256 253 251 248 245 242 238 235 231 228 224 220 216 212 207 203 199 194 189 185 180 175 170 165 160 155 150 145 140 135 130 125 120 115 109 104 99 94 89 84 79 74 69 64 59 55 50 45 40 36 31 27 22 17 13 8 4 0
99 81
