154 30
880 585 635 75 73 714 942 773 391 255 427 243 489 238 323 460 853 965 327 426 264 871 580 947 362 275 241 772 967 240
68 847 825 703 922 898 769 217 23 160 472 802 755 313 40 78 125 246 396 452 672 660 323 253 607 37 880 201 161 847
441 229 46 266 284 320 516 53 889 539 565 713 341 320 26 381 751 504 979 147 956 652 807 632 257 767 669 489 968 831
336 409 60 734 27 697 54 543 750 944 82 668 657 423 988 36 156 91 540 136 238 496 140 398 128 397 165 150 238 133
981 926 894 393 660 921 90 66 464 193 10 898 861 20 321 201 408 829 293 948 965 531 796 457 929 277 206 446 427 444
931 760 370 825 153 30 98 244 449 914 789 811 812 650 831 485 203 239 315 496 539 632 380 336 442 661 613 648 108 392
93 391 152 815 217 305 198 667 901 647 934 690 458 746 692 642 584 896 233 251 744 773 235 124 109 677 786 74 326 246
466 771 989 618 586 558 923 136 226 177 783 160 867 594 258 912 236 842 808 469 445 552 242 681 29 703 358 167 777 36
765 595 807 754 213 746 313 489 882 539 666 18 51 885 612 309 149 200 504 957 669 949 862 264 630 891 319 341 410 449
377 175 44 537 929 610 635 242 99 869 133 117 887 184 354 851 846 504 51 350 813 73 651 675 337 634 918 656 975 328
105 704 503 502 241 785 112 876 27 211 98 513 680 985 697 386 189 895 890 240 245 56 313 897 83 2 531 2 659 858
682 116 562 538 618 804 323 730 32 702 293 482 215 325 468 265 64 657 160 306 249 406 362 915 655 446 917 538 800 576
396 482 45 310 20 15 466 343 98 851 46 743 333 261 421 801 878 485 810 39 791 412 797 154 327 452 600 244 342 400
173 90 234 570 400 255 585 867 950 683 718 996 779 51 610 200 205 488 685 367 879 476 779 676 982 458 128 934 703 822
686 228 912 921 798 313 176 735 180 478 771 898 475 550 301 437 750 506 277 787 226 157 615 5 833 598 816 314 532 519
136 219 99 49 492 249 362 20 984 894 498 755 144 325 657 445 762 407 304 392 546 530 549 162 887 734 760 703 48 644
574 537 215 673 938 707 922 652 727 259 546 226 14 42 551 24 487 666 783 143 58 330 673 959 492 913 693 604 616 94
248 191 631 816 216 569 523 491 573 603 750 119 181 116 513 84 140 0 750 924 496 160 254 521 119 98 434 165 702 51
259 302 594 242 118 810 163 994 653 736 597 403 207 778 520 720 862 12 72 965 936 568 125 542 442 597 640 876 762 694
279 373 997 225 967 467 388 130 461 41 218 410 445 425 540 317 497 403 329 569 720 266 490 197 808 932 146 801 160 260
495 440 633 844 17 600 312 405 82 125 447 300 536 244 77 76 561 574 831 890 144 903 508 986 101 669 918 599 470 78
860 965 870 845 810 888 446 122 645 880 599 92 181 487 688 610 916 249 185 747 492 681 3 352 667 456 21 937 55 491
15 915 457 238 761 267 478 559 741 123 439 692 568 972 180 256 935 96 858 120 195 702 801 198 54 820 654 76 757 62
567 772 977 376 362 90 995 840 1 98097 316 793 781 884 765 961 492 700 57 702 172 604 404 325 803 459 145 809 887 902
871 454 27 201 183 741 643 178 582 645 267 250 438 48 134 555 361 978 608 770 681 780 374 437 106 529 896 603 339 135
858 562 590 885 115 125 626 759 303 560 404 922 810 842 970 296 397 683 627 5 453 308 138 828 745 596 709 994 199 48
129 57 963 71 294 78 196 273 189 852 833 593 774 996 787 97 644 537 780 271 894 234 579 32 414 677 628 123 23 180
524 504 589 487 576 884 917 124 157 107 976 342 52 103 690 840 200 335 377 980 606 271 566 538 656 980 567 636 456 590
168 980 94 758 819 22 994 88 147 503 195 475 197 600 578 888 792 130 223 169 463 181 792 29 719 800 10 286 789 466
228 957 798 323 715 617 697 61 705 196 564 253 672 762 205 602 650 997 85 225 518 548 406 662 577 478 463 939 116 252
757 345 561 555 20 277 524 717 690 582 914 255 187 938 17 392 892 19 741 977 596 259 525 2 273 455 832 736 394 949
340 504 294 902 59 314 531 936 383 221 870 297 828 57 587 197 801 480 568 894 457 164 153 335 519 426 790 351 515 536
652 207 40 946 461 452 612 344 388 996 918 610 645 746 19 233 296 820 65 864 66 522 29 219 209 548 997 351 251 864
888 904 72 928 202 885 732 815 230 472 163 148 82 160 246 101 745 542 273 810 407 339 685 436 910 894 336 260 246 939
124 486 843 548 766 398 434 499 213 16 971 728 164 406 888 410 507 634 305 133 444 712 472 481 500 735 376 188 995 974
127 471 460 323 20 226 73 806 725 286 822 49 366 338 455 606 100 314 592 405 447 389 469 272 870 321 7 246 509 354
220 989 825 32 664 197 259 737 355 984 375 529 33 93 867 840 699 320 155 292 725 602 33 547 226 903 868 233 502 730
939 74 719 117 107 735 314 366 472 22 702 199 551 88 292 771 928 991 91 435 635 168 38 668 715 264 572 936 850 426
666 141 500 737 258 607 472 925 325 944 947 28 143 850 116 435 621 396 778 712 832 414 881 222 434 948 838 358 884 40
784 902 182 285 639 792 244 111 717 570 407 16 598 902 867 66 689 840 814 468 553 646 234 786 220 668 86 59 27 323
451 163 225 633 448 865 426 693 976 495 263 384 864 213 638 731 279 328 571 445 796 476 444 30 614 664 50 53 75 429
376 527 593 953 512 393 818 290 86 147 786 701 883 650 914 521 733 545 849 656 343 645 485 787 27 451 451 430 504 879
211 232 758 804 186 270 550 4 561 636 503 699 690 386 701 956 908 786 854 109 794 197 107 279 984 486 83 787 916 939
18 128 172 776 284 358 47 834 714 960 823 570 11 865 956 64 821 216 202 27 326 996 576 785 628 912 271 711 700 540
2 70 20 174 847 304 884 246 491 951 206 666 521 569 531 829 633 704 46 835 732 724 183 308 509 811 221 132 874 273
672 877 343 692 403 542 997 288 788 840 591 994 506 112 915 389 941 548 93 339 735 177 415 919 486 276 82 59 409 957
684 81 186 27 126 589 922 475 877 710 315 468 57 173 932 972 562 226 873 7 917 608 185 333 879 23 961 314 82 370
271 766 804 809 145 930 398 67 405 628 778 72 448 187 245 381 159 159 959 384 166 876 345 351 209 224 374 171 538 456
893 161 574 49 970 72 979 721 491 736 349 621 808 797 808 405 530 968 564 489 352 731 366 697 82 927 274 809 450 164
617 696 678 192 745 0 616 725 721 107 813 422 729 974 220 537 379 102 857 296 592 562 27 958 259 461 237 885 270 688
402 240 384 80 432 129 80 400 206 154 507 372 576 236 346 148 774 77 251 631 373 195 193 400 505 805 214 742 42 836
782 444 76 518 524 860 0 957 260 206 111 768 930 39 356 276 188 130 354 791 114 727 338 659 480 843 816 46 585 859
882 720 303 311 238 180 171 238 489 784 797 600 904 727 991 260 4 531 391 710 674 857 789 12 516 269 855 685 315 793
544 550 513 199 861 103 731 32 342 220 168 491 172 72 218 516 333 574 47 76 636 722 933 426 734 801 695 942 486 363
87 382 913 600 934 774 55 17 158 749 238 327 240 762 751 459 278 84 385 678 160 22 400 445 448 486 247 495 780 85
858 867 820 123 819 106 897 875 123 408 624 713 87 865 476 838 676 106 923 413 784 435 435 536 881 235 375 480 731 155
917 941 23 737 65 194 195 962 69 319 722 46 32 809 263 860 648 939 967 923 352 103 358 140 640 239 375 367 719 106
522 637 48 897 726 465 444 922 427 513 593 502 911 625 311 174 838 311 113 157 234 818 612 593 310 604 184 685 971 256
144 846 893 544 743 971 9 539 245 788 53 838 290 964 816 954 491 654 265 604 163 500 774 775 445 84 380 629 122 351
885 266 197 130 162 293 454 171 832 699 311 237 538 602 554 706 908 45 712 173 1 875 25 128 2 470 564 382 100 686
86 337 304 635 468 466 280 922 989 465 973 301 54 863 255 608 569 163 5 281 688 359 508 714 839 863 184 403 245 636
90 683 974 746 671 794 213 951 68 554 768 393 855 823 257 462 783 178 977 141 812 666 500 320 380 339 183 916 94 781
905 184 816 879 931 487 25 496 791 445 50 559 838 258 382 95 72 166 274 50 307 86 68 159 758 800 850 294 716 944
427 973 481 243 852 764 731 229 612 522 674 662 81 513 272 816 608 345 334 234 747 993 672 815 152 431 615 354 77 683
298 504 657 131 747 861 895 830 91 859 704 117 522 138 630 146 954 591 843 640 177 590 633 850 405 137 633 372 491 710
408 141 566 417 625 665 630 872 496 73 732 200 191 606 690 173 752 996 764 596 636 294 186 269 144 944 406 129 668 249
839 428 743 405 845 368 70 828 592 918 901 324 471 92 930 161 618 683 158 734 631 794 28 817 416 172 113 174 653 134
776 492 562 871 249 760 591 672 588 183 942 489 508 413 934 438 927 904 473 437 638 104 583 667 274 351 191 739 526 845
873 654 689 436 525 291 196 116 963 136 299 257 977 807 23 911 598 950 815 71 739 806 528 322 473 154 26 16 893 552
861 767 206 903 203 731 194 751 847 509 239 498 766 216 306 789 480 256 91 647 679 182 453 207 857 278 361 883 295 255
787 508 374 993 411 929 76 605 680 275 466 271 773 233 487 431 374 319 687 818 967 367 352 772 574 209 51 288 92 698
895 879 206 269 224 618 198 652 575 230 927 42 501 701 627 340 484 353 660 172 523 979 539 876 751 465 85 154 105 530
852 0 761 59 269 338 29 467 990 956 49 918 350 550 971 977 891 455 683 903 979 206 882 870 82 633 688 520 788 793
402 992 146 163 51 767 501 432 235 844 389 636 762 739 187 85 69 430 892 752 333 872 310 215 94 745 200 782 617 340
928 19 333 74 534 736 841 388 169 428 232 910 65 346 1 604 431 70 34 675 174 719 547 485 934 994 582 486 776 199
827 704 218 512 130 104 600 972 492 769 752 76 31 817 422 33 421 205 455 807 881 630 526 780 467 812 774 49 299 551
600 478 607 818 342 738 274 942 62 767 64 814 843 95 984 266 480 757 823 936 565 704 918 443 485 385 256 611 786 907
514 386 737 122 556 79 212 830 21 274 949 437 440 793 885 424 411 365 182 586 653 99 291 571 542 128 308 798 739 446
57 254 184 794 728 92 873 940 923 247 566 224 36 6 17 921 431 780 639 965 367 292 64 10 216 606 490 876 757 229
675 166 835 859 961 915 952 186 855 227 785 773 451 822 780 821 743 563 953 734 528 672 379 592 34 595 550 524 823 659
106 498 826 941 710 787 857 14 325 64 241 111 838 44 933 618 865 28 533 171 763 61 843 494 5 878 89 907 402 264
567 860 115 745 802 177 884 11 191 209 75 784 672 265 828 605 235 46 986 768 217 101 829 412 595 186 642 36 94 397
652 13 257 767 758 59 944 642 422 135 203 498 271 876 115 100 833 351 146 819 119 715 272 301 479 867 487 122 255 933
519 908 946 776 675 704 188 972 698 610 459 254 460 731 130 576 831 963 927 329 135 398 396 407 699 875 627 187 997 882
120 868 790 67 997 818 123 185 790 174 147 249 428 960 332 910 888 515 225 815 196 360 565 592 120 265 820 747 452 817
981 924 38 124 343 35 942 819 220 84 993 719 685 773 679 18 683 567 533 908 734 730 621 300 322 741 565 494 840 369
664 173 293 702 297 989 737 591 808 309 675 801 380 361 926 60 379 609 979 264 869 714 994 490 366 669 583 283 163 775
652 827 949 297 881 598 286 618 190 94 279 865 247 660 578 173 720 957 782 51 222 4 765 568 494 483 237 430 766 753
205 770 932 506 68 814 105 706 784 295 801 64 512 400 724 91 574 796 400 708 847 974 712 965 543 559 448 132 341 567
237 898 337 170 405 757 984 510 464 768 157 617 184 669 17 908 112 943 56 513 652 256 487 716 221 30 627 21 515 320
588 752 219 278 922 624 35 258 486 499 27 643 116 211 664 486 472 777 429 528 290 433 136 777 502 357 160 481 731 675
802 671 427 21 949 350 997 985 960 483 836 987 126 305 551 790 791 375 919 220 255 209 6 392 339 508 101 499 989 832
174 791 856 953 164 805 655 161 142 616 644 331 955 122 636 506 265 427 233 184 999 489 746 357 881 85 865 982 584 207
167 110 998 23 415 515 180 71 676 675 39 673 6 994 795 642 853 412 421 86 949 772 927 695 130 808 780 347 143 716
554 310 178 905 685 593 420 865 16 448 892 407 121 898 754 269 892 607 681 665 45 630 438 973 325 920 781 457 619 276
173 174 938 703 431 623 649 203 841 17 651 733 425 773 632 179 42 876 138 723 542 183 706 332 508 31 604 642 841 223
918 14 749 857 70 532 480 719 735 673 88 387 407 865 160 391 44 554 267 534 277 161 718 335 845 226 367 449 220 208
25 139 574 774 996 996 659 828 67 394 854 156 781 261 21 293 4 418 847 623 952 477 785 22 812 630 601 179 432 821
739 457 960 666 583 308 662 242 489 730 637 343 886 770 956 259 64 312 677 911 935 630 388 72 4 201 55 605 732 487
427 824 944 739 490 879 48 152 474 889 882 111 584 120 233 540 380 297 852 409 561 139 391 949 212 396 502 267 1 235
754 780 411 50 520 901 281 920 53 755 809 288 218 393 760 452 285 492 749 489 254 662 628 645 612 840 41 466 107 395
53 213 175 464 615 47 365 897 319 771 652 128 411 871 873 171 323 510 16 424 999 270 87 980 915 51 820 309 517 280
56 923 845 583 387 461 631 753 358 950 876 10 431 287 233 656 810 908 519 826 333 870 448 772 850 716 823 23 25 692
655 81 615 500 664 355 313 647 460 23 950 336 386 733 975 619 389 785 528 908 964 213 131 764 985 981 480 160 4 505
204 11 938 820 512 955 527 177 602 987 201 552 323 587 285 298 206 27 435 86 287 751 299 418 516 636 752 996 796 108
854 1 120 792 173 984 99 700 161 702 39 362 606 362 949 244 12 508 623 447 594 262 199 894 33 67 530 785 63 679
893 269 32 13 414 557 997 513 609 511 567 648 873 174 10 175 770 374 683 745 821 629 7 372 875 40 439 406 177 855
437 71 124 469 436 538 378 786 404 987 297 971 635 522 497 997 697 267 371 732 364 544 362 724 269 589 764 708 995 942
915 784 365 392 605 801 282 983 587 686 970 236 658 957 759 155 954 808 775 677 893 139 222 255 215 491 196 980 551 192
274 819 328 639 211 934 792 845 917 380 532 240 968 190 197 727 697 504 536 472 533 429 964 107 36 179 598 232 511 502
776 137 673 105 776 236 391 921 81 308 653 613 548 621 155 746 349 205 602 237 29 135 18 993 243 406 525 193 990 388
47 767 526 720 224 654 956 615 927 390 275 580 355 824 202 511 922 551 716 876 140 745 11 158 91 606 916 968 800 906
708 199 25 586 920 249 593 228 216 520 970 844 101 326 668 303 189 942 206 257 170 698 354 181 208 445 140 124 765 940
30 826 139 56 412 411 657 5 992 226 878 962 70 979 640 90 634 829 32 840 86 202 538 441 735 98 238 875 222 356
167 252 182 659 660 946 70 670 952 414 896 830 729 966 161 369 56 795 199 440 987 637 994 877 78 729 975 669 957 197
25 124 801 207 783 462 505 206 132 809 972 380 991 701 346 152 71 754 947 622 194 934 259 188 811 338 269 138 359 226
335 384 703 137 943 486 951 448 44 435 258 17 815 249 718 161 754 141 915 53 763 461 988 23 649 151 713 918 290 72
497 977 808 200 114 751 38 417 551 83 852 161 452 667 411 170 180 517 664 447 570 427 908 910 802 909 62 867 180 704
939 677 33 99 229 500 850 267 917 754 702 122 915 154 141 678 677 322 195 341 121 766 120 382 676 923 643 90 790 823
146 82 852 180 181 81 680 384 701 597 138 403 71 53 910 213 732 587 887 927 928 360 693 48 742 722 323 386 812 114
561 959 548 414 139 729 847 171 113 548 120 251 304 192 657 214 405 389 801 292 668 81 652 714 481 747 436 805 485 600
271 46 559 819 460 50 548 660 221 14 208 342 617 512 886 274 78 291 15 879 935 36 312 939 750 794 38 538 599 523
138 222 570 50 41 382 452 941 42 26 307 251 720 925 115 606 199 194 897 567 425 184 603 738 475 353 532 514 243 483
37 733 705 607 135 98 990 588 391 32 614 699 635 686 624 103 292 175 297 541 742 74 725 697 812 200 402 344 714 645
179 104 731 236 711 866 334 53 454 726 438 420 777 425 106 401 528 750 928 177 291 23 252 368 720 64 569 123 761 635
120 940 91 851 177 155 718 863 208 524 941 998 297 718 424 755 471 952 506 400 130 149 423 382 518 495 798 439 970 559
426 91 852 518 294 381 673 364 244 233 889 186 232 538 256 8 293 728 312 151 480 442 301 255 176 819 750 327 610 721
886 36 164 738 554 810 119 579 175 716 165 416 254 397 954 510 757 599 590 69 751 70 864 52 325 392 223 428 719 833
501 606 221 17 696 128 827 168 707 354 884 872 770 490 621 76 0 378 28 591 800 779 13 664 183 691 408 758 119 128
943 620 86 164 989 782 292 816 302 0 171 538 224 293 28 198 722 29 576 750 972 728 881 337 744 64 28 153 174 499
281 117 471 367 281 460 501 574 277 156 926 800 694 502 445 723 700 519 752 629 269 76 357 502 413 102 566 794 255 92
293 888 209 765 607 491 577 460 417 854 616 343 6 311 845 804 34 898 323 138 527 593 566 884 447 331 338 14 125 945
458 771 833 668 888 792 159 465 253 576 672 221 271 30 532 468 834 918 366 158 408 893 103 974 130 550 306 468 916 783
414 375 554 599 43 442 392 554 260 997 482 932 218 105 962 103 573 797 21 292 307 430 537 410 756 667 312 62 136 229
846 902 956 752 853 999 547 245 905 807 594 387 91 165 492 53 268 417 202 641 709 509 423 247 271 180 266 936 594 754
165 440 656 473 545 510 824 92 107 729 251 54 468 342 219 960 395 487 729 950 128 791 811 904 390 435 84 656 371 678
411 888 471 419 361 16 281 185 460 389 266 711 443 734 53 14 46 800 501 775 750 981 918 562 885 308 349 969 317 720
0 728 960 471 499 321 839 781 858 299 522 124 10 317 858 63 331 904 863 184 31 966 165 950 880 403 258 229 724 575
949 724 655 261 547 507 582 386 288 792 685 162 916 695 831 126 110 514 30 974 698 61 292 215 11 172 618 622 401 695
549 702 419 205 963 967 64 897 353 704 689 391 866 605 438 49 731 549 563 113 875 613 526 167 828 890 339 799 512 92
846 413 794 265 970 109 584 34 6 938 738 695 681 956 652 119 5 735 668 568 200 895 533 726 414 714 968 753 865 480
197 711 246 991 976 216 100 561 251 458 851 341 505 884 298 509 3 303 244 24 224 796 919 757 875 334 823 843 439 688
676 637 399 922 980 728 490 433 641 741 891 492 435 397 376 733 906 731 388 503 755 612 299 27 722 526 713 545 370 152
234 46 141 985 320 122 713 810 555 354 904 798 846 339 195 574 72 454 306 460 957 413 425 608 440 499 135 153 44 857
658 630 903 799 616 223 273 329 385 180 684 289 979 882 628 526 809 52 980 467 865 289 880 290 250 673 789 737 178 185
594 836 816 849 988 432 424 613 761 809 146 797 99 125 32 79 3 841 132 984 308 997 625 540 639 875 565 780 612 744
965 558 932 781 407 272 565 831 886 679 993 32 476 92 509 508 171 864 701 655 200 9 4 826 902 643 53 467 423 18
563 741 576 496 522 984 120 440 167 6 119 160 390 947 604 251 808 128 116 509 783 316 871 788 494 773 783 548 592 559
566 156 300 142 4 174 478 124 614 998 483 733 158 225 33 763 477 841 243 945 350 26 613 221 166 108 346 302 8 291
861 574 447 161 68 803 335 899 927 950 897 410 35 407 988 68 522 465 261 765 762 612 144 375 185 662 835 884 964 843
175 825 769 974 986 190 777 674 89 704 976 338 467 363 745 455 784 620 272 45 385 386 657 881 113 195 544 949 79 508
144 254 686 266 580 24 456 357 698 545 413 26 235 232 390 980 39 174 952 663 219 338 49 229 571 163 776 115 464 855
976 960 461 662 226 41 38 682 750 89 579 163 115 814 396 857 147 435 31 99 99 603 789 500 184 361 15 312 828 831
167 156 792 980 170 18 373 209 53 123 298 984 286 413 799 34 623 298 822 6 749 273 609 891 773 145 604 141 457 432
23 9
