161 109
188 667 48 445 934 32 958 281 4 203 278 424 59 543 155 274 899 490 256 986 378 406 177 388 656 145 941 9 321 965 30 861 633 431 306 567 463 265 849 467 468 479 244 880 22 751 506 922 241 762 260 971 520 790 359 176 935 653 537 608 618 920 469 251 351 127 819 166 744 20 634 565 499 230 445 873 981 303 795 574 418 408 546 938 198 905 467 485 558 356 445 177 276 266 428 979 393 599 146 490 971 132 55 822 362 852 696 695 507
491 269 925 251 167 216 449 73 683 934 983 391 379 160 20 645 941 999 391 892 497 881 864 981 288 686 695 492 382 390 999 226 12 925 477 179 493 927 252 528 213 236 919 945 748 939 942 689 291 333 582 788 566 798 122 854 484 817 698 219 208 698 445 572 975 274 751 468 201 356 996 767 944 267 712 692 559 654 734 850 340 668 990 906 466 112 113 302 930 811 521 490 509 318 62 836 593 813 304 146 521 652 913 465 920 625 158 479 632
244 681 972 912 671 230 730 136 343 384 418 155 906 908 16 576 322 853 169 135 509 668 9 162 581 474 434 559 984 265 191 228 946 515 492 969 745 574 105 89 959 523 596 217 783 964 793 105 169 315 593 679 983 602 193 916 76 627 475 61 892 18 641 190 533 486 159 631 60 265 72 19 140 20 236 924 984 30 29 506 345 622 185 680 576 730 596 653 357 72 66 601 442 59 791 328 545 302 959 606 919 31 625 60 51 862 336 387 244
717 893 941 692 430 621 268 160 569 273 869 641 339 822 436 399 965 764 296 268 723 902 187 106 880 599 509 94 287 896 338 5 142 631 697 572 252 317 85 821 591 954 815 930 777 603 681 94 367 978 362 442 232 902 548 112 853 409 206 141 305 896 498 447 527 195 372 131 864 457 305 455 411 120 738 540 75 771 635 442 101 349 884 334 603 784 798 457 193 357 950 850 253 448 650 781 995 22 264 859 479 569 667 242 41 405 135 116 176
122 558 278 823 794 964 779 930 762 236 123 119 538 326 725 338 976 858 333 350 122 544 181 692 211 423 733 968 910 850 497 384 760 127 560 555 91 339 837 205 927 313 325 465 639 402 803 967 260 488 317 382 32 498 74 596 273 160 916 184 10 413 920 122 540 480 29 983 819 867 189 746 180 866 563 819 268 366 786 880 854 103 262 239 953 689 187 226 849 103 762 211 869 683 333 409 515 715 745 687 582 286 433 762 152 997 933 772 715
71 652 922 526 266 513 479 955 700 705 156 155 820 719 24 503 405 786 370 120 531 57 702 817 843 816 321 192 749 445 907 820 97 181 346 715 694 825 671 394 882 179 550 702 899 574 557 304 712 280 424 243 337 478 412 180 294 733 724 43 178 632 863 627 165 561 343 860 738 366 254 620 545 156 675 444 731 584 748 443 864 524 39 554 2 451 86 296 537 811 339 67 795 554 695 960 467 390 820 205 756 75 178 653 583 205 98 666 789
198 110 6 75 501 560 77 304 646 726 841 457 417 261 252 972 308 213 791 698 385 997 806 812 527 459 396 732 909 62 521 108 524 527 183 25 439 612 682 86 338 523 543 756 136 148 80 444 713 871 494 98 220 300 911 747 112 307 831 21 369 705 481 894 584 16 271 24 629 953 110 319 829 5 427 965 505 507 762 218 731 256 669 303 909 580 403 21 239 234 394 960 939 228 206 524 244 478 900 225 783 10 545 612 367 972 930 873 832
692 443 915 300 112 218 209 44 621 582 283 208 329 244 499 557 450 23 801 280 275 379 64 285 924 676 5 248 958 878 80 650 673 995 951 786 566 512 830 187 95 114 747 776 710 247 333 512 622 486 145 898 865 209 535 141 237 540 390 196 770 470 198 444 818 501 230 384 14 412 923 461 878 671 237 588 918 922 453 540 760 598 438 626 159 974 119 748 866 509 296 637 332 847 433 150 348 663 886 714 75 809 527 954 480 116 894 750 38
699 643 799 649 81 777 808 407 896 909 626 758 205 615 90 52 48 592 753 711 478 467 138 639 995 444 120 111 339 222 502 390 865 653 40 299 430 200 58 678 109 684 436 667 299 878 719 347 470 824 410 300 292 549 940 639 993 412 102 684 634 604 427 500 257 467 151 687 667 209 718 129 894 154 796 545 385 867 893 855 692 303 508 336 204 800 975 550 212 77 234 198 682 661 50 291 480 201 331 148 411 49 277 657 555 425 202 940 292
447 148 984 103 656 320 307 808 647 857 20 725 444 570 759 457 621 402 290 174 733 438 585 782 67 594 690 844 149 630 136 596 130 121 699 138 793 359 946 441 216 966 518 12 537 277 822 510 679 112 684 765 902 622 547 321 216 589 165 365 220 301 314 702 774 13 841 568 372 787 9 941 754 527 305 643 156 127 153 187 239 189 952 141 811 852 462 28 441 627 745 13 281 59 716 55 425 557 623 797 344 984 90 450 511 396 445 19 875
950 207 115 140 159 608 951 11 71 331 805 50 429 818 331 488 534 387 913 443 362 63 788 347 505 590 210 901 36 230 777 338 437 244 478 948 852 782 312 275 465 117 678 894 935 361 735 822 100 0 265 463 63 53 162 921 996 372 174 384 602 951 722 391 547 553 692 752 687 4 27 504 121 705 399 408 67 486 230 519 486 496 982 902 901 144 823 897 517 997 633 471 301 356 215 848 261 907 600 948 263 980 804 384 37 203 792 456 41
375 976 528 871 310 782 772 455 605 22 324 602 655 147 255 11 362 456 624 621 408 924 884 388 729 620 778 284 765 234 326 140 562 206 11 873 988 135 328 593 157 4 547 165 151 155 528 866 611 153 839 19 77 76 760 806 48 538 91 813 124 769 305 687 975 668 560 315 156 240 908 313 596 807 830 99 314 359 317 925 512 157 297 941 585 409 100 633 947 191 799 423 312 456 110 287 125 22 602 281 614 862 946 210 21 777 662 336 136
979 613 0 488 262 293 73 671 393 59 618 584 210 394 896 666 504 535 791 879 489 424 845 351 723 56 725 852 718 413 340 49 26 340 538 289 633 611 960 27 22 931 963 232 325 212 899 181 99 42 412 589 819 258 292 542 666 17 394 736 430 86 785 809 426 675 450 411 287 762 790 661 45 106 894 722 318 145 256 417 539 668 358 358 278 651 252 944 20 998 32 451 84 818 612 862 493 414 626 132 176 416 146 574 522 40 296 192 537
552 962 76 221 320 787 499 971 391 796 992 742 828 795 826 998 759 41 844 173 667 328 701 83 474 275 958 866 572 150 755 124 112 832 697 433 971 549 756 714 345 748 456 525 895 283 876 654 676 720 827 343 400 529 426 227 804 736 93 728 887 201 853 351 385 550 784 356 451 893 70 796 993 527 674 889 162 550 895 838 622 723 181 22 604 959 601 760 696 47 841 935 248 694 286 633 596 423 989 48 668 411 196 661 290 870 550 452 772
798 642 394 521 175 769 477 487 370 589 535 417 430 470 665 476 108 298 425 883 639 825 551 51 373 565 693 596 467 498 368 265 140 115 138 668 884 967 155 606 557 42 24 339 864 41 168 972 692 593 208 331 770 111 734 143 676 428 739 496 278 460 761 770 575 900 438 459 867 945 65 776 987 441 116 851 483 636 176 175 229 736 858 351 199 593 494 876 373 586 724 651 398 485 421 973 385 212 784 605 157 201 381 497 643 849 348 478 485
876 653 66 964 863 417 164 456 264 392 181 202 116 184 600 601 606 925 339 170 709 944 327 910 677 176 905 879 877 383 364 753 388 783 718 252 200 882 60 816 626 242 370 742 426 322 343 384 247 34 554 956 330 234 219 8 410 124 239 287 508 603 393 896 738 463 500 939 697 561 107 323 803 830 65 581 152 760 966 400 147 872 708 477 458 927 837 869 404 76 508 264 32 901 160 770 716 661 61 413 574 169 736 377 999 153 958 503 914
276 903 61 501 612 890 959 891 728 828 647 804 689 911 188 942 424 959 659 437 20 72 11 541 161 388 892 314 698 396 580 327 651 993 828 263 884 787 507 964 616 154 120 657 418 309 599 842 268 258 279 640 331 290 182 492 30 74 158 728 822 739 55 474 84 883 89 320 671 596 284 639 103 405 648 521 66 247 715 334 506 994 974 189 636 508 33 666 583 191 746 757 282 802 231 719 37 321 39 60 269 676 51 724 433 699 597 499 947
312 833 805 306 159 994 942 668 379 960 603 922 707 360 557 509 944 276 898 265 667 959 886 343 362 611 776 62 208 275 361 521 460 166 179 620 512 474 640 891 434 595 813 141 307 370 2 251 646 901 868 314 212 755 9 574 366 786 988 926 413 349 799 874 515 331 846 27 805 838 918 591 433 84 85 740 454 87 344 453 340 212 119 552 967 128 479 685 914 467 612 328 817 763 554 684 94 752 64 251 590 982 195 23 418 280 115 873 367
459 678 708 672 797 612 991 925 443 677 192 911 641 872 80 756 778 764 203 530 828 454 120 163 1 495 581 281 610 806 1 422 484 709 446 633 673 437 559 117 466 103 380 107 975 460 864 105 576 67 635 757 873 755 272 875 250 205 156 212 364 157 986 200 218 784 834 244 222 393 361 688 848 93 148 175 553 12 280 481 431 915 590 304 670 862 531 272 420 688 836 784 197 175 984 768 959 818 12 533 563 725 222 763 818 370 938 723 734
218 204 165 133 795 821 155 9 353 779 429 393 968 565 590 495 902 710 454 72 722 988 636 447 562 399 617 284 690 340 18 908 545 535 394 692 356 901 53 61 33 835 454 1 400 45 496 302 755 302 375 830 642 363 629 204 114 247 488 804 587 858 65 484 745 459 176 454 712 582 515 745 417 970 746 817 367 594 472 474 249 199 656 891 562 286 96 28 533 936 185 472 147 250 957 244 61 485 698 773 67 214 871 484 536 617 654 903 564
126 729 813 325 386 704 239 672 152 619 557 441 804 29 940 54 338 184 467 824 883 593 891 97 464 728 985 433 382 888 349 860 969 162 537 355 219 776 379 723 395 288 164 552 318 104 958 8 289 426 832 524 371 76 621 835 804 606 620 538 846 970 398 167 484 935 523 703 63 254 427 810 543 943 362 213 400 673 221 41 99 406 565 822 482 186 657 638 144 277 528 342 599 278 509 84 565 384 139 628 991 918 790 534 862 505 99 262 178
320 303 629 726 220 451 560 406 460 198 902 89 726 596 689 356 457 773 921 194 912 549 185 183 692 71 45 197 170 659 727 842 314 356 569 534 159 481 292 619 32 546 708 758 142 749 115 951 522 388 145 787 938 330 970 982 401 367 531 571 378 258 766 692 966 687 578 125 168 870 744 200 768 804 311 262 554 778 213 428 166 359 567 456 689 537 438 443 256 969 366 634 579 132 678 545 819 256 670 988 478 766 188 246 923 851 508 477 629
722 905 796 433 473 252 122 362 43 917 619 364 284 605 944 768 284 489 588 540 512 928 19 630 116 617 553 968 126 30 949 200 288 745 633 113 350 107 827 393 25 446 757 661 404 53 429 688 895 369 580 407 297 599 389 766 569 943 734 47 325 35 247 965 133 232 78 483 339 906 228 716 704 337 729 460 391 159 148 286 528 729 45 178 680 434 944 249 729 30 296 55 65 895 372 198 127 451 681 819 709 261 887 765 599 617 226 342 128
726 980 8 455 25 186 488 811 130 737 541 160 386 948 226 281 320 776 761 123 810 580 832 71 467 950 22 436 528 364 564 254 696 573 62 73 111 550 885 242 287 778 754 25 726 332 307 46 109 420 170 919 0 354 342 819 656 365 256 184 81 820 791 130 745 853 203 209 403 88 803 42 866 557 68 944 890 727 991 351 147 513 622 147 219 316 966 876 33 574 412 467 747 203 597 492 56 800 53 459 241 856 854 107 414 922 52 656 649
395 359 796 908 333 943 479 649 261 355 683 188 768 150 935 323 99 779 380 899 833 191 140 689 45 600 103 319 4 111 968 751 470 764 11 155 59 490 805 673 846 488 861 966 990 796 289 89 927 21 340 760 565 833 450 962 433 905 282 789 369 250 540 191 367 903 347 778 393 152 451 239 992 664 557 334 812 199 775 740 220 115 500 137 948 302 100 733 208 734 874 929 336 766 120 703 669 467 834 63 619 637 654 963 302 564 297 466 763
72 206 335 540 59 473 488 361 925 574 921 659 800 850 347 567 971 403 236 790 237 651 410 874 306 725 528 870 23 995 985 447 201 320 987 612 145 828 974 70 754 247 81 554 98 429 121 421 832 710 211 421 361 973 647 19 699 176 241 74 171 226 521 724 899 861 337 44 689 663 467 443 910 900 349 360 681 471 781 865 533 993 286 894 318 934 266 369 462 859 443 633 86 317 709 337 178 398 733 219 61 552 14 324 453 363 684 486 186
466 352 719 811 990 966 481 276 232 851 738 91 294 723 529 963 433 218 141 183 952 712 597 504 726 921 309 90 605 796 628 423 500 348 586 842 314 68 119 898 919 857 989 565 581 871 529 366 89 22 901 393 735 498 898 461 771 559 903 377 707 532 152 559 880 739 402 546 159 521 444 78 730 785 995 311 656 524 29 98 547 931 491 282 781 741 95 553 301 351 282 360 883 434 920 115 525 322 661 684 195 457 114 925 242 110 589 251 986
970 349 885 901 840 519 35 582 615 588 235 966 870 595 201 656 515 316 534 189 329 570 384 786 685 662 28 147 251 279 485 221 980 371 475 821 890 510 755 857 450 990 823 672 585 24 680 453 692 214 642 21 785 379 807 822 41 188 321 292 819 806 513 800 529 340 973 772 202 728 629 652 718 453 676 655 829 357 108 522 923 751 895 708 130 55 882 171 243 555 815 414 714 680 566 243 21 539 15 223 619 645 228 337 450 256 345 631 613
453 505 537 204 401 597 686 456 832 857 699 387 24 465 101 705 32 697 726 923 712 301 543 709 881 232 511 138 577 143 751 31 648 640 587 401 590 274 857 422 483 908 161 508 374 263 213 758 312 291 681 376 944 576 86 826 809 949 964 386 444 67 769 445 60 357 846 650 983 56 424 818 964 585 326 690 200 891 448 512 182 482 889 479 58 327 305 219 276 269 606 73 688 727 518 748 436 716 398 419 772 822 238 737 760 916 779 960 160
580 825 694 62 714 173 472 393 478 692 21 99 650 94 788 377 964 536 166 681 287 585 453 461 175 542 221 444 322 534 604 902 359 298 316 73 472 140 466 302 832 839 402 834 934 190 564 898 78 730 579 717 667 385 179 195 927 752 639 249 286 595 503 645 893 171 70 717 664 888 20 496 728 774 683 14 316 247 912 394 977 844 464 996 229 643 191 156 395 182 758 34 777 613 679 23 137 102 740 801 342 112 649 70 886 332 84 202 931
349 949 260 545 413 257 774 408 800 282 155 983 392 189 760 6 221 783 495 675 876 296 17 340 945 440 579 630 876 133 561 225 82 822 770 847 431 896 607 231 179 763 214 571 952 327 929 525 110 424 200 338 72 218 679 370 658 258 352 534 391 913 112 826 87 234 25 870 131 633 102 662 396 668 585 700 995 867 226 458 643 778 148 716 348 827 438 6 437 790 893 181 55 357 359 143 591 384 365 74 369 819 88 765 488 674 818 835 541
396 645 184 174 794 252 523 973 690 881 411 480 126 944 888 483 303 383 427 39 748 853 409 568 942 526 408 968 344 243 861 92 889 45 267 683 650 142 656 692 375 419 525 502 715 413 337 18 796 116 410 544 322 171 464 264 697 872 232 394 116 93 486 357 490 105 392 492 247 48 185 623 820 62 477 535 475 166 906 271 635 668 167 957 839 984 573 536 856 157 282 324 602 769 33 444 874 425 937 474 826 474 449 646 536 278 533 363 444
791 634 431 459 153 740 298 137 313 187 346 822 469 22 424 590 56 869 465 481 158 939 307 632 740 305 520 18 191 883 814 982 869 246 442 22 338 92 512 652 279 210 826 101 232 251 691 640 472 508 122 630 799 781 262 539 439 782 557 630 665 372 964 534 970 758 908 308 851 772 312 130 334 139 231 567 390 275 207 862 783 681 844 583 815 106 122 606 240 680 588 257 404 552 143 374 311 403 34 514 176 347 644 862 486 228 429 228 855
989 442 638 22 286 221 189 744 696 795 336 728 383 593 132 936 736 858 599 491 244 113 19 591 109 882 429 689 663 9 544 4 803 183 27 89 756 216 185 804 12 521 532 747 466 16 683 554 226 634 46 471 747 65 62 209 947 844 898 963 853 443 967 657 978 994 98 86 563 636 891 927 509 775 674 976 792 710 530 18 344 576 489 444 994 904 653 293 100 903 256 953 698 224 962 28 570 413 115 485 401 358 412 910 133 439 886 277 149
769 296 845 345 137 289 691 393 294 985 493 550 593 799 600 169 113 629 92 878 96 577 279 806 342 542 939 781 780 217 930 549 865 775 247 354 417 938 100 63 275 945 965 869 744 566 390 210 195 482 88 291 60 720 97 402 262 388 183 42 957 465 944 174 592 191 881 361 129 981 425 757 278 742 978 23 308 368 585 503 851 25 146 911 745 595 665 359 336 200 754 293 665 698 820 609 889 701 971 370 34 748 127 312 490 105 687 799 826
272 654 677 298 153 940 395 748 605 755 84 157 861 730 174 559 550 783 800 603 106 170 989 206 650 653 49 107 341 200 933 965 854 962 615 7 902 11 108 859 118 544 16 979 274 190 890 176 326 690 779 432 212 120 639 214 774 688 674 115 888 607 432 94 922 48 102 824 411 562 36 881 106 52 212 733 595 102 909 921 144 41 353 708 161 344 923 935 32 597 402 272 556 187 367 478 235 821 655 998 383 43 879 841 447 91 574 42 545
836 963 41 877 669 749 390 13 24 678 398 973 432 22 530 619 389 360 206 210 367 204 945 762 435 139 210 878 713 252 775 549 568 816 778 589 918 521 954 294 199 704 268 631 727 150 603 116 862 809 679 230 366 976 992 153 115 554 384 181 807 159 82 727 328 213 316 598 734 270 892 285 327 160 268 54 310 871 170 173 33 201 755 751 530 99 256 645 654 640 178 813 152 613 892 832 826 208 430 560 830 322 845 157 835 113 211 497 337
734 22 722 287 129 473 817 229 729 815 235 722 993 400 226 958 292 58 784 852 488 696 34 162 541 192 349 7 755 847 696 841 869 418 129 999 243 298 580 324 113 167 46 459 567 624 417 211 682 554 63 522 250 97 685 144 641 34 503 749 233 199 590 103 969 71 454 212 370 34 536 835 553 935 646 472 559 416 683 594 970 98 116 220 547 153 364 541 540 867 290 773 418 232 228 387 304 682 951 26 68 840 861 621 127 860 93 686 276
776 632 598 226 749 170 774 254 535 667 794 754 957 920 525 189 148 264 845 183 216 871 251 56 85 873 183 297 318 221 573 95 206 523 673 307 693 799 561 580 466 708 687 775 980 212 317 128 476 162 663 44 34 915 100 471 140 635 768 458 209 693 905 415 216 579 722 909 730 635 490 197 343 529 324 323 741 641 804 569 804 467 614 190 734 66 661 874 54 781 333 615 474 590 30 42 169 104 951 900 91 793 449 787 322 773 462 415 415
266 337 571 86 951 761 172 369 774 47 775 555 732 390 381 322 772 423 844 876 726 96 968 872 897 755 546 670 217 962 437 836 299 8 274 602 121 446 323 895 845 99 802 929 489 183 604 614 958 448 490 685 896 810 557 793 917 103 815 487 417 253 675 68 613 301 670 87 99 346 982 945 445 137 226 286 320 830 900 279 630 743 316 526 905 873 319 175 328 135 662 746 740 689 814 705 990 837 792 89 183 127 386 980 264 613 618 936 443
519 567 426 614 883 952 519 756 624 694 85 111 708 183 851 397 997 556 739 834 701 829 369 828 215 349 92 828 968 28 624 839 596 50 805 479 354 324 588 978 371 25 89 431 208 292 181 205 201 920 392 902 101 761 730 317 111 174 497 431 202 473 270 150 875 75 630 230 751 570 560 474 595 650 258 155 294 439 360 495 711 104 749 813 866 831 482 329 5 331 760 560 805 382 710 680 457 692 262 560 262 823 387 209 825 645 364 119 436
77 967 147 181 68 312 399 900 794 728 257 478 488 817 635 870 528 315 679 572 930 592 187 753 979 396 930 976 113 49 412 542 368 911 75 437 224 475 337 370 203 594 200 692 764 835 914 644 503 594 216 433 186 403 538 517 152 468 493 617 869 905 159 238 168 586 675 392 61 364 115 265 310 315 309 74 151 575 70 654 521 287 439 707 42 977 576 194 797 69 163 666 326 674 904 495 261 931 887 322 647 354 939 310 22 600 736 173 176
807 179 697 94 970 757 136 947 333 683 744 755 846 762 81 873 19 576 134 950 816 456 950 170 748 260 192 700 348 717 876 155 248 926 249 218 35 738 517 368 773 613 123 971 376 557 844 395 133 978 697 949 787 647 472 887 259 16 587 608 734 816 115 334 742 717 905 777 807 422 497 580 36 973 551 764 530 748 159 15 78 208 965 217 208 437 104 819 805 692 779 891 508 895 226 602 612 131 731 419 905 228 999 293 553 902 57 83 2
568 451 81 129 416 298 337 205 755 156 10 799 936 902 659 831 480 261 795 963 344 214 868 572 565 514 478 819 571 913 174 492 364 255 621 780 905 310 337 12 466 700 811 754 954 470 937 434 83 732 397 427 298 617 352 215 131 830 387 55 743 561 899 108 168 520 240 425 182 930 438 648 630 601 755 584 424 692 370 507 777 119 287 427 736 991 643 220 173 30 627 916 943 526 376 111 398 969 888 580 899 326 580 881 928 335 817 352 380
187 211 509 658 850 936 746 841 931 966 14 313 945 283 256 471 11 719 221 980 608 153 231 934 734 464 214 421 281 918 153 820 482 662 478 332 599 225 526 530 543 892 844 489 527 452 312 539 172 534 871 780 687 455 714 773 919 281 195 553 199 348 725 33 363 204 366 962 781 244 844 324 488 40 165 16 493 478 907 665 12 130 797 699 585 511 825 857 144 20 762 696 720 487 729 83 43 447 397 824 691 594 501 180 634 666 548 127 144
807 144 156 937 941 208 875 805 33 732 301 405 846 997 477 333 727 561 377 174 310 553 218 904 54 750 539 73 298 18 217 105 515 726 394 808 286 269 965 319 353 267 76 199 264 553 533 991 466 262 518 777 167 736 33 222 486 924 647 136 295 864 593 810 590 987 618 876 257 584 547 610 203 975 810 467 529 695 811 347 309 329 476 476 65 510 50 903 434 697 391 729 562 984 891 504 971 862 733 580 798 632 191 1 608 353 468 489 400
279 836 709 608 313 185 25 175 236 280 609 285 671 691 847 655 582 704 979 796 437 559 594 421 102 595 29 807 416 518 207 695 707 268 656 372 806 33 547 42 314 508 327 337 199 527 993 134 231 324 930 20 235 877 441 338 472 823 497 888 693 57 936 400 325 944 772 131 977 319 525 643 828 205 981 379 732 326 865 315 650 796 687 885 673 480 575 497 303 425 738 349 482 674 749 159 618 874 291 947 545 168 591 725 373 924 105 457 602
970 124 252 118 163 489 143 644 417 641 299 842 379 0 676 405 750 835 375 976 478 322 521 999 265 247 372 541 704 182 143 26 658 395 145 822 237 640 818 654 281 469 848 12 470 876 769 572 711 144 548 542 467 421 541 84 668 265 626 724 447 769 751 458 517 248 280 754 888 450 760 522 271 960 886 93 836 656 665 899 800 565 441 619 987 982 704 7 248 330 732 47 451 835 505 968 83 137 74 323 939 186 197 211 498 436 304 334 92
322 586 244 239 27 864 226 362 568 234 962 250 318 9 53 505 867 374 588 356 448 263 296 987 813 859 485 249 515 172 341 189 110 585 429 137 801 7 851 721 593 813 323 911 175 377 416 394 751 356 750 551 972 398 890 785 609 728 34 477 900 727 666 362 664 447 499 466 455 351 539 48 516 863 960 691 240 728 85 343 437 188 894 409 586 785 546 548 865 932 25 765 11 43 127 675 491 978 493 946 681 33 994 198 248 306 241 840 387
327 183 824 867 429 585 453 566 483 353 431 767 378 548 778 422 27 805 913 6 299 211 39 684 205 589 284 864 831 124 251 510 307 427 377 736 364 182 303 199 536 734 966 266 283 744 688 310 549 953 668 200 164 60 236 722 649 520 586 480 644 189 342 951 968 71 40 332 254 343 531 142 429 497 408 64 593 449 727 142 402 747 695 919 807 931 641 457 452 579 289 96 120 632 400 88 703 440 420 309 135 303 803 564 152 212 981 745 13
708 239 415 807 934 686 615 866 679 424 318 258 65 766 730 49 166 818 105 958 590 414 93 245 218 10 397 782 991 494 795 51 734 562 210 20 601 825 886 280 601 556 891 667 675 621 716 841 440 821 152 382 588 245 628 158 255 25 940 598 520 87 1 606 1 212 626 602 37 865 883 991 773 126 658 448 747 726 642 539 900 794 922 488 39 550 646 647 927 938 245 799 377 247 757 378 459 384 981 848 601 216 191 374 342 849 823 441 928
465 981 828 259 255 668 650 157 666 297 436 604 895 588 981 494 345 359 953 81 692 153 682 908 345 57 250 546 232 44 826 49 377 654 660 632 674 310 141 340 960 577 944 855 165 277 349 863 989 654 944 681 159 979 590 504 36 192 403 620 236 229 669 613 236 329 597 910 991 90 251 951 668 547 158 185 825 507 48 814 513 345 495 673 324 437 529 712 982 932 332 570 514 353 536 750 682 133 660 25 224 263 977 244 811 135 781 636 995
182 802 860 527 649 533 851 439 63 563 421 347 247 991 861 600 879 611 634 13 624 659 589 239 988 185 50 476 966 38 823 148 192 683 675 842 217 878 281 632 441 54 979 40 397 841 640 277 804 626 290 780 638 231 20 626 416 70 454 734 461 277 883 653 313 558 495 882 789 128 514 230 182 845 623 580 686 263 209 843 242 851 623 880 82 643 858 850 66 313 584 527 942 467 532 607 378 380 489 167 508 355 749 43 201 372 975 239 988
184 434 230 35 58 110 469 53 968 319 119 633 903 646 576 723 531 183 101 911 25 620 419 380 369 814 933 94 789 525 82 325 959 664 712 17 774 181 71 94 500 190 728 756 189 656 479 720 839 580 983 864 552 754 597 921 569 530 367 710 55 801 36 367 465 748 384 239 282 807 686 782 350 414 538 891 70 17 963 261 949 946 478 501 700 75 775 269 957 142 332 365 296 368 732 761 468 468 353 750 276 39 885 626 453 423 517 875 793
480 136 94 426 614 596 478 41 723 748 351 865 80 716 161 800 800 275 620 268 628 723 544 667 608 522 472 383 391 347 528 871 835 623 649 450 219 128 843 294 228 194 511 660 262 673 460 62 300 432 683 928 155 579 947 763 102 419 499 493 118 27 717 953 650 718 755 221 846 599 515 426 145 27 86 408 52 898 822 352 331 505 632 486 85 579 250 539 350 101 384 468 128 101 773 131 820 529 704 18 480 220 445 977 599 531 737 3 430
560 707 113 417 339 599 854 270 201 393 972 302 130 440 783 231 565 914 403 94 618 422 926 190 219 904 789 102 641 144 884 553 851 997 971 542 597 177 164 798 571 136 453 53 928 236 284 494 150 40 940 120 462 867 311 33 123 452 135 116 949 20 670 800 17 993 695 966 170 859 117 93 348 570 146 276 806 783 122 308 823 63 780 637 930 443 670 405 896 157 521 197 529 191 349 899 536 44 865 707 256 982 800 604 904 299 232 62 82
355 722 905 418 503 894 700 946 916 105 194 73 978 391 603 522 741 502 58 137 719 117 393 54 270 349 958 569 582 21 3 289 95 260 59 598 154 759 897 70 216 91 143 194 835 98 68 928 600 127 65 672 596 811 726 866 512 684 435 94 57 438 735 153 698 794 103 204 553 0 274 121 444 770 668 631 868 736 559 821 215 976 493 812 787 219 678 300 255 466 746 313 256 834 818 307 628 921 511 534 274 138 7 718 908 675 349 128 764
260 301 979 236 794 143 376 365 174 28 621 640 126 286 248 960 104 555 941 377 67 475 651 557 482 721 465 510 70 945 274 682 247 605 271 393 101 647 759 275 27 732 267 153 370 515 466 826 71 407 203 490 234 207 399 68 928 216 578 351 161 204 33 760 162 304 154 263 303 265 538 682 997 157 188 719 672 654 545 95 413 100 937 647 307 336 67 236 552 646 939 66 202 972 826 364 629 980 627 284 245 517 319 594 674 507 313 347 161
858 794 926 959 732 925 266 420 992 854 973 638 793 39 193 118 865 557 99 198 185 735 443 702 54 38 729 561 351 428 74 562 222 0 521 306 925 139 727 918 346 52 908 491 91 101 961 308 11 60 506 196 148 302 250 202 692 331 116 43 759 542 605 334 895 478 640 820 970 719 90 316 771 351 807 214 804 769 523 815 181 381 363 329 35 614 884 727 297 352 771 57 894 728 391 789 559 383 962 529 103 404 845 874 755 652 89 560 773
964 727 307 345 91 636 381 57 872 108 354 224 231 411 471 312 154 260 871 538 574 400 641 979 597 515 734 601 956 646 375 920 726 682 618 817 670 351 874 895 811 580 471 43 992 942 707 498 555 578 36 129 330 29 108 927 897 195 528 853 193 255 774 919 289 744 736 312 95 962 207 906 543 678 301 887 973 8 385 528 938 774 657 268 803 118 547 700 313 76 554 506 683 680 426 973 424 514 285 519 477 492 777 372 522 79 259 495 87
996 375 26 770 33 294 926 503 842 978 816 270 884 674 953 564 100 278 340 615 563 211 444 407 989 816 282 68 75 777 507 423 153 533 546 538 180 472 41 374 450 209 996 687 883 301 603 336 580 944 303 495 155 747 903 496 563 185 564 990 314 424 765 819 957 311 709 489 783 102 863 586 311 859 273 547 161 876 883 741 172 186 588 680 933 491 176 848 28 93 190 695 517 955 514 826 267 576 316 402 678 179 340 990 391 965 537 904 194
772 997 366 958 585 46 243 429 575 443 457 20 633 504 889 588 19 715 207 947 383 610 625 563 950 967 306 916 504 210 462 276 207 828 586 144 227 829 573 154 624 31 174 257 887 63 198 258 130 405 205 514 367 831 429 670 798 735 938 655 297 400 283 856 228 870 0 807 51 574 961 676 957 135 285 844 550 483 103 33 889 308 547 608 491 328 278 290 63 216 945 712 616 580 568 197 450 568 4 854 494 966 882 451 453 167 648 356 651
751 389 892 411 288 500 903 616 779 545 679 347 842 743 964 422 311 161 225 231 165 79 726 483 313 529 937 480 177 645 483 280 34 727 44 322 228 299 290 359 844 321 706 686 64 22 108 375 183 333 958 701 764 36 536 77 566 825 910 95 470 393 728 856 121 124 530 701 423 820 412 267 141 470 305 205 493 413 932 28 99 891 81 215 279 618 645 845 443 555 293 266 300 373 122 773 497 653 474 920 825 238 187 967 709 844 172 554 609
457 582 60 700 16 276 979 634 273 177 429 180 470 695 480 843 170 254 340 175 80 612 0 671 151 967 380 995 492 934 604 949 868 665 649 884 293 980 870 566 157 652 746 627 347 578 822 869 184 514 44 617 126 45 288 277 364 20 624 856 306 229 157 174 894 158 411 539 139 633 105 296 285 203 276 985 781 98 854 966 965 899 583 91 296 223 721 660 243 345 517 549 574 674 75 820 185 838 359 324 472 816 620 757 19 248 742 153 347
949 119 312 848 54 755 496 277 476 156 520 174 673 421 748 700 496 921 885 687 632 561 159 801 533 268 172 782 363 325 481 312 796 145 512 850 900 8 479 729 164 999 903 190 772 3 242 269 276 479 308 909 40 467 62 573 735 234 355 98 560 836 762 356 333 274 559 234 282 38 315 799 390 570 989 162 573 583 783 850 62 91 111 102 910 173 27 998 759 383 448 319 571 211 28 905 485 939 491 120 977 806 919 719 376 260 234 301 843
369 503 257 461 966 359 723 491 386 721 251 121 170 570 45 733 950 950 570 889 793 690 219 951 961 290 327 573 524 980 416 894 484 25 707 802 736 430 294 123 504 545 596 674 467 641 759 418 943 329 659 736 20 230 687 333 873 366 907 397 699 675 643 535 701 702 337 437 133 631 912 989 528 509 15 996 502 774 766 446 103 777 182 123 8 222 457 881 940 716 630 639 391 274 174 92 328 864 530 461 495 442 450 24 303 465 372 806 591
138 252 695 915 786 170 275 360 979 508 301 695 491 292 87 765 467 179 93 683 61 907 178 504 709 554 159 527 278 965 118 768 217 165 36 356 336 311 716 315 172 369 11 663 662 450 780 481 981 225 164 43 484 694 899 194 249 58 73 879 24 543 648 593 709 684 301 45 347 18 712 519 387 75 534 401 525 314 882 507 892 46 550 376 741 801 922 342 859 995 221 235 891 221 181 600 257 482 997 605 500 61 476 240 137 11 641 14 677
876 521 569 922 423 946 15 224 220 709 436 216 931 23 459 504 204 411 762 687 760 367 539 821 195 779 310 558 773 325 236 649 198 157 923 974 103 939 550 324 648 986 892 931 10 703 788 566 114 550 253 874 269 793 47 816 924 358 375 697 35 963 698 233 120 622 207 224 913 758 900 913 96 144 197 458 847 337 25 313 887 278 539 508 71 586 324 348 296 51 45 331 14 96 565 135 70 124 711 983 882 963 248 331 459 797 789 658 134
814 971 373 93 510 233 516 448 910 864 745 961 262 428 976 358 345 463 428 470 174 763 704 489 363 35 948 161 825 606 647 639 577 21 84 439 606 601 239 516 817 984 478 79 765 806 789 110 621 217 580 147 332 285 636 696 672 584 209 497 542 208 489 471 581 925 910 188 526 501 704 696 486 534 127 603 340 917 713 313 486 294 460 819 931 96 867 955 32 428 805 574 636 294 45 570 219 307 758 98 809 462 146 647 997 273 250 689 190
315 3 677 961 463 848 244 912 67 200 944 847 5 871 835 299 268 405 870 576 163 320 737 978 466 736 975 740 986 16 930 653 19 959 615 835 159 859 747 578 59 43 425 64 914 613 715 535 370 586 463 534 906 200 864 725 936 191 465 274 207 747 927 227 707 542 414 218 754 161 149 813 204 926 878 471 539 945 6 910 883 469 796 142 21 660 867 309 851 332 583 58 79 862 637 138 757 403 709 511 564 858 324 121 784 554 944 324 852
302 586 735 123 382 877 144 394 744 453 597 428 388 7 508 602 645 998 359 48 707 222 965 565 899 438 350 805 382 674 657 684 260 745 807 994 622 303 388 719 756 337 147 496 344 655 450 341 654 162 390 713 384 707 279 635 145 629 441 879 655 450 563 267 195 722 261 818 25 1 537 133 338 36 629 682 44 431 24 698 593 766 763 978 825 42 965 322 671 406 201 678 209 116 945 404 838 558 574 863 911 463 996 249 500 977 284 544 408
660 594 354 778 357 684 955 400 649 277 423 408 478 102 617 946 47 21 784 958 596 647 869 59 995 471 559 324 755 455 84 767 49 438 897 407 122 852 159 124 481 582 532 311 36 149 257 436 522 41 394 118 40 263 530 387 734 441 711 841 897 795 960 298 586 857 57 60 61 216 184 542 151 716 853 187 217 462 975 740 503 369 210 895 985 740 282 71 182 993 913 431 141 225 729 79 83 787 139 496 355 324 391 506 392 596 46 610 59
21 702 914 743 912 810 80 653 92 151 187 438 416 970 931 642 51 10 77 838 149 573 546 825 964 52 570 561 450 532 972 824 234 886 567 498 696 999 503 141 150 690 931 919 12 214 561 64 224 990 254 725 915 800 903 880 205 473 793 655 5 765 479 591 3 398 89 52 397 593 193 900 635 476 171 648 690 84 712 266 74 318 991 989 119 894 221 676 719 366 331 724 131 163 315 487 561 757 539 311 350 84 563 985 560 734 633 602 818
697 868 244 368 211 233 839 458 807 515 177 173 846 254 657 9 921 144 923 678 683 586 380 119 501 366 31 235 351 633 405 401 853 1 769 416 586 608 874 393 475 404 919 321 10 576 683 283 720 958 314 755 544 694 226 45 60 257 632 764 890 389 165 95 390 286 511 328 246 738 722 721 494 641 394 856 569 429 139 641 387 453 748 283 500 974 680 912 231 664 676 473 405 193 568 147 831 431 476 77 521 550 150 15 543 897 223 112 326
363 753 66 168 501 701 668 475 734 581 706 750 609 531 156 803 99 303 634 882 131 64 404 681 214 771 224 463 347 336 790 710 441 208 230 942 261 899 417 995 832 475 746 441 6 254 244 457 909 231 692 41 295 448 74 861 571 299 677 918 987 819 980 429 27 211 371 640 462 141 636 294 968 734 735 327 340 332 784 249 563 828 290 210 276 365 423 200 16 100 118 3 919 99 784 298 310 508 939 124 1 927 418 969 13 505 296 353 837
433 602 752 261 245 314 890 962 738 90 330 190 560 685 110 659 470 760 321 978 699 445 979 626 215 300 991 721 597 344 558 382 299 663 995 544 977 237 858 67 327 188 258 240 873 720 251 343 480 573 673 532 370 4 510 938 305 502 659 254 846 569 988 145 232 983 41 210 221 899 277 900 87 887 140 313 607 392 656 440 317 682 972 39 686 482 977 343 336 988 949 183 558 937 680 790 273 722 352 494 973 630 746 61 869 239 374 829 983
382 269 652 416 593 691 103 75 21 798 412 9 100 947 567 37 627 710 310 701 62 156 675 44 255 88 914 494 814 743 477 196 12 129 613 605 172 68 32 193 218 796 555 318 95 474 708 723 184 370 776 247 527 451 291 782 891 205 276 705 300 105 254 664 234 867 269 758 287 654 952 857 802 859 176 898 333 236 973 870 606 749 117 133 553 760 267 444 318 895 150 618 352 404 283 586 623 904 345 262 910 649 119 713 860 647 611 545 883
584 415 842 333 532 327 238 293 595 683 963 842 185 581 195 941 216 133 564 121 830 178 383 831 297 96 691 297 707 237 532 291 652 374 977 537 702 215 182 649 250 145 491 435 78 38 376 295 172 292 768 2 470 151 834 120 248 877 769 307 466 301 951 119 28 928 8 730 495 190 379 98 687 222 533 765 261 262 60 433 906 180 787 729 332 973 201 580 203 970 887 669 623 838 140 651 118 148 733 966 690 464 64 377 687 949 495 300 563
555 85 470 736 224 199 420 198 400 352 401 722 591 422 345 430 563 349 900 711 82 218 754 899 634 131 938 584 626 238 147 534 675 969 622 899 168 42 449 920 746 850 642 337 273 988 119 188 689 20 899 771 590 5 22 225 137 960 809 115 198 308 1 225 278 975 125 798 369 574 719 115 777 713 453 402 53 572 590 742 944 841 866 535 847 888 112 336 849 273 803 399 581 157 625 211 132 750 362 854 676 81 969 453 794 774 207 200 347
797 942 643 991 808 530 838 697 642 526 898 915 329 297 849 486 922 412 971 24 774 825 701 207 146 506 354 921 714 554 620 863 496 615 854 657 146 44 706 140 570 604 408 252 901 257 90 176 21 61 200 796 238 901 355 385 408 709 658 474 263 278 337 112 893 544 769 391 588 827 532 511 431 940 763 684 549 205 860 570 619 413 718 857 666 74 594 426 135 252 900 399 882 590 863 776 134 984 167 74 811 51 585 594 991 700 630 892 906
843 815 877 256 533 86 922 959 681 349 95 285 601 846 168 191 61 296 325 45 815 400 208 867 337 802 210 38 432 103 296 275 270 173 883 155 259 806 115 292 507 562 578 108 760 98 652 821 746 329 218 561 81 426 780 419 580 991 809 364 446 105 640 716 630 875 871 241 681 338 534 540 252 464 1 364 914 653 537 660 982 755 573 64 533 354 835 113 345 644 830 143 101 822 859 731 697 82 324 731 421 858 271 25 674 272 390 588 925
927 600 260 35 174 676 568 528 511 34 225 155 864 368 256 686 579 339 735 13 15 466 786 874 738 812 900 362 202 841 640 481 441 900 516 967 576 437 847 87 823 72 594 687 792 202 725 723 893 460 737 908 279 875 134 17 687 35 379 241 228 371 75 21 271 591 989 199 380 188 638 203 261 232 242 405 786 967 481 679 780 570 588 59 445 74 428 133 461 159 726 689 531 801 711 154 745 52 706 125 240 344 329 853 929 571 611 715 891
92 395 23 662 335 434 107 761 862 592 223 373 671 912 256 472 975 411 217 379 117 343 972 461 24 825 742 595 788 458 838 880 205 861 894 540 295 354 301 157 298 876 883 969 789 139 442 116 902 11 848 19 706 820 833 730 997 575 678 786 33 516 18 590 378 913 482 673 619 136 183 917 12 66 887 153 557 681 622 460 44 470 479 751 290 664 481 639 592 159 777 977 676 796 568 406 61 50 79 680 186 614 949 199 32 188 704 590 869
326 402 914 796 233 17 438 898 498 78 490 10 855 819 38 3 387 444 64 438 875 96 976 842 46 527 874 586 232 816 808 910 218 74 707 804 91 145 702 589 575 544 951 783 363 989 786 103 785 851 893 661 299 221 855 697 749 729 284 333 898 92 243 468 166 950 272 257 448 326 198 375 870 502 158 586 843 945 41 629 148 934 642 447 155 497 145 256 578 781 589 476 225 833 945 743 135 569 352 935 896 902 311 766 404 469 704 248 766
745 877 914 31 871 362 539 368 859 795 298 992 385 775 217 570 72 960 57 641 664 345 889 566 656 656 971 477 712 219 596 810 448 510 841 671 224 380 391 435 528 689 427 913 816 996 835 240 308 244 882 972 589 123 539 597 131 862 427 844 433 23 6 881 885 199 904 110 932 295 545 460 984 325 725 801 673 560 41 982 156 275 306 746 399 197 695 530 59 474 726 492 497 732 725 383 932 629 845 864 924 742 324 909 67 401 62 93 313
455 427 469 731 733 567 482 283 263 364 342 737 91 187 587 175 912 322 107 894 167 323 818 909 999 79 329 400 141 774 713 949 201 183 680 286 102 514 569 717 878 912 807 969 99 394 145 363 716 604 257 235 280 428 496 279 507 177 680 1 951 745 950 152 280 982 439 383 496 8 100 726 272 907 48 723 653 545 439 721 149 696 956 781 124 805 61 984 982 93 985 934 838 287 438 119 621 877 854 469 238 954 195 510 214 243 586 867 140
25 589 642 721 897 423 198 702 484 182 37 577 519 971 768 158 761 887 779 639 93 248 229 47 443 91 261 39 677 129 179 702 70 821 776 967 245 326 22 81 860 59 11 731 382 779 889 143 18 668 134 111 916 363 510 711 455 772 750 484 253 282 539 675 455 315 642 52 993 16 134 853 75 497 584 457 276 473 601 646 493 735 109 409 451 619 120 258 743 223 742 348 857 281 23 312 948 18 365 941 34 851 146 110 348 82 919 976 555
872 622 48 608 731 809 411 350 282 669 446 857 763 794 714 45 818 26 345 188 743 287 574 594 785 684 942 868 956 918 775 828 892 176 788 623 985 199 326 619 220 772 476 984 566 190 381 736 569 726 276 312 365 851 907 151 887 201 19 843 120 794 672 364 970 812 988 308 12 666 927 584 438 756 568 356 298 949 445 867 28 721 532 393 924 439 544 812 640 915 655 112 62 679 829 384 492 817 692 856 835 972 440 273 728 361 981 378 310
778 246 338 852 778 84 776 569 628 588 561 896 244 26 958 275 855 342 767 24 387 975 859 711 416 484 791 777 465 169 439 596 415 130 448 545 214 224 114 194 813 28 90 409 54 400 684 261 95 804 285 482 779 144 193 547 980 984 676 445 505 116 393 921 246 841 818 812 66 285 6 879 313 449 640 719 849 324 980 944 480 617 778 612 113 323 159 93 659 836 890 165 304 284 438 550 125 256 714 191 541 720 422 206 169 62 925 371 739
257 667 571 874 446 183 987 121 695 432 781 883 323 298 187 607 736 89 732 344 803 276 238 875 698 444 45 113 722 768 852 331 435 775 558 233 959 545 355 654 978 488 537 653 786 76 260 874 165 344 570 320 620 808 195 671 605 592 784 679 360 988 10 796 763 568 29 74 466 736 80 796 224 969 449 362 45 61 236 562 405 159 882 378 967 78 49 924 670 185 603 383 525 966 531 640 886 912 67 704 649 147 500 225 117 301 588 514 714
176 429 472 335 311 850 303 741 251 579 764 788 183 147 665 501 678 305 387 942 372 92 591 872 944 817 341 598 405 207 312 581 636 784 917 948 986 572 41 589 151 805 377 686 952 42 187 982 700 927 925 424 19 868 296 963 685 637 913 442 845 226 376 833 362 645 781 701 569 823 290 72 980 668 759 285 62 298 267 114 225 544 539 244 765 187 560 802 177 473 245 374 51 973 207 414 970 341 115 539 164 757 611 496 777 722 781 840 21
401 306 246 945 845 843 62 385 755 865 562 580 110 936 632 435 143 398 405 484 865 944 0 622 907 497 400 630 630 592 651 31 898 249 329 96 444 391 481 199 256 43 780 718 979 764 153 474 162 910 311 27 206 311 1 114 160 401 744 143 993 747 174 244 996 503 340 793 247 821 992 855 216 124 574 547 888 79 21 402 990 332 781 196 996 783 662 508 184 406 651 530 153 178 126 502 33 466 295 280 639 639 136 855 764 62 402 4 493
775 407 835 460 188 32 456 971 46 316 508 453 320 390 958 498 868 812 531 334 459 164 325 99 300 180 215 714 934 219 207 709 978 43 169 167 427 977 490 473 294 350 278 614 92 589 112 960 401 995 646 861 159 971 312 811 503 527 525 437 98 85 147 77 480 668 596 907 646 438 732 292 141 11 906 585 952 370 898 353 365 544 566 877 868 878 688 371 757 566 809 856 3 308 285 483 976 233 742 622 23 474 266 164 837 172 102 789 894
0 495 612 544 61 489 412 292 529 784 49 447 945 257 450 253 894 933 581 127 675 556 151 502 822 667 691 995 769 833 241 769 328 853 666 741 694 78 33 224 214 435 671 159 44 122 764 939 407 346 66 435 902 569 289 724 237 332 71 358 165 313 128 845 518 794 587 213 224 972 789 439 759 812 950 804 934 715 743 694 413 161 481 315 83 770 391 672 102 463 30 620 128 510 465 998 304 404 211 881 729 352 320 488 165 622 292 451 689
387 145 102 901 978 417 336 748 161 8 203 624 38 823 104 901 640 102 557 45 666 438 126 18 110 614 183 733 259 635 422 998 132 877 899 111 294 235 211 455 595 414 431 986 589 887 887 582 990 444 979 8 883 105 26 345 719 562 430 330 549 853 329 681 730 580 144 376 168 356 184 763 122 967 101 64 855 988 646 845 785 625 853 20 730 231 365 801 793 796 132 342 1 813 376 83 393 872 459 913 228 995 29 703 963 130 119 818 119
765 15 904 742 868 276 824 451 641 625 597 789 109 939 790 274 667 873 668 540 685 933 120 680 962 823 643 93 942 813 212 59 828 468 153 48 744 977 500 737 955 97 527 416 388 317 691 56 543 711 948 228 644 68 908 607 244 904 700 538 717 264 950 546 84 103 594 180 433 446 917 740 543 444 156 932 114 199 340 657 910 640 237 907 708 497 514 304 401 566 843 471 182 145 369 618 248 315 798 33 762 715 773 305 512 930 589 978 129
281 635 392 921 872 299 982 369 165 286 123 83 481 946 265 626 315 235 227 630 33 260 744 100 34 402 964 316 343 942 445 625 577 189 898 801 488 880 523 5 519 998 88 0 944 705 627 611 940 206 593 973 466 338 426 500 740 390 816 83 333 614 60 262 155 959 416 996 191 939 1 710 289 442 63 585 147 690 196 440 248 789 765 714 479 191 567 571 582 735 7 267 701 67 529 857 378 297 853 922 588 206 632 877 648 695 462 148 737
10 940 985 800 705 52 631 249 619 203 183 354 210 450 56 629 331 265 8 629 470 930 569 676 914 447 677 610 261 177 699 272 117 37 424 174 89 55 423 708 258 606 414 820 408 822 450 92 87 458 73 557 740 642 586 654 89 615 616 703 792 668 975 261 705 399 435 794 806 211 854 417 169 268 237 578 443 39 22 530 497 95 440 589 737 26 596 179 641 212 882 785 880 857 46 585 608 833 731 766 396 937 183 566 206 773 496 1 812
518 531 662 965 971 251 702 349 847 233 342 412 115 127 644 324 525 582 284 711 313 51 459 251 586 25 809 359 873 810 172 743 693 834 708 17 437 763 718 285 996 61 49 464 540 693 140 418 627 425 481 941 828 940 544 414 966 705 126 191 867 298 935 912 484 995 929 921 758 648 558 107 61 607 571 601 653 711 371 280 488 852 573 668 793 469 435 111 174 561 302 393 211 589 306 695 585 587 616 695 235 527 802 648 134 725 250 139 789
973 772 277 826 345 298 619 815 733 730 341 646 32 87 857 974 393 904 559 980 520 254 568 47 409 568 534 134 170 25 923 144 797 553 970 143 851 589 310 936 671 3 582 703 90 791 29 835 695 588 168 567 195 88 967 604 656 853 90 827 878 14 971 28 567 293 523 770 882 833 706 553 188 640 608 631 431 638 466 478 578 986 45 125 74 12 81 83 865 172 262 96 186 585 124 105 878 647 875 112 832 581 17 20 573 625 651 4 615
470 482 546 456 527 23 883 892 105 318 109 629 580 205 167 165 329 272 395 328 147 507 160 80 524 533 653 501 184 9 469 6 491 367 463 370 390 698 614 847 16 724 828 596 281 995 113 963 267 508 291 766 15 452 198 891 337 203 392 521 212 213 528 55 580 343 778 323 393 392 170 409 468 999 357 750 346 822 713 966 330 356 732 697 160 283 940 497 486 332 371 699 898 251 106 478 594 884 153 339 629 676 748 97 27 457 199 373 279
264 339 961 621 424 10 781 707 950 631 545 634 2 596 532 253 703 363 199 587 516 538 568 544 638 666 571 95 865 297 726 482 636 39 103 412 49 236 471 999 867 369 985 221 965 518 474 668 233 673 608 101 211 176 646 201 194 569 648 412 866 374 894 855 765 997 267 166 585 91 517 453 460 503 674 425 21 501 446 606 174 406 707 738 582 353 939 777 923 588 189 141 314 435 996 80 432 616 246 17 707 764 822 519 619 849 944 992 350
742 598 876 148 305 614 83 11 906 212 286 494 753 427 160 188 424 592 620 40 191 989 99 307 812 618 926 13 914 918 363 657 516 239 157 173 854 240 536 112 452 822 606 205 602 118 393 378 711 365 418 902 707 869 209 871 487 135 884 401 53 247 410 921 838 568 94 44 808 983 156 613 805 762 170 407 881 916 785 944 633 555 846 340 424 55 211 263 190 95 17 595 694 427 868 533 995 962 577 156 297 734 121 103 848 291 862 81 207
0 25 841 907 871 533 684 926 745 947 468 840 964 415 887 744 283 420 91 598 997 599 895 731 720 350 932 364 565 13 923 565 39 116 824 262 650 508 189 395 808 9 587 124 777 474 220 60 246 312 10 244 911 906 327 632 256 259 996 821 625 919 738 664 36 563 926 38 423 467 433 583 829 372 708 606 199 928 18 445 592 29 41 504 935 369 488 543 980 484 717 605 755 455 621 143 370 900 181 794 367 966 729 548 691 789 154 890 718
525 687 310 554 729 166 841 450 654 384 430 490 101 388 246 909 361 741 279 261 923 425 981 241 507 529 932 296 36 822 14 561 510 677 467 591 195 308 41 850 44 823 340 498 563 938 407 925 680 38 186 955 816 519 196 323 49 129 619 437 303 986 998 165 15 465 756 210 125 149 412 169 973 105 667 888 43 74 813 723 465 352 30 281 871 227 956 272 708 927 709 363 265 59 529 280 524 637 843 1 787 607 171 112 712 190 0 756 617
166 831 82 870 862 715 741 441 23 366 149 950 75 864 216 135 393 848 11 383 691 13 522 299 536 634 11 726 986 119 343 504 951 777 374 165 492 116 606 515 482 107 818 909 971 34 44 717 882 408 100 926 421 974 577 309 608 940 35 946 60 731 451 363 508 825 880 353 293 486 868 127 945 38 37 268 72 433 985 307 841 437 585 614 411 162 923 371 102 311 318 514 42 121 877 550 298 109 903 592 947 124 719 892 162 108 161 587 894
498 246 735 288 831 702 699 993 625 423 447 288 93 962 330 214 191 233 512 301 488 456 600 964 528 493 479 988 6 66 882 856 664 618 144 495 320 196 840 297 619 287 586 712 601 268 278 145 501 790 798 342 599 398 306 127 243 785 115 249 203 998 458 867 968 602 714 640 798 554 289 769 194 875 481 795 496 759 292 997 902 90 339 853 489 998 980 732 783 447 334 987 797 792 206 117 746 921 757 897 827 399 666 21 274 148 169 770 259
813 120 161 904 811 14 745 809 346 829 945 146 515 284 295 659 490 413 406 763 522 303 943 921 969 316 548 469 837 670 729 651 142 242 555 954 609 652 115 955 833 60 453 349 344 749 8 187 514 414 302 388 69 245 310 391 914 210 860 751 880 941 402 375 184 309 329 145 313 796 452 147 209 906 496 553 7 856 92 873 271 747 261 692 344 923 83 258 133 296 10 366 237 764 741 773 426 70 270 739 218 723 886 427 629 382 333 988 239
425 861 862 524 122 906 869 46 342 127 531 638 489 897 227 606 638 353 32 60 623 771 279 346 658 706 327 392 391 667 983 169 880 197 693 3 104 562 401 446 42 932 436 883 182 15 489 820 368 521 881 344 293 512 42 303 570 722 695 962 389 31 131 270 228 824 625 684 739 378 130 781 662 918 664 844 934 506 17 654 27 250 998 672 762 393 975 684 115 23 646 856 406 129 478 634 306 103 319 45 833 801 178 496 72 194 692 6 700
709 12 728 959 363 752 721 756 728 406 223 103 404 79 509 534 558 495 840 13 814 237 199 968 415 695 40 609 387 398 310 97 410 390 56 773 142 130 881 222 888 104 677 292 184 538 178 94 34 370 459 200 607 658 168 374 705 560 336 445 958 998 894 721 740 302 846 882 432 728 457 672 832 486 317 368 25 495 814 59 218 274 259 825 284 780 552 342 340 888 787 651 238 681 372 978 335 218 212 768 298 669 792 131 156 109 851 181 605
666 592 823 292 851 0 928 983 904 270 324 144 409 327 382 442 699 360 778 269 573 898 568 594 690 51 102 800 902 635 757 920 227 932 212 431 284 141 414 541 763 90 685 173 417 420 615 468 780 745 738 705 643 658 652 686 61 754 486 963 742 595 884 321 879 448 752 515 589 519 56 705 609 94 878 379 514 845 847 646 591 937 704 234 595 356 920 8 462 758 324 204 705 208 526 936 8 630 452 950 149 860 655 111 954 533 490 468 730
689 115 321 627 171 556 574 527 828 583 989 939 907 546 644 467 72 581 475 702 385 425 204 245 432 667 200 965 157 20 696 846 487 369 825 658 277 400 185 106 983 527 397 242 73 41 709 497 974 536 551 359 314 107 957 746 774 157 64 931 177 112 130 17 481 955 675 759 707 213 217 42 740 614 284 165 7 345 662 982 882 565 693 548 673 650 294 447 159 358 731 689 470 213 706 304 520 733 63 228 946 280 270 38 894 907 203 901 604
217 235 838 783 281 386 808 283 681 607 795 391 338 484 214 551 542 518 424 275 933 652 574 213 274 612 459 533 816 712 138 385 300 976 520 581 715 328 864 396 936 659 139 626 495 705 530 389 575 954 17 508 606 591 73 232 203 884 766 371 597 256 109 249 232 629 830 947 958 46 695 246 58 187 872 905 892 402 295 820 356 312 328 314 255 754 899 810 638 665 534 587 273 643 836 505 272 18 805 582 65 852 828 123 39 53 380 284 807
675 104 516 339 784 830 594 890 81 405 529 98 939 468 371 934 657 229 206 675 34 141 92 886 321 567 278 374 948 914 534 623 370 50 315 506 232 909 397 314 666 278 412 957 746 784 891 755 13 450 431 399 591 523 637 264 91 915 639 39 181 173 14 551 575 329 410 807 591 807 121 257 85 886 567 183 670 810 939 35 260 722 434 203 245 71 468 688 339 459 79 520 984 94 424 559 775 834 718 366 641 840 976 78 726 895 613 748 705
552 783 318 626 217 521 872 640 341 912 979 152 992 852 136 438 276 47 213 462 766 932 455 958 260 533 36 155 146 784 860 51 919 530 29 488 404 901 128 745 166 108 250 158 960 386 596 588 786 161 50 552 93 505 510 705 390 546 860 888 682 73 291 601 603 321 89 7 574 569 105 740 677 355 898 989 93 846 929 879 360 979 783 805 836 645 511 226 543 371 467 225 444 758 178 400 79 267 759 654 837 216 394 866 923 645 208 17 843
137 248 203 469 384 9 657 29 520 236 573 891 703 150 688 461 329 440 893 948 199 547 137 416 293 356 339 938 564 708 782 53 309 985 874 693 994 532 722 866 120 647 110 823 798 798 636 479 590 529 427 789 428 565 557 722 921 249 660 837 957 794 890 266 132 117 311 478 1 34 345 121 33 455 296 183 605 284 662 195 814 90 336 594 655 894 316 928 495 329 765 452 475 7 71 607 124 382 86 125 768 783 598 802 238 894 985 195 179
648 742 345 90 430 291 97 676 608 25 171 289 142 624 764 149 47 724 626 429 810 103 198 593 702 352 183 948 689 730 479 689 472 176 779 254 468 876 931 428 253 102 69 395 78 833 545 125 909 523 555 719 626 105 664 680 809 199 981 498 281 812 540 753 989 319 360 809 548 291 237 801 393 306 197 472 491 94 949 401 617 504 472 595 961 489 628 770 688 609 621 970 421 161 75 762 832 435 571 380 78 160 182 824 466 731 648 310 177
597 63 794 454 535 741 415 376 369 538 417 330 511 739 752 24 814 514 856 602 86 589 32 598 123 856 417 854 504 727 31 102 142 177 556 677 270 323 54 640 213 471 970 724 210 74 748 376 589 605 330 27 546 363 625 669 571 42 523 76 121 906 530 263 83 86 293 705 761 699 345 975 522 668 699 84 94 800 812 683 757 495 62 303 210 40 972 781 434 847 857 908 753 739 171 188 825 816 893 939 515 591 914 389 611 965 473 705 765
638 389 874 133 803 177 343 195 149 124 630 996 334 538 101 73 61 289 251 230 535 190 97 126 456 487 737 773 312 442 891 950 183 765 83 339 943 426 534 444 903 164 793 589 54 894 14 468 536 265 698 71 807 795 197 615 634 286 389 947 728 280 897 264 397 333 603 692 759 489 489 14 6 282 603 60 528 618 880 64 235 930 487 395 726 684 10 712 322 751 659 403 383 909 667 781 242 622 825 353 111 314 368 117 596 323 530 477 293
410 893 529 341 381 276 419 417 638 131 740 390 143 143 773 52 162 906 294 784 84 647 895 398 367 365 347 691 895 824 336 657 69 217 350 450 493 769 868 132 253 608 874 748 103 999 800 265 258 446 49 342 445 296 740 813 13 87 856 908 263 544 918 333 762 268 135 255 38 3 739 643 963 613 391 66 965 543 331 223 989 732 565 786 381 657 599 394 97 807 655 360 352 573 45 466 841 181 73 231 536 813 874 500 778 617 918 743 512
250 318 501 334 883 640 715 893 591 462 990 399 117 350 103 690 748 569 531 281 642 763 817 807 989 669 938 959 588 33 471 190 352 325 524 587 965 592 480 556 54 470 307 171 173 410 213 273 331 744 554 326 859 723 133 849 393 423 160 981 457 631 523 809 308 47 396 273 991 229 182 397 699 489 920 872 252 133 145 935 878 51 261 89 775 747 290 168 170 450 501 627 434 24 788 742 423 537 16 415 766 198 164 817 39 85 42 291 218
539 227 448 591 840 538 366 587 828 886 110 631 739 737 65 763 878 807 538 415 823 305 533 373 470 350 413 555 392 704 125 932 283 574 523 124 464 241 711 644 479 821 275 218 911 340 333 141 148 223 556 323 529 441 697 351 791 110 258 184 166 383 116 450 309 991 926 773 232 637 418 63 811 693 281 74 34 966 567 534 189 475 857 718 916 554 421 707 16 679 891 535 63 359 985 724 350 263 498 934 900 268 997 63 313 630 489 699 596
56 233 138 531 91 208 447 997 630 507 366 309 750 901 372 110 238 97 460 501 947 747 753 567 744 169 880 375 658 932 323 67 165 461 950 608 670 750 958 300 257 324 961 7 225 686 469 815 135 282 316 82 29 69 1 125 590 881 852 249 813 176 668 331 989 970 939 659 720 249 311 329 573 273 689 150 959 510 965 446 792 633 528 173 55 529 299 645 762 151 246 928 327 914 259 669 885 550 328 957 800 992 639 725 617 328 876 928 190
193 374 983 827 254 156 882 783 455 527 897 959 774 825 638 40 436 307 277 339 988 235 139 980 226 216 597 906 92 877 96 638 251 79 465 505 588 699 640 395 226 537 354 352 715 993 393 503 652 670 842 640 257 981 972 483 198 569 389 642 798 486 280 49 917 97 554 505 796 546 901 375 84 607 727 151 600 472 654 605 495 497 245 752 830 218 588 380 139 329 375 938 167 7 987 85 105 894 942 253 440 195 628 876 803 356 379 755 180
34 360 675 883 958 428 65 528 368 798 667 697 173 957 217 532 297 654 637 191 596 891 983 144 871 212 947 579 591 54 760 977 415 435 860 725 215 278 253 583 76 920 633 601 230 202 133 527 856 123 70 804 366 53 948 237 617 247 817 209 302 929 186 69 364 399 794 580 677 47 515 105 319 500 706 549 702 191 428 910 314 498 715 680 904 15 270 521 263 87 82 917 16 621 986 732 372 132 664 401 531 180 506 202 32 564 104 735 755
532 997 70 383 712 750 287 728 372 160 343 459 243 260 827 216 598 912 588 82 576 989 965 108 495 167 141 59 271 228 166 156 225 236 539 290 339 826 370 711 338 713 523 581 325 702 797 275 614 385 357 191 726 674 651 221 841 792 632 465 372 799 621 950 387 512 240 726 338 610 790 676 675 313 610 352 15 759 979 630 497 688 173 223 362 824 797 203 969 429 668 341 580 641 643 968 153 883 694 843 845 484 872 872 149 482 576 165 593
555 147 90 243 320 314 605 144 111 809 113 892 829 807 473 471 450 441 624 686 487 820 883 324 692 108 825 174 684 990 767 240 489 210 483 809 524 89 306 987 250 771 879 79 930 352 550 733 145 527 419 985 347 654 661 391 762 486 565 447 829 684 687 318 246 522 480 770 611 786 757 213 909 989 293 840 341 195 573 839 74 344 176 773 998 837 164 761 675 81 560 504 118 599 175 364 121 655 135 85 441 244 298 702 233 943 542 927 139
115 118 213 811 294 339 810 483 503 923 158 585 835 663 703 434 838 67 907 845 554 992 638 151 643 340 736 586 883 15 725 350 133 291 162 427 630 324 262 485 247 421 70 434 436 125 868 626 545 775 471 451 120 109 602 763 449 691 701 684 706 427 35 840 70 549 619 52 873 882 537 472 655 960 906 91 85 126 69 982 253 892 434 373 1 388 136 802 79 190 487 786 617 874 978 39 775 949 443 0 183 980 472 838 292 730 281 730 208
350 712 461 242 146 835 595 535 323 398 614 513 237 752 482 463 730 873 238 32 316 238 215 649 62 54 293 144 687 23 352 38 736 813 632 882 0 580 769 676 330 736 541 567 488 24 30 571 249 620 603 918 858 818 567 920 224 860 64 912 884 768 302 972 581 286 854 934 866 976 610 548 712 503 115 552 527 497 123 129 469 78 47 327 249 966 247 473 178 663 385 62 431 39 386 365 326 241 299 544 217 261 93 281 764 560 833 644 410
957 773 879 387 172 207 636 138 806 462 316 470 199 731 901 239 117 266 917 710 917 461 279 530 906 560 295 467 394 291 229 703 64 108 442 236 667 79 726 474 541 42 296 740 773 197 331 891 816 248 601 85 710 233 616 968 793 263 435 539 554 664 242 970 125 37 558 792 116 284 618 9 326 914 749 452 464 433 343 632 681 296 717 743 529 685 712 675 948 499 214 502 516 809 472 641 846 382 785 314 666 404 323 993 670 424 445 134 857
140 118 539 788 188 634 670 873 346 345 822 198 911 676 714 72 501 707 270 883 492 584 550 248 907 895 271 684 692 405 893 832 876 432 972 64 419 642 937 765 339 111 963 603 788 29 675 641 736 946 524 581 882 426 829 142 321 100 826 365 858 719 197 734 504 522 150 923 516 87 40 208 199 356 811 339 385 838 980 474 136 504 55 19 283 236 513 604 689 339 970 899 410 519 985 266 393 135 541 910 222 934 118 773 290 281 112 27 119
444 501 608 301 908 979 584 145 492 540 186 183 862 85 945 382 70 212 127 557 105 37 779 39 507 905 681 788 369 709 260 814 562 220 115 471 199 51 968 691 591 154 226 454 591 171 188 661 735 315 218 841 705 349 232 212 606 914 353 976 623 965 142 537 185 609 360 384 660 328 427 251 834 5 57 425 176 245 438 912 913 8 105 618 358 337 182 316 251 535 292 226 500 786 116 37 395 476 773 407 805 552 11 639 557 68 417 734 666
855 998 579 864 455 549 574 792 731 890 396 619 535 974 471 321 90 861 69 567 634 476 724 187 487 715 744 556 132 830 574 340 180 505 556 635 54 130 780 137 372 528 108 907 502 580 581 945 441 650 512 427 126 588 614 966 303 711 522 788 893 448 480 74 953 36 709 7 518 841 496 242 369 605 150 872 537 83 817 978 733 681 405 211 621 372 177 276 435 51 416 328 499 896 402 452 284 464 811 802 305 308 45 675 913 547 899 450 982
68 780 715 101 537 278 722 261 808 998 696 859 415 25 711 663 427 163 948 243 327 102 549 635 499 576 900 46 475 702 28 543 834 95 644 371 726 718 985 534 68 681 393 835 706 104 499 486 620 447 81 947 549 630 934 49 206 186 447 33 888 828 576 722 923 572 445 649 642 430 183 711 112 929 546 170 385 45 8 357 844 90 656 746 72 590 795 279 776 594 664 16 422 241 90 698 165 536 699 160 966 235 871 430 164 769 953 901 167
961 259 11 403 915 757 476 858 904 107 986 499 771 3 273 364 93 971 882 981 671 42 948 258 913 730 774 34 683 675 201 997 934 213 400 202 322 228 60 227 335 46 78 459 401 351 823 847 675 705 828 698 747 128 956 12 859 730 47 542 757 600 891 692 165 292 246 488 520 306 67 208 704 497 667 458 848 490 305 875 548 133 573 295 614 881 660 473 611 59 367 369 659 259 413 177 903 11 665 423 317 84 631 373 581 650 831 781 141
488 657 689 974 582 336 588 464 348 61 427 759 780 148 419 39 561 948 942 924 613 718 241 49 701 967 630 352 150 763 845 639 772 886 613 355 574 201 171 923 614 598 682 394 747 453 786 660 401 728 585 366 446 178 415 148 497 397 852 648 513 697 639 285 583 604 640 157 157 811 432 771 762 115 517 861 920 303 521 674 32 458 40 830 989 808 330 486 557 534 486 70 231 125 708 166 81 700 324 238 864 108 361 626 575 879 487 496 182
360 170 566 171 562 749 160 370 79 646 280 614 485 702 197 610 410 364 44 111 40 282 975 148 644 953 724 875 440 572 57 152 742 976 323 656 725 483 27 156 482 659 122 967 361 320 929 772 36 973 235 76 608 562 576 252 515 652 127 307 224 536 459 318 512 783 975 589 618 2 746 100 13 220 419 374 540 349 498 928 674 733 4 282 647 933 886 162 585 365 469 810 902 281 128 766 416 103 708 34 457 806 487 822 26 906 197 919 607
695 847 282 781 204 916 428 137 803 943 722 168 764 884 422 45 365 541 461 820 601 848 630 407 687 452 785 593 649 704 553 697 904 835 830 108 103 610 597 906 905 671 427 670 556 201 715 273 742 529 93 695 729 723 102 416 528 888 361 529 944 914 226 848 101 408 308 205 371 905 463 276 577 890 946 485 444 14 758 186 895 203 882 624 927 336 392 455 576 753 984 521 20 563 721 473 323 30 30 694 935 494 971 864 736 269 701 180 635
459 719 530 663 953 506 942 641 898 749 218 4 85 739 376 0 812 849 324 842 232 370 130 726 693 994 814 963 696 347 598 507 66 481 522 371 987 816 12 238 917 582 594 3 673 322 3 486 523 679 328 755 50 458 833 95 805 648 410 853 347 361 712 765 842 235 136 181 403 500 771 321 83 717 324 756 39 679 242 563 711 571 670 113 381 504 208 186 504 619 391 851 980 104 616 822 691 104 355 94 604 127 767 39 844 443 796 236 123
38 151 834 961 821 947 695 677 507 233 181 126 625 384 106 81 352 280 772 808 988 218 413 115 338 452 311 781 600 547 904 991 698 90 304 872 389 999 549 897 585 83 375 210 819 834 643 524 466 767 332 454 337 97 921 675 550 233 457 502 132 713 493 183 156 798 55 897 149 956 794 734 391 522 296 211 356 939 735 822 58 419 629 396 517 550 71 419 783 528 921 268 594 767 451 750 565 858 647 66 166 794 153 558 316 449 121 24 741
208 198 799 627 827 195 144 378 267 563 513 147 837 133 741 604 936 491 521 794 491 587 313 285 740 871 953 542 344 329 283 552 527 434 531 355 630 28 85 249 943 950 396 780 84 490 384 20 333 257 167 824 845 480 461 937 703 766 831 47 95 466 951 623 901 834 330 531 862 767 132 806 717 880 938 153 370 323 526 56 932 693 880 129 525 694 67 228 460 250 627 908 717 578 883 618 412 213 501 627 332 633 433 401 513 371 555 236 46
433 292 331 478 524 460 3 218 879 583 31 130 210 291 847 140 174 465 552 739 318 531 71 951 316 824 816 40 379 52 438 164 344 769 642 869 230 645 439 109 228 822 239 438 113 438 930 639 903 835 378 573 366 801 876 683 626 693 723 357 97 161 522 794 931 164 663 161 162 454 622 390 629 862 181 742 300 111 734 556 946 112 481 665 914 358 348 892 51 71 249 148 584 771 942 867 936 957 380 98 764 3 840 393 217 373 487 517 485
573 425 783 686 907 448 952 265 148 844 668 219 445 168 156 217 463 23 505 772 404 955 888 759 147 633 976 521 121 845 358 46 623 141 732 530 942 36 147 90 232 167 662 678 335 818 895 150 193 752 923 949 707 811 708 854 445 36 727 918 98891 85 964 857 579 49 739 521 437 886 611 670 405 625 348 92 795 243 243 989 995 518 290 54 681 351 260 126 387 988 396 621 73 713 478 652 114 217 525 551 455 489 221 860 114 569 953 910 164
548 251 511 66 541 565 747 244 178 226 632 166 974 605 239 39 84 244 153 653 769 57 461 258 278 321 373 200 626 635 364 526 886 228 592 779 145 692 24 323 270 8 489 244 613 81 636 49 325 141 55 446 198 516 705 829 189 430 29 816 417 745 342 655 973 287 434 119 331 810 442 601 170 284 197 136 365 833 185 42 975 240 488 525 108 545 354 298 327 383 114 744 481 808 399 454 447 186 925 778 348 720 731 519 4 929 7 721 114
192 763 441 785 603 967 893 501 321 191 828 57 657 925 538 818 676 344 617 862 270 396 563 990 127 434 346 408 441 67 523 985 830 964 770 785 931 16 286 605 559 115 14 569 392 552 739 68 248 356 283 518 752 846 860 232 632 558 640 73 625 163 410 807 480 181 593 763 549 231 368 460 698 382 29 90 286 768 159 535 125 442 405 229 640 618 461 272 176 454 697 154 969 107 961 449 640 906 213 541 138 581 2 188 316 31 279 954 800
790 489 277 232 247 506 224 217 320 496 393 126 545 899 95 4 213 545 645 119 758 186 609 691 540 798 7 572 429 962 724 219 803 353 451 402 211 27 619 531 875 365 657 420 264 753 424 477 650 421 949 408 960 910 451 500 708 811 424 137 125 148 708 928 501 159 683 713 538 302 596 413 19 606 833 284 711 610 113 361 383 414 121 343 325 572 196 33 383 620 523 508 121 231 789 622 743 824 687 281 126 636 47 498 242 232 782 305 842
247 666 578 662 787 921 987 711 469 372 447 90 247 307 563 831 96 537 926 272 225 559 751 213 606 249 455 839 31 760 33 630 778 611 292 917 885 631 628 354 4 75 796 251 383 359 434 831 897 360 104 474 920 855 687 878 104 494 717 487 606 751 117 384 714 762 301 599 393 281 954 749 357 102 1 92 814 787 923 711 148 27 537 420 234 576 650 690 70 368 177 676 471 647 412 185 761 65 137 154 346 443 904 703 545 257 795 711 396
71 774 896 450 311 316 685 887 319 727 957 687 905 985 510 904 749 47 17 814 536 171 161 979 427 216 877 36 364 588 433 435 363 329 237 674 998 922 914 317 650 223 356 907 209 218 163 310 617 180 125 154 703 638 133 483 854 362 871 570 951 656 357 666 986 595 692 336 869 606 5 871 830 713 130 391 283 645 701 900 177 826 54 881 816 540 716 671 902 587 593 205 244 951 871 582 546 916 270 767 522 627 639 704 340 769 95 623 415
149 875 592 327 930 825 144 822 893 815 76 481 760 282 77 711 505 11 609 421 633 377 296 260 368 0 952 137 448 575 904 597 450 849 924 732 26 68 554 920 235 631 753 996 265 182 59 770 545 669 544 178 46 840 438 414 840 390 903 640 317 160 237 119 361 162 852 387 582 758 659 818 741 764 166 6 946 225 129 491 894 25 669 292 865 459 58 57 849 314 698 518 474 287 638 187 449 490 574 384 248 586 554 990 350 720 348 649 297
477 492 544 502 162 836 719 973 247 129 823 561 179 341 387 466 331 574 916 821 500 652 422 438 206 764 789 926 112 438 575 942 282 119 796 444 308 868 770 555 997 945 468 176 286 207 642 970 133 910 791 633 562 565 424 768 329 213 46 794 3 622 88 285 741 236 82 401 104 852 308 101 797 776 629 435 335 272 405 468 182 549 454 97 466 878 217 148 443 264 942 798 886 382 83 979 618 517 381 723 721 689 176 518 818 806 306 505 78
63 974 612 964 780 61 431 10 279 579 453 543 873 251 781 255 686 112 225 556 845 948 277 535 477 148 705 283 454 210 713 869 536 325 834 316 739 265 678 18 844 483 561 69 734 694 324 773 806 549 329 652 850 606 539 327 754 596 962 560 806 675 782 695 352 616 363 91 233 42 109 429 525 22 498 612 716 174 385 875 75 66 527 925 24 418 604 131 14 566 691 172 241 825 867 946 441 231 37 674 625 147 455 150 521 953 762 238 127
499 465 203 565 344 480 590 762 437 721 128 3 764 300 597 590 520 543 383 751 932 410 376 431 865 878 953 171 641 543 298 492 8 853 58 352 686 0 466 123 73 594 126 837 246 75 779 766 970 163 869 903 925 245 334 790 476 639 961 117 182 612 609 542 817 19 894 503 19 712 626 92 658 105 282 905 180 61 23 151 576 893 406 501 490 92 644 966 732 605 435 914 569 397 457 387 768 703 890 788 768 517 232 426 622 866 683 154 280
59 657 856 952 63 710 794 508 354 113 240 959 900 506 881 297 963 268 66 19 510 206 787 379 790 565 353 9 249 508 289 308 165 145 612 581 207 758 89 561 871 681 873 772 187 754 421 151 374 839 522 884 397 661 264 188 226 969 197 827 477 486 487 995 983 451 928 191 210 369 104 433 50 977 557 237 731 331 740 457 170 262 342 568 275 958 108 502 927 305 681 757 143 169 104 478 620 384 21 182 753 126 968 803 103 525 392 187 856
133 996 379 747 338 947 375 648 55 877 928 712 910 37 855 79 493 685 52 877 707 586 630 185 554 785 640 432 177 179 288 662 176 19 762 866 966 137 515 373 366 795 85 276 832 292 708 325 330 760 554 389 346 184 574 253 321 214 685 850 746 325 865 922 345 627 788 663 116 655 37 482 450 474 110 634 119 818 311 449 930 865 838 629 401 764 882 722 330 567 925 76 244 790 998 589 417 139 253 885 794 642 367 597 468 829 583 587 648
247 388 578 464 226 207 866 342 89 940 673 8 865 749 253 655 100 194 424 239 799 309 385 793 28 334 262 858 918 849 506 165 238 436 629 816 644 847 159 85 140 832 446 5 933 699 13 33 245 437 624 45 747 10 838 127 696 452 985 614 302 843 131 892 280 113 60 924 312 571 361 452 403 807 458 689 858 471 74 104 260 699 501 359 61 691 487 757 144 472 724 798 316 207 690 596 320 102 872 985 674 585 437 429 393 247 118 251 70
193 707 331 244 560 690 305 252 177 62 748 2 138 546 318 346 588 266 18 690 490 3 716 75 441 146 468 688 616 72 759 809 131 442 53 44 132 710 296 662 125 396 664 263 942 334 961 882 952 980 572 442 983 289 869 776 787 690 817 403 762 928 565 245 370 618 289 854 681 937 868 806 333 884 69 627 218 31 509 522 363 434 316 698 75 186 827 862 876 644 265 990 924 182 587 294 801 877 500 834 166 369 640 852 253 61 479 824 444
341 346 807 127 663 858 202 201 685 64 77 329 681 419 605 864 6 899 17 235 751 203 402 120 843 606 374 256 437 550 701 778 896 860 257 911 718 459 112 755 875 541 436 909 312 41 125 319 940 494 554 44 697 308 164 540 266 890 796 704 440 849 834 689 710 92 952 780 551 417 536 779 958 972 688 271 14 165 942 306 659 848 350 356 509 867 248 775 757 396 479 550 246 666 591 308 758 543 88 661 960 976 440 271 949 480 894 315 645
836 973 304 36 324 12 545 543 260 321 652 657 800 202 255 466 145 563 576 689 3 238 1 980 30 272 281 863 518 596 860 354 569 517 743 245 529 288 788 790 609 441 799 762 995 54 580 141 617 157 830 972 747 183 952 129 456 233 344 326 181 205 33 103 722 776 700 251 64 489 393 674 282 192 788 629 598 368 770 567 877 952 540 976 136 844 458 944 430 802 270 611 7 303 66 729 79 767 333 496 608 726 522 242 271 310 871 221 30
642 789 260 946 681 236 82 525 694 378 955 497 649 919 856 304 337 586 736 104 271 232 64 349 754 306 972 64 178 194 446 172 335 706 118 368 943 553 893 989 931 201 838 932 472 695 589 809 633 325 266 904 557 330 253 311 989 226 727 167 772 173 691 107 880 809 475 175 714 720 516 646 273 355 930 97 50 519 259 35 844 877 939 753 207 544 64 548 122 143 67 894 317 758 353 549 920 180 76 634 253 592 632 526 947 563 976 349 434
235 384 631 112 675 736 671 572 801 220 694 296 639 941 965 398 294 514 318 827 942 952 80 535 937 958 834 852 934 536 286 521 272 269 985 300 6 657 872 159 229 566 455 868 507 421 618 154 287 936 981 582 241 61 469 178 371 655 30 306 191 668 179 816 938 165 116 296 174 988 455 755 906 262 975 766 35 594 272 675 882 253 257 123 666 726 653 389 381 35 695 925 704 227 741 994 392 857 290 918 197 97 673 455 359 648 221 747 594
493 422 477 98 679 600 116 405 606 506 138 641 553 63 345 780 804 339 524 13 981 442 562 78 115 18 790 116 591 537 710 437 959 187 535 990 140 4 747 746 862 885 739 415 949 85 548 105 776 72 471 110 867 385 540 982 403 330 98 347 219 161 784 530 348 671 520 840 675 267 938 889 505 678 305 806 115 205 263 243 629 734 353 496 120 894 479 875 576 929 222 148 442 6 678 791 678 551 983 705 170 922 595 675 600 252 481 715 809
142 60
