297 51
308 111 135 681 320 540 804 618 524 443 384 675 829 7 973 651 13 75 276 975 966 402 472 922 543 282 706 515 610 647 632 919 759 119 952 79 659 109 50 183 904 434 859 733 793 184 737 158 611 13 485
929 415 958 851 958 592 558 826 202 205 458 473 964 577 426 396 588 535 446 771 791 232 982 524 25 519 261 535 130 627 21 412 42 331 263 353 923 821 179 477 379 989 951 343 918 729 739 506 616 537 629
407 769 612 283 146 483 897 682 965 524 55 377 918 738 641 271 661 814 802 490 193 143 793 889 61 522 980 567 490 518 197 897 639 161 533 786 644 430 820 961 954 227 339 872 965 332 496 978 146 650 820
340 794 614 581 207 488 561 775 979 431 324 228 71 837 761 209 481 543 381 442 497 608 133 722 925 465 218 903 612 220 75 304 14 689 237 222 530 798 349 509 230 25 89 301 862 203 862 695 746 243 489
596 851 623 318 776 440 888 31 404 460 106 60 827 148 297 401 678 96 750 539 678 127 980 331 989 183 193 36 282 436 525 230 287 500 548 415 941 788 798 697 248 256 758 75 756 55 828 434 503 578 325
181 57 306 512 398 841 705 434 123 141 312 353 780 164 253 547 457 393 697 155 994 306 913 421 62 320 250 849 824 180 174 5 238 480 518 636 322 575 423 797 717 735 503 849 899 108 749 357 502 446 512
496 752 777 269 815 97 519 664 921 700 190 279 938 671 797 926 345 724 349 142 793 84 997 643 336 106 392 693 608 190 557 456 943 334 725 110 431 597 126 705 297 316 984 587 339 133 865 684 857 567 179
651 651 176 646 339 634 38 384 594 228 941 402 523 627 480 633 59 77 111 116 726 428 100 665 119 585 530 804 442 97 335 445 101 863 91 792 850 481 177 444 62 118 847 585 746 327 571 157 404 34 625
482 814 77 147 934 662 29 90 456 479 425 902 580 640 345 372 490 179 901 935 241 20 134 178 118 813 749 275 569 136 252 51 950 329 198 884 991 579 974 799 58 751 701 990 744 399 363 234 578 264 521
171 636 7 349 754 820 451 381 389 587 633 440 537 314 990 422 305 570 748 105 980 852 158 971 596 909 686 182 839 302 56 10 939 63 360 45 884 163 779 273 750 764 66 287 79 408 61 736 978 162 193
311 14 704 282 962 613 968 144 805 270 200 815 561 616 527 607 500 690 738 125 792 502 543 432 933 952 493 670 282 7 215 593 373 919 227 335 885 195 832 690 466 384 857 379 0 737 986 852 427 76 330
220 579 873 652 864 177 497 534 812 857 102 757 230 21 985 918 258 180 102 300 998 486 158 378 487 895 716 691 674 793 21 246 724 247 250 588 776 100 475 588 957 577 346 539 950 331 809 209 863 911 509
862 398 19 240 237 266 308 928 293 101 302 539 177 549 790 766 325 242 241 266 551 818 612 90 768 295 252 329 158 163 191 20 913 210 612 150 477 273 431 770 726 733 661 904 634 803 670 311 45 263 577
596 433 541 39 553 188 291 883 347 454 74 719 368 636 684 870 465 957 301 587 683 386 249 587 372 52 609 36 450 224 965 46 9 507 437 563 47 728 798 394 535 224 114 903 860 798 125 326 107 779 913
790 517 514 730 890 567 691 926 369 916 891 415 277 750 853 840 798 933 638 544 468 214 10 723 75 808 849 753 267 628 666 58 497 533 140 387 100 831 665 821 99 909 236 377 659 441 569 809 727 560 354
195 774 364 919 849 525 120 602 792 100 621 202 597 154 342 337 606 526 2 779 977 911 15 354 923 809 924 84 536 484 790 83 610 155 354 460 32 474 414 176 926 387 731 524 893 73 861 851 951 215 630
929 127 998 283 402 159 559 486 47 395 277 130 6 784 485 818 168 311 232 344 238 972 75 762 865 501 975 69 452 190 699 381 669 49 17 423 208 928 910 255 324 539 386 682 323 223 500 843 886 84 187
124 56 615 238 274 468 213 343 920 756 394 654 777 444 23 201 652 951 463 260 627 2 998 309 677 221 809 520 107 894 59 584 302 674 822 576 142 388 271 415 496 666 421 625 462 444 826 114 395 289 726
375 643 724 684 320 297 846 192 757 92 252 341 394 278 515 323 773 255 594 188 751 612 961 377 74 405 555 541 152 197 619 527 840 344 564 513 641 410 705 398 502 309 91 896 588 607 571 361 862 166 901
966 130 862 695 557 267 250 450 771 799 69 299 992 765 863 505 407 273 562 157 127 872 249 23 812 856 595 173 70 113 74 36 595 936 731 504 555 334 954 326 133 376 977 125 141 192 982 548 817 897 706
944 121 307 320 933 163 267 106 233 380 532 622 327 468 705 832 375 39 138 701 525 514 31 650 8 223 985 556 41 882 614 985 3 921 305 936 436 924 394 22 656 926 644 984 746 349 168 121 741 306 174
266 173 205 268 181 429 605 89 822 487 56 159 842 329 817 130 766 741 524 140 398 802 784 382 548 485 550 21 578 208 196 844 381 753 465 914 182 70 4 356 910 60 516 104 389 333 235 507 74 759 647
472 914 431 206 462 269 108 836 847 317 32 44 50 137 861 965 672 283 969 28 545 381 544 650 770 877 885 278 304 996 277 776 910 61 335 725 330 443 561 529 112 945 925 163 82 138 480 106 422 449 135
967 182 679 969 304 909 854 582 213 203 212 341 113 273 676 190 603 120 103 484 232 400 762 747 483 900 227 589 322 28 76 642 210 756 611 515 17 818 449 230 21 661 571 486 934 248 677 889 720 780 374
952 181 136 700 16 36 927 957 711 956 386 705 518 142 668 33 511 486 483 741 507 496 664 346 431 912 23 320 632 155 46 937 688 534 637 56 923 916 366 634 224 752 691 743 894 359 776 405 846 611 498
705 108 162 51 891 427 426 211 411 934 610 348 622 144 337 31 67 254 397 53 830 149 744 573 395 104 702 152 302 665 650 7 773 164 411 16 591 837 580 355 123 190 703 98 334 393 129 754 999 526 159
829 675 904 755 422 360 457 574 662 474 576 669 600 740 432 616 684 622 196 39 745 386 94 843 73 839 972 179 838 850 338 668 877 242 775 299 954 584 873 616 58 449 638 658 542 70 275 578 44 823 969
790 210 63 985 635 255 310 814 93 160 504 113 38 99 888 337 53 472 563 670 883 364 660 541 906 82 168 836 127 992 805 269 554 221 254 189 476 916 355 569 77 859 35 467 958 923 156 12 748 719 34
631 436 46 172 694 128 693 531 607 685 336 876 239 909 483 428 385 399 135 307 828 994 342 295 953 617 804 317 365 875 703 348 311 749 873 6 877 566 537 485 603 225 713 842 135 196 622 872 948 757 531
128 751 873 424 56 843 580 725 560 455 428 909 767 177 134 773 55 700 662 892 303 887 957 497 374 154 119 247 454 228 778 582 331 4 358 740 199 938 465 759 746 894 20 513 71 154 638 478 206 652 370
861 539 328 358 266 834 829 865 640 409 643 222 741 999 933 481 550 223 946 310 969 840 682 482 264 189 472 742 395 124 465 609 16 145 967 282 331 149 147 971 558 142 545 651 494 478 132 44 702 431 706
671 623 741 506 887 930 330 630 677 455 95 286 823 592 606 105 923 107 604 894 665 746 791 669 240 270 801 637 324 584 343 995 208 84 853 95 366 184 77 44 991 524 682 814 116 640 271 39 747 875 285
765 621 77 434 214 699 587 851 23 172 546 370 732 631 224 827 349 760 905 393 751 781 76 917 898 68 188 289 816 63 575 581 36 4 367 250 703 954 453 726 478 352 96 210 335 672 38 684 784 295 78
535 428 506 804 326 574 992 616 742 407 543 675 444 899 42 46 602 997 500 680 827 852 128 38 187 801 428 223 585 723 301 473 503 159 629 830 86 622 798 828 29 693 504 825 592 898 872 546 895 724 226
723 928 354 113 467 507 541 690 445 616 992 270 119 503 899 301 589 521 99 770 903 144 626 728 736 524 952 282 772 676 860 847 604 215 960 71 74 501 762 519 469 106 789 588 609 41 890 551 562 341 673
817 486 299 898 222 175 850 857 947 527 717 146 131 284 106 203 711 959 317 230 428 423 372 369 384 413 259 287 327 600 960 497 438 611 395 13 787 245 870 86 772 939 233 256 576 691 811 287 651 128 869
431 551 241 800 287 6 411 575 686 364 887 183 802 499 578 815 638 823 37 76 948 977 309 204 553 353 15 840 356 495 709 787 398 303 940 685 661 703 260 347 67 500 530 870 999 108 37 637 284 75 713
232 52 375 788 957 80 155 149 436 650 210 575 48 865 867 85 527 571 698 874 638 198 405 860 549 865 898 538 149 973 603 733 377 978 521 686 58 28 835 846 30 397 422 430 263 289 516 790 212 214 664
851 764 421 63 313 287 961 851 788 286 454 522 15 785 395 701 195 776 888 42 806 286 816 237 549 457 753 339 670 319 355 873 435 129 936 748 768 250 951 556 888 405 430 256 542 178 309 738 954 198 132
760 484 300 997 385 757 102 76 779 773 783 652 208 912 941 956 680 191 259 589 431 17 19 687 559 197 997 649 503 195 133 264 31 433 613 768 543 716 196 674 489 979 679 50 244 620 358 924 163 618 865
594 635 885 634 546 434 631 196 938 178 681 554 561 467 167 681 362 235 877 36 77 856 715 127 100 335 837 377 498 455 242 445 442 479 79 989 266 62 537 556 240 218 110 153 685 629 834 47 217 711 436
294 919 151 773 372 839 610 749 337 418 343 134 860 175 213 849 441 275 738 997 867 957 459 20 994 88 854 394 305 917 830 951 837 333 76 209 172 39 310 862 457 5 996 669 180 562 871 973 189 609 322
409 566 781 429 913 870 636 307 527 905 489 831 742 822 907 303 347 946 965 209 755 971 557 425 503 471 648 477 661 257 151 422 176 933 851 89 155 839 748 682 97 589 865 191 763 773 495 110 71 812 671
179 135 229 956 639 700 604 468 713 861 619 135 37 904 339 478 59 530 578 94 627 167 959 819 931 84 666 393 156 478 65 687 614 294 643 605 346 599 73 412 812 44 547 850 949 238 680 360 769 259 454
748 426 414 567 709 498 233 103 6 64 168 693 678 814 688 283 160 287 708 572 100 104 472 302 405 710 334 766 831 593 220 580 372 986 147 81 485 733 184 843 797 352 537 827 518 577 462 679 217 522 603
669 626 427 971 384 490 305 150 321 251 370 253 623 357 753 704 194 838 241 37 987 945 926 814 464 504 628 495 721 150 450 742 128 878 713 512 720 370 14 393 973 385 647 596 94 400 653 288 238 246 677
225 191 604 391 655 460 19 502 533 521 953 275 1 183 340 866 903 62 232 296 36 969 943 984 63 695 989 703 285 235 733 862 427 337 253 434 149 624 937 682 497 890 309 851 73 649 69 976 711 301 624
99 271 568 84 334 615 425 390 901 661 123 763 88 812 369 522 961 345 811 995 843 701 304 46 126 305 115 102 368 416 79 820 687 647 904 374 614 681 116 515 342 239 631 782 403 0 657 716 345 468 711
540 170 367 586 648 24 701 103 392 470 182 212 509 829 468 883 443 150 351 311 844 942 942 627 345 294 284 61 639 752 124 532 274 491 118 923 515 172 26 260 642 208 824 151 389 645 387 184 795 738 847
991 681 789 618 378 435 254 440 427 7 564 959 633 408 429 556 923 601 934 535 243 494 360 747 883 5 134 420 152 872 267 143 905 409 114 284 844 368 76 271 727 640 582 361 48 12 269 324 613 556 859
209 50 571 956 286 576 90 706 80 314 325 576 220 734 690 856 931 58 932 554 138 924 137 499 973 149 120 649 762 676 508 971 727 80 279 365 8 369 423 89 684 748 665 256 835 707 464 766 117 396 320
255 320 457 754 645 958 875 294 73 551 155 396 630 235 676 995 595 45 418 36 81 519 53 689 354 760 153 472 878 901 792 133 222 602 240 219 912 467 514 985 370 669 382 1 256 410 348 851 455 119 240
889 638 293 578 344 54 84 816 932 985 960 417 559 914 657 779 827 476 645 164 847 666 898 848 922 308 548 125 116 667 365 5 657 659 935 353 65 371 169 349 357 482 766 268 748 776 399 927 252 44 92
99 710 342 299 984 651 200 462 119 219 179 476 877 190 411 230 255 783 752 604 492 586 723 760 334 499 160 262 103 556 706 203 619 48 854 955 51 54 769 170 274 949 646 503 491 410 733 747 545 837 703
37 775 426 149 110 277 661 724 381 570 430 936 189 478 790 144 530 845 914 52 471 215 699 974 706 461 59 805 6 897 509 395 672 287 896 134 917 558 858 298 128 288 586 669 119 376 165 1 573 431 53
44 646 104 370 705 565 430 510 571 679 371 318 703 659 215 838 576 773 696 226 253 337 812 274 456 540 439 809 466 871 862 862 869 319 233 574 884 663 85 808 694 456 126 397 467 341 235 395 466 284 621
71 621 785 345 429 678 137 238 144 8 452 358 877 771 591 452 656 606 889 816 300 345 942 698 813 636 285 560 454 569 182 878 542 319 223 971 997 360 209 493 720 662 204 598 785 147 402 441 754 291 257
406 988 552 456 153 540 94 714 994 663 896 872 206 567 448 529 917 160 739 410 233 753 614 831 538 762 585 332 868 876 941 626 864 845 435 18 385 529 732 732 544 980 956 102 899 404 632 816 917 723 227
150 828 193 333 718 307 270 402 527 146 344 506 362 189 941 732 927 822 816 659 718 148 615 821 48 372 805 864 641 880 443 143 60 989 828 778 296 98 181 176 596 877 682 958 418 623 43 345 797 211 356
867 360 324 40 760 48 845 624 689 77 420 832 137 409 12 916 57 110 449 233 706 678 915 664 96 890 59 794 39 271 502 907 983 826 947 743 874 145 367 915 222 139 99 360 900 111 628 958 221 429 543
927 107 459 944 555 701 355 701 741 626 556 0 609 382 947 352 609 92 72 876 667 563 976 379 464 439 7 422 13 788 965 292 247 776 236 154 830 944 856 923 570 412 923 532 146 870 236 107 315 660 984
982 224 312 713 688 103 720 462 116 860 779 409 459 908 997 613 738 941 821 661 864 585 584 396 84 806 984 191 473 645 527 807 221 839 520 909 295 592 723 411 804 502 820 263 410 170 877 500 111 698 161
975 636 97 723 720 256 60 911 729 705 791 889 926 982 409 187 277 354 262 689 158 764 861 422 527 31 651 27 143 349 541 470 337 638 546 57 894 606 321 976 663 112 865 941 94 626 480 372 332 742 413
491 858 274 265 737 306 916 765 801 617 658 271 955 648 169 12 543 775 333 871 790 797 88 83 892 714 563 616 399 657 29 890 516 303 155 253 609 71 370 410 688 380 34 995 29 203 8 572 331 693 795
473 843 883 557 735 949 472 703 348 130 732 590 998 387 745 603 997 168 326 759 209 706 145 204 735 349 564 659 32 610 454 505 453 689 414 540 991 887 243 691 369 327 282 719 714 379 322 711 548 648 823
109 707 968 313 442 669 230 454 701 840 260 559 645 950 325 185 293 212 780 984 933 107 266 652 821 998 327 885 898 327 60 7 34 28 672 829 50 902 283 103 94 543 662 739 845 988 924 138 552 704 123
838 163 741 842 985 739 521 222 637 849 282 644 235 662 669 416 712 571 699 816 666 595 830 757 792 170 682 931 75 738 406 265 254 499 107 239 239 981 461 228 182 95 225 417 757 894 834 822 817 885 990
835 832 172 593 977 343 627 908 770 717 666 35 971 165 494 562 756 475 375 337 657 470 562 427 580 808 613 402 625 850 392 813 35 564 758 12 259 385 272 29 454 290 416 426 807 263 988 564 90 716 253
100 186 167 527 766 975 492 520 952 694 264 117 729 829 875 93 440 612 365 822 67 7 238 493 815 853 833 731 944 549 984 44 88 151 923 206 126 767 727 430 461 991 548 543 172 423 636 613 36 354 435
455 361 25 300 176 879 133 907 175 35 243 219 475 394 494 681 872 261 760 655 722 752 203 617 276 978 254 241 366 960 676 821 321 54 121 850 285 607 757 460 642 1 31 469 747 525 150 620 138 911 627
212 15 830 830 291 160 436 533 527 396 561 348 717 967 470 567 604 77 677 64 71 30 447 540 777 972 42 749 462 953 376 675 320 558 505 964 719 941 849 246 689 762 594 406 82 416 326 686 493 3 751
916 33 198 456 162 523 499 912 337 804 640 12 477 199 869 793 918 162 642 164 851 756 110 610 838 527 936 525 372 939 628 289 324 826 97 486 701 948 750 391 105 391 403 582 590 625 375 860 787 369 24
639 125 486 249 316 13 537 841 738 828 469 27 152 647 476 990 701 425 741 92 530 484 495 464 426 120 191 286 260 560 662 251 37 148 852 353 514 389 194 252 217 15 631 721 663 107 63 716 884 804 808
414 640 655 878 66 128 69 352 388 981 14 991 19 515 843 724 29 232 271 633 801 286 264 874 301 723 937 17 608 94 177 374 734 833 253 153 961 674 505 701 8 872 692 379 387 535 103 416 119 374 401
272 13 17 146 666 740 435 36 700 529 213 75 616 46 680 769 359 706 274 60 714 498 752 93 885 639 549 653 758 275 54 382 640 71 528 307 164 964 343 864 845 908 291 461 307 323 582 666 30 209 79
96 707 183 542 593 823 91 598 933 366 653 668 7 724 196 666 240 512 361 105 710 269 748 523 928 72 106 595 454 667 26 902 374 209 444 319 384 535 918 670 254 923 338 613 647 886 279 240 751 992 697
461 261 445 336 190 869 442 137 323 461 515 226 836 724 22 507 461 910 425 483 164 348 821 129 348 59 408 588 810 400 285 623 13 82 960 555 952 754 44 627 216 559 205 404 636 228 911 449 138 689 932
654 389 753 783 737 812 543 677 975 295 314 598 308 749 910 216 701 665 612 328 233 172 534 637 160 114 900 609 252 589 541 906 979 646 689 68 810 232 98 785 527 412 736 187 161 646 755 214 663 368 895
248 892 781 885 52 895 138 13 147 727 554 405 706 200 94 127 362 678 225 148 557 989 884 96 503 882 852 717 898 572 612 146 464 745 384 868 640 522 881 787 601 787 544 660 339 638 787 701 668 12 201
577 353 85 674 856 320 878 926 570 450 890 716 266 636 452 486 276 974 367 416 576 506 960 236 845 951 375 898 619 739 100 197 92 537 223 301 857 101 227 427 903 117 496 169 753 948 655 382 275 374 798
851 880 110 439 77 61 814 975 33 553 75 582 997 613 157 298 822 258 525 602 513 995 98 34 100 398 41 482 673 767 632 524 647 743 315 76 156 129 403 541 34 831 123 32 444 280 330 618 890 208 220
403 203 670 789 303 69 830 138 742 597 770 619 596 865 934 24 22 416 428 563 450 259 39 834 55 671 517 25 562 725 246 317 280 268 459 583 689 289 73 432 239 844 403 835 709 337 860 83 105 640 999
556 899 390 742 306 61 259 331 975 336 929 645 968 198 104 552 887 393 977 671 632 821 74 820 883 764 32 318 869 672 317 777 923 707 520 229 121 131 560 96 820 490 741 788 40 845 692 279 591 670 303
575 843 729 395 726 493 779 45 363 451 714 492 374 774 364 603 895 496 516 991 668 358 85 456 750 282 501 381 873 171 684 801 14 414 548 93 259 328 138 974 779 204 467 506 978 831 461 873 679 977 217
347 687 302 156 437 584 657 171 810 180 855 611 194 621 159 639 881 487 129 207 619 334 674 477 312 858 938 538 537 268 755 237 955 409 745 745 993 402 268 155 582 123 766 128 97 278 768 330 117 897 537
736 583 564 213 896 422 504 786 311 772 541 900 79 950 645 176 295 399 444 803 981 920 921 462 17 199 582 699 317 831 236 405 415 152 619 663 926 475 449 238 247 342 490 326 644 136 855 291 535 299 94
869 571 16 683 940 215 265 639 884 96 228 290 863 380 261 526 307 736 327 897 335 669 739 13 313 875 868 605 763 520 51 984 91 67 667 32 635 284 671 519 732 899 161 596 632 422 474 939 510 802 188
845 823 927 859 489 155 727 94 270 247 145 254 691 565 273 723 200 909 746 71 641 646 233 589 630 655 64 569 518 218 109 363 41 36 222 882 543 302 976 813 901 474 419 592 391 692 667 591 601 414 662
595 412 247 184 42 255 600 963 773 818 72 136 212 460 711 94 4 365 423 817 618 249 237 211 640 281 230 583 883 644 597 478 56 845 14 98 100 615 61 225 785 485 713 349 946 424 796 950 141 219 767
760 820 356 323 460 638 553 43 873 198 640 703 606 837 717 57 937 684 470 162 470 956 876 171 902 652 967 204 794 538 971 906 358 680 229 170 318 134 565 543 332 206 246 291 395 315 348 333 0 818 847
822 774 75 993 28 728 961 232 874 499 556 132 210 236 361 380 906 495 298 449 180 856 47 823 251 362 171 584 362 341 784 184 468 859 178 496 939 491 729 165 342 637 297 904 873 10 637 131 858 935 932
390 791 979 213 42 341 384 979 704 77 763 240 545 974 770 42 266 261 123 431 956 760 729 860 985 91 497 116 949 432 48 339 223 27 552 618 720 288 597 424 366 712 17 911 686 787 305 952 401 428 736
357 540 465 217 525 556 67 993 858 499 393 197 75 420 102 693 493 390 290 269 108 2 286 20 40 74 325 345 827 106 81 184 646 898 753 172 806 820 517 664 320 911 214 395 683 316 88 176 58 730 446
167 84 732 539 124 158 216 821 985 322 254 521 321 504 275 493 311 95 10 327 767 273 541 514 957 209 954 133 268 36 579 787 120 664 326 597 822 894 770 808 569 25 681 890 529 956 383 192 404 745 520
523 19 61 390 328 623 696 461 891 733 393 30 853 57 356 802 879 602 573 39 171 950 721 61 479 29 796 672 433 542 544 309 913 605 699 241 580 395 54 471 480 447 501 334 504 209 488 736 812 61 775
983 11 848 397 843 878 193 867 663 87 411 972 352 368 23 945 949 771 0 772 251 447 274 937 952 835 778 688 999 839 815 335 203 664 732 398 894 925 265 909 365 676 234 717 396 257 663 345 380 663 118
984 462 744 921 766 931 699 806 931 891 622 266 446 638 350 844 884 627 461 793 992 489 27 62 885 637 725 231 17 740 701 1 202 445 275 969 376 326 775 659 569 749 277 15 739 627 211 623 607 672 417
951 161 796 13 47 433 90 630 803 830 331 804 385 776 431 706 504 758 833 164 327 583 793 695 674 421 906 298 380 931 67 331 92 863 697 491 297 787 121 100 970 452 256 707 580 40 413 437 150 246 601
829 181 394 524 856 167 783 506 899 714 573 231 806 436 928 298 85 67 771 537 389 224 794 96 156 834 509 593 336 108 546 165 641 293 690 849 812 473 355 712 187 280 943 345 69 223 995 154 642 767 692
32 343 838 128 499 24 990 445 360 450 991 525 91 636 567 293 449 40 0 161 579 281 456 277 350 31 272 856 673 39 548 57 382 386 186 234 410 528 679 122 978 22 648 69 659 215 714 460 608 715 621
187 996 77 816 698 460 89 554 133 480 455 543 215 841 729 449 604 257 480 726 587 854 726 656 865 942 371 325 550 438 946 89 434 375 906 484 187 347 38 673 827 845 216 42 39 297 843 995 554 675 721
493 530 800 501 395 742 872 73 644 662 371 85 96 99 343 932 286 690 323 959 870 168 175 912 207 472 108 202 378 783 276 871 313 76 373 61 170 597 134 166 260 857 603 708 956 299 993 243 341 316 554
211 836 730 476 44 554 584 598 285 367 226 156 33 654 881 446 176 831 932 694 443 789 298 151 746 597 496 341 938 812 895 502 649 977 978 45 532 914 995 817 281 574 325 666 228 207 112 757 390 44 451
833 834 749 336 932 698 833 273 637 997 168 491 646 146 469 43 30 383 391 847 16 965 172 35 193 731 147 950 121 192 754 306 378 503 643 310 202 476 583 191 473 751 34 472 249 503 867 279 238 258 478
606 223 3 641 769 734 141 71 208 333 825 514 711 329 509 21 883 985 956 426 811 59 460 283 309 315 150 940 905 761 419 511 984 422 505 753 508 646 825 716 331 650 583 394 331 92 415 566 430 723 992
241 782 452 876 91 119 378 32 24 139 451 888 476 225 393 229 733 391 406 450 722 409 385 116 740 829 883 659 259 606 651 852 740 456 80 832 575 811 216 952 950 19 840 426 244 585 8 977 976 766 779
50 175 516 518 268 346 401 927 957 359 578 810 99 386 242 283 962 53 851 266 356 222 106 782 466 691 142 796 19 909 927 69 84 444 587 352 142 340 631 99 51 210 261 502 596 504 786 910 557 989 176
913 212 634 48 30 677 190 178 696 451 458 765 888 902 704 240 44 396 872 495 447 434 757 950 382 261 88 645 170 429 173 436 641 160 484 24 837 26 554 534 478 12 651 366 266 356 958 662 104 182 158
552 968 267 854 703 528 942 348 50 371 873 486 365 33 970 741 871 349 295 757 827 660 408 545 926 116 855 589 221 390 99 125 358 366 979 61 246 921 761 296 644 987 783 9 20 105 102 243 454 750 0
633 410 409 178 336 525 386 277 98 776 376 223 134 94 202 548 340 475 309 637 120 296 420 481 669 877 584 912 332 334 913 965 96 674 496 432 551 882 62 650 658 790 225 144 885 428 692 225 255 354 862
375 2 634 209 23 512 145 936 196 831 201 513 927 227 9 711 778 243 773 780 901 564 6 398 449 786 90 26 41 796 889 769 151 875 978 174 739 123 462 935 954 15 801 233 242 810 944 21 54 718 801
307 634 807 705 435 945 148 461 987 296 702 756 447 578 86 622 669 209 436 957 515 452 758 748 694 568 44 715 974 114 869 282 748 28 339 183 974 487 997 313 784 699 421 583 629 507 557 299 716 994 608
583 446 366 683 492 286 727 560 261 842 429 895 590 809 234 126 783 74 123 448 210 174 869 793 804 376 351 103 444 697 63 27 495 429 62 987 715 790 547 328 632 328 575 574 138 162 52 273 236 527 722
446 702 591 591 506 320 942 961 764 991 24 144 486 805 206 474 872 996 373 201 980 54 128 907 544 290 959 169 526 487 891 324 541 835 268 47 507 210 360 271 554 736 767 40 541 974 866 413 322 592 966
303 646 95 210 542 385 521 711 264 360 955 940 901 142 208 948 649 771 660 272 325 396 40 717 937 366 584 703 688 176 669 343 174 116 905 716 854 427 427 470 787 382 762 41 524 971 989 525 94 2 798
771 398 190 488 688 556 424 743 596 600 764 940 126 881 845 842 87 624 270 557 764 4 319 805 881 642 146 406 88 148 204 859 899 746 700 939 302 476 682 899 77 798 191 555 31 36 398 118 13 20 675
777 24 995 582 905 989 80 664 78 229 220 937 480 967 989 419 269 466 453 520 895 603 711 450 635 100 200 753 113 220 429 890 597 776 824 502 117 904 518 195 485 739 485 317 706 474 88 975 292 893 848
187 497 559 990 132 659 190 237 772 763 666 14 360 794 190 214 912 447 733 459 932 472 944 602 178 771 690 505 63 584 705 603 81 265 593 565 276 135 802 49 898 821 415 610 967 606 177 879 405 910 339
689 734 635 291 264 406 982 121 470 566 827 73 999 92 18 564 368 505 366 769 756 539 537 366 507 495 543 386 900 805 77 589 539 713 881 803 471 863 925 941 781 752 366 780 196 384 344 916 890 62 686
646 954 223 364 461 718 908 199 970 713 277 559 605 342 440 408 813 655 685 107 436 789 473 568 985 210 912 902 100 327 940 98 281 515 462 742 585 722 293 555 788 922 114 393 616 907 153 430 562 839 889
351 980 362 919 318 572 184 572 24 863 512 474 144 27 289 238 964 11 883 519 799 806 985 544 422 892 698 204 807 889 93 158 221 808 429 539 732 613 111 109 476 975 583 972 354 872 562 318 236 446 837
387 252 823 932 26 67 982 231 874 223 324 384 444 484 814 984 217 427 447 326 256 423 909 228 777 134 143 96 370 941 285 109 545 108 393 571 528 375 802 402 950 479 787 395 963 601 731 532 380 178 858
988 601 768 217 731 254 712 827 976 653 112 85 198 573 479 121 101 206 276 855 157 755 994 904 70 947 635 603 328 813 461 316 767 581 885 498 187 949 677 163 602 141 601 152 66 432 626 167 638 902 375
147 9 369 51 431 317 38 34 645 204 848 313 971 781 551 821 969 500 850 484 455 991 85 959 58 517 585 577 508 839 952 7 848 322 59 280 991 449 666 636 653 866 301 976 648 204 797 969 705 647 805
512 991 243 471 49 760 409 978 620 248 931 628 449 605 39 729 596 488 747 584 142 614 237 118 614 442 268 935 147 267 740 659 258 983 482 659 96 243 638 716 492 921 696 941 526 735 22 474 224 769 58
718 735 295 836 349 737 456 284 236 724 377 247 982 360 82 994 808 325 632 525 169 905 573 462 431 309 484 257 885 606 315 603 693 962 439 43 52 248 679 640 972 56 888 306 769 322 300 577 647 284 454
817 189 28 279 972 689 116 229 574 74 896 177 767 859 968 162 263 216 194 903 188 602 143 847 371 465 499 301 113 784 107 282 325 135 913 298 176 381 879 750 455 776 279 575 987 248 89 250 816 283 505
357 886 649 204 609 114 703 262 579 839 370 861 165 857 775 815 34 156 694 136 964 822 416 891 809 664 980 411 832 616 269 189 854 918 393 815 32 449 78 612 288 448 825 805 657 952 620 691 109 667 828
425 489 596 316 651 612 648 414 444 264 683 634 118 953 379 934 986 828 12 950 117 812 127 922 469 80 895 513 541 562 693 966 403 289 634 406 253 282 173 697 547 856 683 17 810 63 951 148 891 315 450
360 479 929 635 301 9 530 166 550 444 859 868 199 500 502 606 753 137 779 802 684 987 486 53 149 901 357 649 144 24 451 505 504 381 492 157 390 22 323 293 818 182 513 17 34 16 623 139 505 754 941
541 94 779 594 595 32 951 245 177 976 48 34 832 429 526 989 172 900 312 817 718 846 330 735 880 698 359 19 203 465 312 744 559 444 339 507 476 642 752 5 970 152 39 802 582 917 791 106 817 455 923
535 301 253 271 181 952 982 552 507 447 217 252 359 661 943 866 489 937 970 847 908 122 238 710 56 156 854 162 973 309 437 861 611 43 132 144 347 466 697 854 265 914 458 624 927 401 842 768 339 164 615
247 639 206 309 47 362 163 562 687 473 999 548 84 42 32 580 389 498 277 596 764 543 54 740 822 808 935 591 499 451 558 98 90 764 407 490 478 571 52 518 396 403 66 832 798 451 412 539 949 690 135
65 585 542 806 760 350 93 703 849 544 261 947 987 378 706 477 208 277 881 726 25 636 145 857 434 596 270 974 897 312 461 963 249 3 769 9 353 214 712 554 758 326 853 97 704 560 574 264 189 807 991
215 444 488 72 878 84 694 204 981 6 666 944 256 21 65 617 727 279 330 281 390 656 135 487 712 695 414 976 884 221 319 451 17 807 524 248 891 218 452 225 577 470 521 185 844 587 802 571 218 484 204
608 140 339 448 852 386 862 181 623 435 852 74 453 660 950 701 903 169 505 480 98 328 2 635 172 589 437 743 159 922 947 120 414 639 568 619 377 782 152 0 569 4 427 374 664 377 427 920 898 933 400
996 261 402 983 785 343 421 880 855 695 179 975 461 818 895 80 548 677 584 900 598 589 327 973 605 705 400 525 603 685 278 952 298 680 935 83 376 708 963 231 755 143 206 569 313 453 1 213 482 586 114
80 175 441 53 780 498 806 306 454 491 584 406 790 616 693 873 992 754 189 575 861 684 133 430 349 586 432 563 68 18 677 149 545 470 554 325 969 360 983 423 852 919 181 642 888 226 867 232 980 56 808
194 740 941 976 90 880 408 5 948 778 682 449 675 152 4 1 473 716 336 896 568 256 77 562 496 656 782 728 988 838 536 182 931 830 159 373 710 919 730 10 50 412 812 725 916 168 78 742 884 415 638
805 23 68 719 519 724 501 247 712 692 136 247 975 318 758 700 380 677 430 390 79 194 202 805 462 722 883 204 607 650 843 412 673 263 483 544 339 985 792 51 677 280 650 4 598 408 704 978 86 134 720
517 328 275 322 790 997 558 995 604 560 190 368 234 805 852 778 144 189 922 547 866 554 198 870 152 606 574 130 44 60 203 562 388 478 236 530 475 146 877 432 707 419 800 293 224 4 423 720 193 346 268
411 252 818 281 405 424 207 887 821 619 90 735 359 568 323 242 396 470 119 828 529 891 980 822 467 985 245 188 178 943 808 590 196 626 223 601 402 783 840 223 754 931 310 114 851 634 356 247 456 827 75
985 718 56 807 186 393 404 726 571 348 886 513 544 512 89 497 266 224 689 842 978 620 152 92 472 138 448 71 594 628 147 579 346 555 738 884 948 143 962 871 491 848 737 387 712 826 236 979 50 925 821
28 898 973 473 722 112 273 793 58 901 940 638 600 847 376 484 147 519 799 19 362 647 108 749 712 934 337 691 336 263 512 716 513 837 189 235 301 815 28 360 716 321 998 316 168 726 153 668 598 952 687
960 951 147 62 663 81 399 706 769 14 218 837 527 408 27 762 709 194 143 69 262 464 419 931 984 146 84 652 96 388 691 56 691 838 118 707 271 870 413 40 884 984 878 764 392 257 878 101 451 21 523
65 485 942 996 470 440 80 122 536 820 166 945 512 4 63 571 276 285 984 668 170 968 898 286 712 155 164 814 958 186 689 24 671 983 20 493 424 453 968 312 625 134 257 489 138 673 60 766 958 397 435
480 365 333 766 78 841 283 244 151 469 933 527 140 268 548 986 692 353 954 357 978 88 966 820 578 991 880 345 302 277 132 134 995 817 253 425 10 536 21 162 5 306 689 497 574 589 483 619 294 437 976
625 877 294 445 456 286 325 153 588 955 637 722 950 806 327 375 817 863 396 331 868 54 372 366 628 314 201 247 608 991 223 233 868 518 678 676 156 356 181 96 311 170 170 613 977 498 340 146 361 88 829
230 142 201 948 770 515 149 18 124 492 593 709 361 463 740 389 619 96 571 715 759 741 886 724 70 384 64 568 97 152 397 327 294 951 627 416 466 129 434 942 621 380 652 334 843 744 724 815 840 295 530
951 388 768 675 811 504 91 731 602 243 129 281 889 80 909 657 898 38 444 841 11 824 845 346 667 589 70 482 781 717 365 84 457 133 111 268 638 202 0 592 445 481 873 686 913 782 343 811 172 787 4
184 963 849 882 631 790 952 465 923 21 182 7 478 668 118 99 658 672 451 250 117 932 123 155 845 906 851 8 430 638 13 614 602 214 848 585 357 800 402 280 821 937 640 652 605 110 751 263 783 202 513
252 486 636 760 683 894 611 691 325 601 56 291 555 623 140 492 980 292 895 612 466 184 604 118 789 715 869 404 850 423 917 454 909 905 214 944 152 825 987 829 779 396 472 334 19 964 827 351 257 74 963
723 258 920 841 47 987 62 803 837 837 720 291 98 977 858 42 481 35 381 662 814 777 135 149 796 99 976 499 356 402 815 431 660 735 624 59 722 38 862 911 875 934 554 973 263 412 367 745 448 749 407
262 526 542 763 675 994 91 526 350 493 341 134 153 76 758 212 150 797 74 61 24 8 616 998 624 28 717 369 828 818 128 443 345 671 206 372 17 298 898 367 143 240 853 297 668 612 861 171 761 288 232
785 648 200 135 272 581 853 993 409 671 122 204 368 145 411 92 162 61 343 881 204 935 735 853 603 347 67 774 460 707 359 245 355 559 381 980 492 586 973 254 609 95 458 330 240 221 422 402 282 765 284
839 700 19 44 656 718 463 782 178 170 493 775 526 405 508 506 897 94 479 151 56 927 962 386 167 183 160 922 818 278 558 657 978 929 53 986 999 517 121 177 687 966 304 565 371 813 423 621 259 255 124
315 182 86 53 701 270 214 975 88 492 533 97 822 462 502 161 461 19 634 990 59 600 295 624 324 460 48 945 719 303 421 387 837 508 440 538 130 6 514 570 850 399 19 673 214 521 186 675 893 820 18
952 420 665 928 744 125 328 41 844 983 463 583 172 323 24 711 805 382 577 727 233 328 746 906 542 619 92 570 864 264 588 168 684 253 449 781 378 777 174 574 113 637 158 285 312 534 348 469 916 277 196
149 606 294 407 148 914 851 718 130 115 658 299 152 911 748 933 641 877 459 216 990 449 726 276 761 260 624 231 176 902 427 678 508 74 85 8 340 937 79 470 404 737 121 556 1 869 841 642 747 301 210
89 750 936 365 863 196 342 94 725 244 874 403 104 948 840 464 288 129 543 758 534 281 880 90 634 101 284 276 200 585 487 290 687 775 7 550 324 349 645 49 945 871 804 401 819 644 866 459 774 409 569
660 42 801 102 676 903 386 305 455 971 144 97 658 919 105 561 243 806 206 644 752 77 448 153 248 445 371 707 219 781 628 231 175 430 333 204 685 720 509 140 43 653 238 54 924 695 615 168 501 173 164
253 602 613 759 850 58 130 909 629 263 889 860 439 319 193 995 4 265 504 497 661 509 735 715 433 782 682 953 283 855 118 889 809 83 648 11 141 130 920 122 746 161 982 185 481 527 532 837 145 36 334
806 897 421 873 330 555 555 636 839 762 106 728 571 189 728 582 682 858 854 804 604 15 138 141 848 665 673 686 162 61 372 968 958 146 193 641 701 748 277 892 862 383 620 433 924 348 15 606 559 221 410
163 237 548 657 85 565 330 123 728 744 848 48 702 346 594 695 47 342 972 940 557 707 912 990 631 261 358 237 820 579 999 335 168 547 992 606 465 675 81 545 771 929 945 473 275 539 169 675 882 493 967
439 553 231 781 184 492 139 774 664 71 773 352 591 321 696 197 786 371 279 683 142 560 628 968 188 168 489 215 402 334 534 193 887 765 974 72 610 466 198 274 889 971 978 480 292 675 30 430 398 661 113
893 221 742 213 761 262 702 976 664 388 862 857 276 628 831 700 238 649 898 864 538 869 843 371 514 518 401 296 916 62 762 161 635 504 374 749 118 76 77 782 817 940 639 93 568 822 793 806 824 43 670
362 912 865 85 778 383 486 75 652 900 837 813 888 693 188 637 811 616 714 945 433 6 584 878 574 758 23 732 582 66 755 297 331 620 382 461 356 869 536 8 121 725 173 9 418 713 998 581 330 713 526
115 71 462 346 646 221 369 730 803 788 485 100 119 106 483 580 814 704 469 822 825 194 347 835 965 61 185 546 743 898 425 210 970 887 556 968 108 926 698 264 714 536 716 185 994 199 117 808 255 938 982
81 133 329 268 450 390 453 348 485 704 773 696 26 661 252 346 121 530 396 385 244 932 454 781 926 653 251 734 261 189 68 694 674 398 314 124 140 119 473 626 823 246 674 201 259 926 547 733 809 944 470
53 228 924 187 155 930 438 241 191 627 310 885 302 60 199 778 200 318 251 178 494 850 852 695 461 131 595 194 940 891 665 345 119 941 884 626 871 322 868 62 302 530 299 604 590 498 382 790 169 986 321
15 188 525 62 649 656 657 844 948 900 861 646 372 802 530 998 26 205 218 88 507 748 388 463 338 238 197 481 759 183 154 774 371 679 837 373 688 846 569 636 747 782 634 119 584 165 469 610 370 688 51
229 436 791 692 127 381 889 608 141 425 762 267 148 793 456 873 481 303 442 470 402 224 104 873 161 621 342 123 991 30 174 572 467 317 264 594 699 506 554 192 283 668 811 783 813 268 657 295 571 99 765
973 676 221 846 837 843 540 960 186 571 135 759 390 804 23 984 503 881 890 47 516 910 859 300 723 127 957 370 50 408 135 375 84 357 573 921 200 113 234 386 684 721 497 74 525 521 410 381 754 652 428
271 562 639 923 638 766 880 8 816 640 496 191 77 205 764 998 757 878 232 143 914 305 993 989 831 514 751 212 620 404 992 243 318 632 166 956 750 398 317 567 39 813 110 116 18 227 466 775 457 51 270
723 356 263 712 539 129 816 751 102 220 744 345 538 728 512 847 478 910 164 397 301 329 508 417 347 87 236 474 896 639 744 619 995 360 684 535 841 500 638 943 720 734 289 610 462 801 809 941 63 973 338
365 302 198 134 1 637 370 475 533 9 572 505 357 932 189 244 773 41 882 69 761 617 358 723 431 511 533 724 574 858 415 939 513 965 74 514 603 796 342 488 158 266 993 515 550 534 759 675 575 993 744
688 962 102 764 394 613 649 118 188 507 533 479 372 499 553 239 454 702 581 294 860 199 640 375 749 174 486 424 102 479 169 142 442 623 906 188 237 555 658 777 63 192 256 787 43 162 26 849 864 959 143
724 158 783 451 907 958 289 332 412 768 853 554 562 476 461 102 65 16 761 842 431 305 451 571 348 613 597 197 829 557 340 553 715 476 356 623 434 645 307 198 765 512 752 680 988 565 134 406 582 895 248
365 200 699 936 900 664 886 97 493 443 790 398 510 266 754 133 52 751 792 250 869 656 354 901 997 920 35 403 854 931 651 571 483 703 860 384 367 746 481 861 189 623 259 699 241 366 185 293 469 329 895
338 986 250 239 983 170 275 386 24 558 389 595 41 92 455 425 460 553 259 673 742 234 932 794 476 650 331 769 120 12 665 458 350 267 50 333 437 677 71 813 235 813 760 628 905 568 406 717 121 665 742
216 251 27 10 727 677 693 849 797 705 514 608 408 133 10 93 922 687 165 735 274 330 495 902 587 63 660 305 537 325 399 753 577 426 115 656 104 808 505 253 865 371 213 273 504 223 719 426 910 236 513
536 566 9 439 153 424 99 810 961 777 210 714 706 636 829 714 740 989 220 346 207 591 559 832 448 783 551 874 45 787 388 582 353 749 373 859 525 824 669 487 953 879 553 659 868 735 726 960 76 946 306
283 889 866 468 337 1 371 564 46 159 304 628 864 405 1 75 930 826 745 417 779 976 323 791 844 58 869 157 486 815 463 770 56 681 590 746 682 961 310 81 472 966 709 337 371 63 764 301 241 509 71
372 838 746 515 34 804 384 191 290 551 655 412 608 688 354 354 371 316 16 804 788 982 513 477 353 928 242 6 169 103 429 894 941 175 409 976 331 794 519 974 697 174 738 305 863 93 11 586 409 27 390
549 361 255 379 66 184 973 425 705 428 854 599 722 30 361 50 361 507 569 335 204 96 74 510 311 519 873 249 280 253 639 829 614 246 560 681 782 885 106 840 666 312 439 388 342 800 438 56 659 359 391
864 455 817 726 118 336 599 367 616 852 358 798 819 605 710 852 739 948 310 579 614 622 19 2 965 171 792 21 831 503 764 47 959 934 773 77 622 372 797 591 577 155 741 396 760 803 248 852 751 558 431
365 532 802 719 497 326 863 870 509 367 987 556 678 273 329 755 895 53 904 838 982 60 579 730 172 735 330 24 486 888 456 204 421 258 923 270 936 139 493 445 506 480 1 184 105 682 291 0 88 196 191
70 256 122 801 428 857 131 805 344 372 261 900 145 871 823 767 808 314 260 605 820 92 607 4 197 641 648 550 729 844 741 152 452 863 305 232 73 436 37 417 160 650 317 657 522 492 425 682 807 685 287
979 130 246 336 327 888 984 229 969 180 970 121 632 186 426 864 259 215 902 28 727 552 697 385 426 541 162 108 348 847 748 680 329 994 16 657 234 0 238 556 180 561 29 164 747 808 28 358 23 930 738
102 835 435 839 261 976 1 722 677 201 470 357 530 816 373 539 403 725 778 959 257 339 340 421 438 148 801 796 523 84 534 626 919 321 465 532 297 467 254 974 668 76 683 550 245 408 90 648 485 868 959
742 559 299 515 997 448 669 145 323 753 31 949 24 352 767 556 649 586 163 976 606 239 659 156 484 420 246 484 905 466 795 0 25 447 867 374 247 536 519 570 641 550 520 665 902 639 222 904 225 737 880
831 976 891 987 813 311 586 649 217 404 445 217 430 244 436 156 491 973 676 61 614 226 933 280 481 924 854 385 149 591 617 332 919 860 672 84 172 258 734 741 14 531 310 796 775 746 953 266 71 629 679
686 207 965 318 688 889 524 425 39 467 42 723 386 255 395 471 427 5 205 520 20 88 830 816 863 928 769 481 0 398 512 38 958 477 356 646 367 232 424 758 699 818 481 85 73 229 908 500 234 465 372
254 553 202 423 416 483 192 249 483 943 762 521 901 239 229 899 958 461 323 68 160 142 902 597 215 131 506 68 365 971 440 972 525 995 395 293 478 587 895 313 882 657 834 783 248 63 683 559 876 6 627
36 500 529 633 716 660 491 784 26 463 576 350 340 571 745 633 49 684 528 362 567 537 548 702 786 963 737 345 839 96 324 227 596 854 213 312 514 704 448 892 519 25 242 859 596 339 493 998 24 373 712
943 911 261 645 49 576 383 746 768 479 70 995 427 924 560 740 791 265 540 35 784 565 278 644 162 969 489 512 993 214 224 288 125 837 934 526 414 669 272 182 500 343 529 927 267 90 19 410 707 560 446
843 125 76 839 639 45 328 151 391 895 728 679 20 565 613 547 331 634 171 513 134 514 395 414 134 485 433 544 544 993 342 387 119 418 227 110 464 907 262 207 802 342 886 175 907 852 74 239 486 245 104
973 112 851 387 246 336 820 142 232 166 837 620 637 255 199 747 71 106 361 278 261 703 517 436 963 369 862 202 207 107 658 532 571 510 919 169 198 92 312 431 258 501 403 247 756 602 994 180 60 708 810
673 411 327 461 374 48 323 928 608 783 939 140 354 449 412 524 999 504 188 782 114 689 185 361 797 139 707 977 552 415 788 225 179 467 687 905 516 362 186 124 145 125 616 852 926 28 376 925 532 916 708
998 605 245 711 402 385 419 732 289 186 520 514 717 339 553 623 207 268 809 331 765 286 948 617 212 328 345 137 861 261 197 211 218 443 923 621 180 694 705 469 232 577 335 950 916 241 925 124 509 86 807
274 372 107 244 584 436 589 73 649 203 271 860 421 66 135 394 598 181 99 419 414 676 106 716 593 347 993 69 208 79 876 835 451 984 431 387 772 20 460 421 223 83 633 997 501 769 391 99 950 491 518
716 167 625 784 112 324 777 181 885 856 58 720 659 394 151 46 166 523 859 939 99 294 572 96 796 693 839 247 996 330 766 712 850 743 497 314 419 626 496 304 483 906 376 494 652 879 893 170 755 104 109
206 398 681 302 194 727 493 442 723 824 560 435 26 655 284 340 426 911 188 83 746 446 811 240 98 691 485 268 798 589 377 4 988 411 658 534 138 151 328 861 327 888 648 353 895 285 46 674 196 586 757
942 33 568 534 131 611 20 752 409 609 129 765 949 892 423 484 382 927 812 595 254 53 244 960 300 881 358 974 77 944 731 371 977 300 257 461 263 277 213 673 239 694 790 188 939 214 24 321 141 837 917
747 242 513 707 542 394 417 517 823 362 600 546 691 252 803 152 516 433 365 541 672 412 331 212 351 897 237 24 390 74 293 138 668 806 197 210 552 615 79 727 329 680 273 20 284 77 173 800 510 890 693
534 654 25 746 5 922 983 30 313 409 675 803 77 482 0 640 386 967 719 114 296 751 739 317 36 816 842 188 678 84 882 212 739 907 959 96 181 294 478 846 704 154 1 133 988 2 773 374 321 845 840
618 596 580 287 632 748 129 173 779 565 55 991 304 314 302 753 847 949 231 46 5 385 47 138 725 49 264 452 723 109 292 341 705 224 980 690 325 461 863 104 26 270 447 683 584 102 436 783 51 19 829
56 757 877 546 482 278 810 934 1 919 227 694 625 803 674 667 128 135 882 584 514 152 384 197 88 486 985 223 889 4 53 945 761 282 843 244 560 654 178 914 925 757 960 902 913 635 569 393 122 451 978
636 955 714 185 395 200 170 619 89 175 672 386 288 954 229 532 866 235 63 132 161 172 93 63 437 80 633 831 554 436 161 543 744 875 728 139 75 251 758 516 778 782 902 66 736 483 951 955 719 366 439
880 890 884 943 328 316 576 511 871 365 24 766 109 899 494 248 326 97 7 842 227 789 96 646 878 579 949 185 298 667 976 178 557 861 122 237 177 50 748 400 767 772 166 876 23 13 477 349 110 836 543
690 977 991 336 207 923 285 392 221 952 721 752 861 582 226 99 111 628 199 512 396 324 30 272 347 43 101 49 506 937 944 196 915 936 532 122 859 169 867 432 473 588 184 334 522 762 433 633 391 985 497
787 309 528 411 656 571 865 705 77 802 650 625 717 938 157 840 149 678 59 933 151 647 118 486 169 232 271 802 623 256 652 762 565 180 526 222 751 391 279 181 193 281 806 263 571 316 455 720 346 514 654
498 161 124 336 682 708 607 836 684 216 488 446 781 20 324 355 124 67 987 305 613 268 463 876 192 131 683 264 478 197 918 328 710 394 664 744 103 271 580 787 487 421 585 621 441 262 328 565 329 315 222
294 936 686 170 128 169 205 392 647 402 663 327 464 409 991 560 864 615 141 651 454 562 589 75 355 203 404 921 532 71 143 827 7 181 349 135 351 555 880 350 309 895 678 126 304 21 686 169 636 179 172
443 93 761 518 449 316 274 370 849 698 865 28 705 47 729 193 398 636 73 100 298 968 778 776 624 152 814 793 788 994 966 231 87 79 102 888 396 728 610 597 426 476 977 484 875 58 677 625 47 102 725
345 422 856 473 46 8 287 192 148 633 158 732 721 589 834 961 337 914 572 286 341 400 263 825 275 674 854 900 721 956 977 418 730 833 891 776 193 178 968 342 164 478 74 885 420 260 198 757 174 122 44
867 522 659 44 797 333 898 49 406 206 27 824 936 212 715 65 758 246 385 100 410 216 526 647 636 786 197 393 312 320 789 180 842 449 576 992 134 827 393 541 385 772 717 322 985 785 739 95 31 124 195
793 340 721 792 328 859 989 722 171 661 863 703 504 664 280 848 799 459 241 692 844 14 409 518 351 194 609 446 577 734 993 722 426 66 514 107 925 856 181 448 517 44 152 373 709 784 573 860 595 815 552
439 181 961 958 884 508 567 682 85 653 27 808 432 93 674 539 370 882 720 818 752 116 322 477 825 106 51 685 701 218 589 493 751 551 803 635 411 722 669 496 728 48 656 512 141 683 51 511 565 123 681
317 591 4 795 417 462 846 454 516 416 44 9 167 947 164 154 358 886 823 206 614 871 215 126 364 898 529 227 463 4 908 133 596 264 280 365 79 126 171 595 894 215 956 61 514 472 215 224 358 390 783
325 261 998 803 977 248 685 204 711 41 464 196 989 81 476 354 160 954 878 107 848 445 415 909 960 887 124 536 597 514 319 922 127 669 78 104 917 115 660 981 156 477 529 146 558 6 852 70 960 730 177
809 176 592 70 488 831 547 24 428 61 696 703 541 365 781 997 635 248 658 968 404 135 497 902 45 503 755 115 816 837 292 977 13 236 399 853 67 946 878 847 360 926 550 901 643 683 898 278 931 908 598
336 395 96 590 792 951 345 907 119 535 551 96 900 139 496 754 558 442 984 406 154 910 956 55 553 992 306 184 923 566 782 611 314 230 202 106 182 899 14 653 434 917 750 335 57 598 441 615 392 425 21
547 687 330 602 240 322 260 776 245 827 911 209 493 141 411 599 675 310 613 681 97 883 431 432 940 381 873 907 773 650 281 320 337 611 275 929 285 887 58 882 66 969 91 559 462 502 159 490 165 124 171
262 7 954 46 299 335 919 207 108 921 488 781 258 99 408 539 736 295 597 618 362 566 710 273 381 564 432 223 729 909 394 343 916 700 389 216 35 660 775 495 581 263 628 191 714 36 731 450 684 328 68
398 247 130 671 980 695 456 203 776 365 949 120 633 649 509 849 684 522 976 531 103 239 160 647 305 548 378 755 232 58 176 982 657 658 654 637 353 462 840 482 827 789 954 460 438 815 662 474 337 638 358
793 230 870 440 535 418 170 643 3 228 171 985 886 829 991 523 535 453 716 17 632 505 971 93 296 786 107 122 476 745 480 269 975 350 709 863 121 879 506 124 459 677 461 345 858 805 221 393 610 937 762
243 794 733 688 442 872 795 565 348 540 45 969 868 748 678 83 869 909 941 993 720 970 806 418 828 611 639 222 222 928 984 465 74 70 153 517 294 300 82 994 192 479 963 412 227 993 495 96 254 436 441
974 406 248 392 587 859 383 809 433 311 145 250 386 567 755 255 861 55 337 855 248 816 170 660 44 163 156 492 417 944 934 744 703 182 136 290 393 872 451 179 183 596 429 921 516 537 176 729 592 865 937
840 34 107 853 430 623 361 922 392 305 856 136 8 390 625 650 136 497 101 667 32 50 448 306 566 985 834 295 578 700 232 770 734 692 623 164 315 984 438 707 642 647 196 2 389 821 653 877 318 754 544
350 156 993 656 722 330 491 370 260 543 954 31 629 998 6 145 313 343 583 373 985 230 569 987 620 390 992 849 60 747 394 410 255 739 419 330 69 262 700 330 157 6 713 786 5 719 931 670 62 866 43
399 97 612 387 69 354 379 918 414 478 664 825 86 403 596 416 825 210 468 507 367 474 220 505 831 291 436 502 706 654 897 105 103 510 844 172 864 576 443 279 406 107 456 492 863 404 908 40 614 728 547
333 555 119 838 386 410 626 240 468 280 138 574 384 0 770 908 216 698 703 847 105 811 303 949 26 59 210 66 25 938 965 358 493 84 548 232 846 174 824 315 807 962 241 543 314 363 803 531 62 507 378
519 670 34 820 696 93 30 114 471 321 79 829 166 515 378 750 361 904 575 676 63 889 269 606 204 633 410 87 47 917 817 566 939 851 738 635 297 769 101 768 442 180 949 960 695 679 711 408 584 638 437
999 527 706 958 83 691 368 170 90 637 988 656 576 191 747 563 488 868 664 608 310 196 558 622 243 589 333 3 173 971 440 525 851 499 483 934 542 203 105 633 192 445 641 120 636 388 683 477 256 699 85
918 247 995 541 490 585 874 493 110 198 286 635 401 785 118 335 327 321 792 312 513 589 954 633 226 342 668 703 599 719 140 517 966 488 410 456 73 285 302 535 835 588 171 588 725 641 275 404 315 68 717
180 9 671 166 235 365 186 290 964 906 431 834 872 271 244 681 344 881 983 231 68 923 402 8 0 396 284 404 63 704 121 243 713 144 409 301 510 596 591 826 502 374 12 726 645 609 407 341 842 742 573
263 17 327 271 17 723 555 422 786 259 895 382 973 392 791 274 902 739 217 80 593 592 445 672 589 54 431 931 248 174 504 511 543 831 783 561 907 338 335 45 950 230 427 275 974 571 901 228 662 118 309
608 62 106 280 652 160 711 583 408 237 439 272 781 622 55 342 529 745 29 927 47 259 706 322 586 629 223 814 292 694 123 252 756 229 532 408 741 595 343 502 833 782 774 614 405 181 308 286 278 337 213
326 948 920 0 534 549 576 349 193 270 824 445 26 406 329 435 499 925 778 1 758 913 127 724 318 660 384 604 291 73 818 969 373 90 969 260 991 545 609 537 815 785 982 194 191 312 981 43 589 111 44
699 24 524 775 342 184 159 947 827 584 117 796 957 559 766 217 550 663 178 87 831 316 422 25 859 86 6 902 675 117 947 374 142 823 149 836 359 660 135 187 244 252 983 553 163 101 771 66 765 301 505
596 617 927 973 477 365 979 379 40 448 678 766 942 501 267 779 861 927 914 48 523 519 383 429 682 485 200 748 250 853 254 198 471 533 171 300 899 150 679 291 950 358 58 893 211 325 672 72 605 586 472
480 105 856 909 788 341 461 888 943 667 142 141 138 28 312 438 927 814 469 218 764 179 276 657 391 954 681 815 911 268 288 743 725 496 5 865 189 818 754 132 485 248 625 623 276 289 413 555 455 883 774
219 62 402 229 453 708 910 621 971 530 909 715 256 757 72 473 946 890 227 430 376 828 407 999 456 696 765 12 151 0 138 722 62 892 303 868 601 214 489 924 96 750 991 704 859 63 178 157 954 757 587
682 585 346 33 394 394 798 406 897 798 896 619 213 788 923 433 741 489 274 666 585 24 9 290 235 73 820 392 379 577 331 61 515 677 94 909 71 245 667 968 43 563 939 608 703 214 41 797 55 315 815
641 691 824 283 926 249 455 318 628 32 649 41 547 678 488 808 101 733 475 421 128 390 361 737 446 927 778 243 983 446 58 976 137 234 611 64 484 66 734 464 98 384 858 998 414 346 806 516 431 634 937
559 24 650 296 822 930 427 65 913 873 475 889 10 62 500 426 898 566 161 362 16 897 572 14 311 270 821 179 701 455 469 261 831 119 909 654 49 688 71 314 561 547 203 924 609 55 350 507 973 863 221
990 112 146 4 776 416 177 955 118 632 424 731 816 896 992 470 297 681 541 612 594 440 167 518 401 575 221 260 548 436 482 538 549 980 543 325 396 720 632 866 705 409 949 521 657 942 343 954 975 236 918
569 29 438 440 430 13 13 691 561 449 525 100 350 505 995 27 253 67 12 120 124 421 69 997 78 363 340 384 338 929 655 260 958 93 700 740 458 65 431 19 866 308 471 569 165 818 596 419 238 960 539
362 733 960 360 811 324 52 548 662 981 203 274 939 648 326 680 106 391 463 477 258 124 301 179 289 471 127 708 709 88 247 72 821 208 432 985 884 484 533 546 818 88 173 109 88 499 141 546 891 605 375
501 81 28 680 370 500 807 79 561 247 678 633 69 238 417 54 122 254 939 21 424 379 194 533 819 45 675 365 936 632 92 789 713 121 821 83 973 981 514 534 228 545 168 297 135 937 703 258 543 994 631
967 725 177 501 544 222 176 261 511 160 706 652 873 827 474 308 800 455 175 334 683 720 854 333 855 144 388 465 687 735 448 7 460 977 508 357 552 36 970 63 196 676 715 421 855 541 81 655 996 256 342
32 976 548 717 184 692 457 1 380 192 450 739 5 779 247 714 331 635 36 746 183 713 462 604 920 355 37 928 352 294 270 736 622 818 805 158 511 262 160 243 455 962 982 812 741 581 526 73 216 914 819
399 979 633 355 900 989 392 828 693 38 98 781 661 268 586 819 131 848 979 726 655 293 708 819 35 641 697 460 209 612 631 960 591 617 315 843 606 60 671 651 98 121 784 111 390 370 931 873 570 262 600
578 908 660 397 943 302 95 755 511 707 386 472 650 3 139 494 961 551 165 964 2 639 748 113 381 470 396 254 393 11 854 971 919 515 720 214 169 815 321 32 874 59 856 525 63 348 371 376 899 536 693
253 527 793 719 908 616 467 515 9 478 369 332 749 236 52 315 757 868 988 790 94 48 646 619 463 994 990 191 246 879 884 851 758 30 570 667 646 38 182 7 868 903 339 970 140 743 637 249 611 626 39
58 674 38 677 137 32 20 328 630 251 565 482 9 595 52 28 593 442 562 600 311 466 291 633 958 34 270 207 998 896 247 56 570 285 85 59 669 105 740 652 708 657 134 718 252 538 98 845 333 661 797
644 127 88 277 437 122 547 644 120 796 243 176 718 880 262 130 902 719 870 554 428 527 40 498 131 930 948 328 263 609 477 259 88 565 888 525 39 788 522 512 584 117 688 302 350 302 432 252 374 654 158
154 533 550 4 16 832 952 344 96 562 821 355 650 738 596 528 778 384 50 642 968 519 682 622 869 985 407 473 711 413 983 865 947 533 221 963 366 173 660 814 735 833 521 738 924 117 266 54 501 668 696
821 539 378 796 409 715 203 234 426 616 218 643 915 103 864 231 821 38 891 635 125 76 509 215 0 626 481 54 480 501 102 653 393 481 449 802 196 4 388 975 973 606 970 888 62 835 119 883 225 362 871
350 439 380 918 791 358 399 198 190 253 300 844 646 781 645 800 330 650 540 305 623 499 275 511 561 462 983 796 687 697 667 390 488 399 308 280 110 59 478 300 664 130 496 662 912 142 814 594 792 355 899
767 854 526 278 415 989 613 563 28 311 231 770 799 982 430 431 92 842 909 745 506 392 241 521 656 735 335 250 527 42 501 294 896 27 925 663 368 890 227 749 201 810 871 1 144 302 432 237 144 694 334
2 438 927 523 94 663 211 344 190 253 845 837 502 224 114 165 593 4 392 694 206 554 565 559 699 867 343 288 363 389 622 366 827 549 241 921 212 804 265 755 58 462 944 560 687 58 77 280 62 822 326
620 376 891 531 75 111 875 715 474 616 337 192 444 239 786 717 803 590 335 558 0 797 854 912 484 912 990 116 327 812 442 947 540 686 479 968 797 706 683 623 322 373 168 118 612 954 836 767 896 523 678
897 320 532 161 805 445 151 273 124 315 716 71 856 754 902 176 551 960 859 526 283 584 694 753 548 0 941 316 897 464 994 146 785 526 307 942 323 811 215 447 126 283 871 334 37 125 510 940 86 722 467
721 306 161 474 855 162 768 171 411 232 165 557 369 43 864 311 367 27 879 166 154 162 389 840 200 515 351 492 601 73 959 322 731 121 148 586 635 268 757 46 853 274 955 222 318 171 886 37 199 117 555
705 279 945 545 831 460 248 324 413 321 635 87 53 108 587 991 743 856 749 141 709 375 448 283 45 620 169 434 819 638 990 524 918 287 421 101 99 670 777 512 343 413 599 396 521 538 740 617 394 841 110
455 216 559 739 262 179 260 48 350 899 390 226 169 677 647 622 776 317 752 640 661 165 591 409 38 130 149 7 876 990 470 332 559 29 71 173 560 683 221 262 582 612 488 103 289 487 726 418 805 830 58
818 995 2 227 385 132 729 745 8 71 215 340 630 596 763 803 508 447 377 770 381 989 610 837 630 97 915 400 254 745 811 72 92 813 300 829 945 381 574 305 452 141 998 83 737 761 238 245 560 615 367
294 956 977 131 939 427 46 339 681 143 150 106 235 963 406 64 260 139 991 566 591 132 564 26 222 677 617 819 590 232 539 884 541 868 367 480 295 765 819 329 908 322 435 143 637 193 559 898 332 902 816
275 35 732 302 609 409 919 428 351 503 967 235 44 836 602 876 483 719 48 812 627 370 247 122 7 440 34 257 124 936 73 400 323 157 54 932 919 973 713 270 828 32 858 225 868 812 101 704 532 149 516
159 871 116 282 879 908 668 488 33 604 914 785 928 71 839 212 990 164 925 261 992 310 471 217 530 283 671 234 815 172 103 975 44 219 609 275 479 277 763 512 233 677 649 513 749 488 726 91 652 3 704
997 313 175 566 844 459 589 78 274 762 181 601 806 752 562 81 232 191 844 96 425 522 98 938 623 586 16 714 591 20 419 940 685 946 506 529 405 96 960 32 210 493 985 16 598 548 449 182 91 293 630
516 167 728 807 142 315 175 209 258 547 628 198 233 926 56 114 332 504 426 716 714 272 701 82 870 249 531 52 341 177 682 209 696 411 368 839 78 544 48 688 443 28 886 28 954 294 143 638 799 921 354
865 193 56 948 63 305 831 115 998 8 150 560 705 913 280 896 343 176 944 31 620 324 269 648 278 563 143 917 714 65 271 932 258 327 232 322 985 415 789 335 424 291 247 481 204 528 729 899 704 25 930
676 349 551 325 979 467 820 896 533 885 520 465 144 199 49 818 536 465 959 224 241 251 471 74 807 999 803 707 56 828 637 732 177 189 409 508 656 230 405 189 467 277 7 963 828 56 781 365 873 741 589
114 992 60 188 799 412 991 858 820 171 496 904 700 37 314 209 45 896 966 586 715 243 945 679 71 2 812 788 227 553 377 342 897 790 882 49 202 226 907 374 397 755 278 98 144 944 659 189 840 625 128
908 220 73 587 291 427 399 432 655 305 809 349 202 951 231 603 505 457 863 879 207 618 158 657 115 102 316 304 295 941 784 203 98170 858 142 804 285 893 236 292 198 398 641 753 349 873 356 855 682 219 86
889 190 244 546 305 699 862 961 994 155 746 549 316 956 691 473 241 584 61 886 135 459 527 888 161 400 596 368 83 168 454 324 710 51 871 15 750 733 328 744 241 426 645 909 382 336 382 976 272 796 862
407 607 389 647 768 142 244 488 225 412 943 549 122 994 772 489 744 858 169 840 99 596 485 8 978 173 743 954 797 539 816 205 146 206 852 267 348 448 755 925 212 698 826 686 44 599 175 140 809 345 980
908 293 817 916 271 342 11 226 140 550 394 697 49 952 549 316 652 350 71 929 562 122 756 249 166 707 776 307 516 473 639 424 766 809 692 38 151 56 616 291 606 362 988 7 315 890 323 967 592 395 249
154 869 5 755 35 64 532 694 580 357 334 356 124 495 400 514 646 808 130 290 767 492 278 774 159 520 98 479 112 845 728 619 714 85 374 101 149 258 796 81 616 482 437 740 977 189 254 975 998 736 265
765 228 896 539 740 416 989 219 881 186 947 500 900 32 226 354 181 485 150 614 101 984 403 193 313 592 447 288 942 535 554 59 763 802 951 855 218 940 74 451 479 373 951 379 405 178 85 938 15 587 904
116 571 307 309 236 900 108 525 194 643 431 254 758 233 205 614 803 497 40 255 976 414 558 708 171 88 793 462 103 733 366 571 656 674 880 893 926 340 770 120 983 201 726 94 786 931 708 941 781 100 548
109 514 107 817 38 195 963 852 651 696 218 222 352 244 455 597 170 795 367 643 131 920 369 225 706 653 285 0 434 385 548 543 252 655 713 642 203 676 494 206 724 64 428 428 309 883 26 831 31 745 474
162 666 196 739 724 849 24 724 635 761 273 178 13 280 243 7 835 271 501 41 995 918 470 776 227 705 154 410 736 899 237 250 565 433 989 642 634 365 366 269 127 991 799 492 272 395 500 459 666 353 501
662 271 323 790 850 380 944 261 469 843 498 719 761 283 61 403 269 426 769 890 553 113 41 46 385 436 898 196 103 251 697 117 523 20 907 373 753 851 986 222 46 836 941 807 119 2 210 740 781 332 630
334 445 672 732 182 108 630 378 211 882 76 328 757 448 235 482 201 438 469 423 485 305 717 292 777 71 855 517 852 187 148 539 632 820 271 166 928 254 544 492 136 972 820 245 773 408 727 326 198 196 102
683 502 819 328 279 242 183 148 447 722 296 986 706 116 609 872 397 863 768 889 351 93 61 596 866 821 324 192 20 872 294 55 726 465 735 357 708 918 506 155 992 802 493 698 271 102 922 20 318 691 261
669 784 322 266 2 496 942 194 868 166 841 923 893 306 659 602 366 929 108 873 922 263 366 972 886 821 895 906 139 938 167 808 722 841 426 76 337 720 270 205 887 463 481 132 770 492 734 488 421 843 362
695 458 80 20 344 901 267 250 392 205 769 553 279 610 979 355 948 52 625 153 939 441 634 71 563 478 805 51 900 0 765 947 810 846 319 154 99 586 756 844 791 525 397 70 136 728 425 436 780 403 589
719 844 576 142 759 54 300 810 306 652 928 606 463 126 925 969 577 512 78 421 655 955 170 726 91 899 503 527 679 906 469 751 102 397 245 861 803 897 24 462 550 952 68 365 78 345 686 655 209 764 429
865 720 599 591 163 850 94 43 882 353 864 633 807 613 230 21 416 128 397 230 30 349 650 395 779 996 433 786 205 198 215 70 270 167 13 433 17 460 828 899 165 692 884 324 305 115 345 74 595 742 304
625 443 955 372 574 303 805 361 860 355 928 931 977 95 296 411 113 108 591 364 273 636 249 598 941 716 295 367 311 38 24 288 833 331 12 408 634 169 121 494 525 49 777 502 145 426 265 610 534 209 974
808 845 223 758 138 939 53 506 602 443 882 242 277 213 254 37 847 776 158 693 653 207 823 507 704 249 773 314 783 334 289 943 179 864 701 317 156 107 175 110 550 57 353 179 270 959 216 469 735 726 515
388 934 338 896 990 939 21 305 722 355 946 18 534 162 71 851 318 178 379 429 81 436 134 260 707 93 829 528 829 555 43 569 841 733 465 832 672 838 489 747 193 787 765 727 949 188 931 268 367 662 49
448 98 183 60 157 628 241 686 809 797 81 379 990 815 196 174 487 35 15 234 228 802 351 308 752 540 591 20 907 253 421 707 703 956 119 861 584 361 899 394 510 980 125 852 795 321 27 283 708 394 869
277 32
