17 17
99 99 99 99 99 99 99 99 99 99 99 99 99 99 99 99 99
99  1  0  1  0  1  0  1  0  1  0  1  0  1  0  1 99
99  0 99 99 99 99 99 99 99 99 99 99 99 99 99  0 99
99  1 99 99 99 99 99 99 99 99 99 99 99 99 99  1 99
99  0 99 99 99 99 99 99 99 99 99 99 99 99 99  0 99
99  1 99 99 99 99 99 99 99 99 99 99 99 99 99  1 99
99  0 99 99 99 99 99 99 99 99 99 99 99 99 99  0 99
99  1 99 99 99 99 99 99 99 99 99 99 99 99 99  1 99
99  0 99 99 99 99 99 99 99 99 99 99 99 99 99  0 99
99  1 99 99 99 99 99 99 99 99 99 99 99 99 99  1 99
99  0 99 99 99 99 99 99 99 99 99 99 99 99 99  0 99
99  1 99 99 99 99 99 99 99 99 99 99 99 99 99  1 99
99  0 99 99 99 99 99 99 99 99 99 99 99 99 99  0 99
99  1 99 99 99 99 99 99 99 99 99 99 99 99 99  1 99
99  0 99 99 99 99 99 99 99 99 99 99 99 99 99  0 99
99  1  0  1  0  1  0  1  0  1  0  1  0  1  0  1 99
99 99 99 99 99 99 99 99 99 99 99 99 99 99 99 99 99
8 8
