1000 500 1000
-319.3 5246.5
-7329.9 -4566.1
-5728.7 1840.5
7532.1 3808.9
3732.5 8736.9
-2037.7 3176.3
-3845.5 5002.1
4748.7 -7042.3
-5154.3 -8195.7
9923.7 3528.5
-8765.5 7331.5
5765.9 8181.5
-2403.5 9677.9
4582.5 -9956.5
-5797.9 9662.5
1947.5 3349.1
-8812.9 3856.9
-9877.3 -2978.3
-5277.3 3543.3
2441.9 -8802.9
4664.5 4017.7
-8576.9 -4717.7
9831.3 9109.7
-8995.9 -775.5
-5330.7 -9960.3
-9605.9 -521.5
8687.3 3104.9
-7002.7 5789.9
5127.1 -4732.1
-4058.1 5852.1
2566.3 -5898.5
-4643.1 8878.5
-331.9 9663.9
6005.9 -4060.7
-2704.7 7041.9
-6856.7 7281.5
-2383.3 -738.5
2418.5 4341.3
4451.9 -6762.7
-8037.7 2689.7
1351.1 -780.3
2386.1 -6822.9
-8877.9 7153.5
-8470.3 -1972.3
6054.5 -9521.1
1724.3 608.3
-7121.3 -2374.7
-2522.1 -4334.1
-9882.1 -5880.7
-7202.7 2928.1
-9877.3 6112.3
-7009.9 5215.7
5011.9 -6756.3
-6356.9 2460.3
1205.5 4572.3
-4959.9 6957.3
-6768.3 -6163.5
5528.1 1246.5
-1824.7 -2085.1
846.7 -901.5
-5998.1 -5572.9
8367.7 1172.7
-6844.5 -4878.9
-975.3 -1789.9
-1002.9 -9024.9
6987.3 6925.1
-3651.3 9907.9
-1400.1 -445.9
-9586.7 1773.7
3522.1 -648.7
1308.7 -4455.9
6861.3 -7292.5
1409.9 -5548.7
-1860.5 -454.1
4361.9 -1915.3
7402.9 -7993.9
144.9 6840.7
6463.1 3486.7
5965.5 5206.7
1607.9 934.1
8726.5 7294.5
969.5 4609.9
-2543.5 8477.7
-385.7 4514.3
1387.7 -3168.5
7688.3 -1207.3
-3642.7 -2832.9
8487.3 2735.1
-7331.1 -14.7
-5037.7 5136.7
8724.3 6397.9
-2134.1 759.9
-2768.5 2371.5
-5561.3 7738.1
-505.9 -2925.9
-7650.3 -6894.1
7517.3 -2101.3
-7056.7 1394.5
9039.9 -4130.7
-9105.7 8318.1
3546.5 -1899.7
3766.1 3745.7
4018.3 2795.1
-6331.1 8699.3
5683.9 8529.5
-3532.3 5100.3
6438.5 -4431.5
2742.9 3514.5
-3053.7 -6106.9
7258.5 3854.1
-87.3 -6670.9
4655.7 609.3
2018.1 -148.9
5133.3 -8958.1
-4013.5 632.3
-3224.3 3957.1
-360.9 7701.9
5527.7 -5535.3
-7271.1 4127.3
-2866.5 8613.9
-5592.1 3315.1
-7723.5 -2266.5
6315.3 7989.1
5515.5 6416.3
-4139.3 -1671.1
-1626.9 8386.1
-4244.9 6856.3
7524.3 -8668.5
-5364.3 7247.9
-1808.7 -9477.5
9328.7 1996.9
7936.7 -3330.9
-5677.5 3351.7
-7574.3 6897.5
7546.9 -315.5
4404.1 -6676.9
-1655.7 2232.5
-9459.9 6273.9
-578.5 9728.7
2417.5 9105.1
9041.9 -6353.7
-33.7 -4912.1
88.9 -7569.9
569.1 7723.7
1453.9 -5020.3
7659.1 -7405.9
-2904.5 5514.9
8723.7 3974.5
-9915.9 -9451.5
2448.9 5089.7
3226.7 -862.3
-960.9 -4449.9
-6481.5 -4164.1
2625.1 -7297.7
529.3 1223.1
9120.5 -9690.9
-3720.9 3577.7
-6661.9 -1411.1
-1930.9 -1578.9
5184.5 5251.1
1506.9 7345.7
5632.9 -9462.9
-636.7 -9759.1
2268.3 7664.5
4558.3 195.9
-2657.9 2993.5
3993.3 3077.5
8078.9 9412.3
-7789.3 3809.3
-9548.3 -9560.1
-6369.7 3751.3
-7077.1 -134.9
-2206.9 -370.9
2450.5 4512.7
-3459.5 2346.9
8343.3 -6166.5
-4132.1 1434.7
-4422.9 -3091.7
6302.1 -3811.1
-7970.1 -2453.7
-2206.1 -5350.5
-1686.9 -8150.9
2747.9 5646.7
4667.7 4560.1
2926.9 7322.1
-9629.5 -8510.1
-1588.3 -5095.5
8821.3 340.5
1736.1 -3604.7
-903.9 -5435.7
6626.9 -4732.7
8290.9 -1882.5
4105.1 -7626.3
9102.9 -3912.7
-9794.3 8037.3
8590.5 1909.1
-694.3 22.7
8248.5 7291.9
4356.1 7980.3
-1965.5 -9502.5
-1620.9 -4194.1
1812.5 9099.1
-5203.7 6085.5
8788.3 6402.5
-3011.9 -1164.3
1611.9 1185.9
-8121.3 3310.3
-2190.1 4997.9
4755.3 9442.9
-8909.7 -207.5
-2792.9 679.9
-169.3 6735.7
3663.9 -3040.3
2049.9 8751.9
992.7 5401.5
-8511.1 9060.5
-3280.7 -4063.1
4087.7 4137.9
-7448.5 -6244.3
9522.1 -7059.1
-3045.1 5532.9
7805.1 2955.1
5736.1 6608.9
3345.1 -2727.1
8038.7 2709.3
-2571.9 4920.7
-1508.3 9622.9
795.3 8096.1
8038.9 232.3
-2337.5 -8505.7
5151.5 -8526.1
-5161.1 8214.7
-2708.5 2423.9
8894.3 3337.1
-2393.1 -5929.5
-9842.5 -8604.9
7601.3 -4219.5
4666.9 -3043.7
7244.5 2903.7
-5019.1 -5397.3
5055.5 8200.3
-8822.5 -5707.1
4832.9 5540.7
-2613.7 -7070.9
9834.1 4046.1
-5869.9 -2898.1
7206.1 9494.3
1687.7 9878.7
-6391.3 -1106.7
2275.7 -248.1
995.7 1842.7
2678.9 -9603.3
6079.9 -1956.1
-5520.5 5863.1
8409.9 5227.1
-4100.3 4143.1
7319.5 4198.1
523.7 -3159.9
-2342.7 5484.9
9843.7 7881.9
3297.3 5068.5
963.5 7022.7
-8300.9 -7432.5
-2100.7 9850.9
8214.5 -7817.5
5542.9 1572.5
1823.5 -7529.1
4989.7 -9245.3
1721.3 761.5
5092.7 -4631.5
-9004.1 9735.9
-2490.3 -8421.7
4626.5 -6576.3
8189.1 6667.1
3918.7 8545.5
6663.1 -4418.3
-7112.9 -8066.5
7273.1 6557.3
298.3 6783.7
-1609.9 -8910.5
3337.7 -1488.1
-1389.3 4288.9
3679.5 -5745.5
-1645.7 -4642.3
9720.3 5484.7
1492.7 2785.3
6058.9 -4497.3
9992.1 -1434.7
7513.9 -786.5
-9000.3 9943.1
-9495.5 -6039.9
-1888.9 -3663.9
4272.5 8388.9
-9855.5 -5873.1
1511.5 -5652.5
3993.1 3166.9
6715.7 286.5
-6714.9 -8715.9
1952.9 390.9
4747.5 -8339.5
-3826.7 -2234.1
-5489.1 -4664.9
-8582.3 6821.5
-6664.5 5317.5
-4579.5 181.3
197.1 -7743.7
-8502.7 9428.3
5071.7 4827.5
-9625.7 211.3
-3665.7 5306.5
-8406.7 4924.5
-2052.3 -3151.3
-3767.7 5287.3
-157.7 -5251.7
9537.9 -7687.5
-2434.5 -4908.5
-9760.3 -6246.1
2456.3 -2732.1
2689.5 7788.3
-7549.7 7925.3
7470.9 -8284.5
2220.7 -5429.7
-2881.5 5305.3
2678.7 -9566.1
3286.3 6046.9
4247.7 5978.5
-45.5 -9991.9
-4314.1 -6267.5
923.5 -4097.7
-4794.9 1574.9
-9206.1 -4674.3
-8325.9 -2034.7
8233.9 6427.1
3177.1 6380.7
5454.5 5140.7
6029.1 9930.3
-8129.7 3663.1
-9829.3 -4931.9
-9295.9 6339.7
-4475.5 2901.1
-8637.3 9934.9
-6413.3 9936.5
6718.7 9968.1
6734.3 -7972.3
9328.5 1074.1
8569.7 -6017.5
6660.1 6046.7
-1065.5 8497.5
-5161.7 3494.5
4423.9 3760.9
-7577.1 2208.9
175.5 4758.1
2139.3 5104.5
828.3 -4406.7
-8880.5 1039.9
-3779.1 8064.1
-3335.9 1653.3
6729.3 5913.9
6822.7 -7403.1
2143.9 2994.3
3940.9 3325.1
5876.3 -8433.7
6805.7 957.3
6588.1 -1432.3
3530.1 -3521.1
-4742.9 -3742.1
8785.7 -9697.1
5611.5 -7842.1
-6318.7 -675.1
-4730.1 -4372.5
6255.1 -5837.3
-7317.3 -4014.3
-7491.3 -3663.3
-2031.7 -3098.1
-5093.5 161.7
8135.9 1752.9
7987.3 3995.3
6344.5 5303.5
6504.3 6481.3
-5043.7 -7089.1
8976.7 6501.9
6967.7 -2744.3
2029.3 -1541.5
1606.7 -4354.1
8798.1 -3578.5
613.7 -7244.7
9799.5 -330.1
798.9 -404.9
3713.5 -1410.7
5648.5 -5017.7
-5592.1 -3102.1
-7680.7 -3320.1
-7879.5 3319.7
3647.3 2199.9
622.9 5530.3
-669.9 -5205.5
6731.5 -8338.5
9988.9 -373.7
5132.3 6397.7
5226.9 -4878.9
830.1 -4796.3
-3374.1 -8981.7
7067.7 -6921.5
-3956.9 3893.5
917.3 -4813.7
8336.9 1530.3
8114.7 4168.3
-9025.3 -4563.9
-986.3 -6011.9
1425.9 -8445.1
-5144.7 8836.3
-574.7 -3136.5
9313.3 -7385.3
9159.3 -6605.9
1701.9 7477.3
-5474.7 -4773.9
4345.3 3561.1
8289.7 1792.7
5896.5 9267.1
4519.9 9683.3
8840.3 -2089.7
-6071.3 -2586.3
8267.3 1971.3
-9199.1 -2098.7
-7252.3 8360.3
-9055.1 -9830.3
-8816.1 3990.7
-9354.5 -8995.3
-8559.3 -6734.1
4539.7 -6651.3
-9259.9 -9953.3
-7194.7 2456.9
-8934.1 699.5
-1417.5 741.1
-4331.3 2320.9
43.3 3010.3
-649.9 -3205.7
7253.5 1457.7
-4276.3 2585.7
535.5 7260.1
-1833.7 -3498.7
-8112.3 3119.3
-5271.1 5998.9
-9673.1 9736.5
3537.1 5756.5
1648.5 -8295.7
4878.5 1849.5
-8088.3 -1758.7
-9342.1 -7579.1
2553.9 172.5
-1640.7 7206.7
-4984.7 -2100.5
4989.9 -960.1
-4184.5 1339.7
-8459.3 4758.7
-4837.7 -2762.7
-4655.5 3031.1
137.9 -726.7
-2740.9 4192.5
4490.3 -3228.7
8363.1 -469.9
-7267.7 1585.7
3812.5 -6674.9
5494.5 -8799.1
8528.1 6941.3
222.5 4127.7
2272.1 -4230.5
6608.9 -4802.5
9406.7 8123.1
7096.1 4085.3
-3371.3 -2207.5
-6743.3 -4054.9
-785.1 -6712.1
799.9 -7079.7
-3015.5 -622.5
-3629.5 7208.5
2057.3 4783.9
4345.3 -9547.7
8670.5 -3979.7
-6193.5 -5515.5
-645.1 1504.3
5250.3 -8005.5
4990.1 -823.7
-5846.7 3461.7
2391.9 -7688.1
-8206.7 6054.5
-9286.3 9704.7
-3817.1 -975.3
-7566.9 2066.9
2207.1 -7876.5
8259.3 6142.9
3633.9 9506.7
-3939.5 -2606.7
-3083.5 -7154.1
-6874.9 454.1
6278.7 7508.7
-3349.9 7754.3
-8432.5 -8117.5
1886.9 -2754.5
-1581.5 -567.1
8439.7 8753.9
-6598.9 -9299.9
133.9 -1037.5
-9937.9 -351.1
1118.5 -4442.7
5105.7 2512.5
4467.5 -7287.9
-3146.9 1066.7
-267.1 -3036.5
-1728.1 2607.9
-6813.9 -9206.1
6389.7 -7907.7
2112.1 -2730.5
-1463.1 2375.1
-5345.1 -2655.7
3603.1 -1997.3
8483.7 -8513.1
-6644.7 -7794.5
8553.7 -1309.9
-2264.5 5658.3
2535.7 338.5
-1783.9 -6578.1
-3199.1 2962.3
-3823.3 -8024.5
-9642.1 4785.7
-1408.3 -4911.3
-6106.1 -816.9
189.7 665.9
6871.3 -9015.5
-1282.7 1050.5
8827.3 -2287.9
9416.9 113.7
3085.5 2163.1
7682.7 6266.9
4616.7 559.7
3029.1 -5231.7
2035.3 5763.9
-97.7 -9260.5
-387.9 2413.7
-9007.7 1820.3
7335.1 3343.9
-5578.9 -4976.9
2115.9 1984.1
-3076.5 5231.7
1358.5 -2267.9
6868.7 3020.3
5620.5 -1570.5
4397.1 -3881.7
9435.5 6878.1
-7168.5 9516.9
4962.5 -3722.9
-7008.5 7469.7
1740.9 735.5
-4836.7 3217.5
6210.7 6681.5
736.7 9918.9
-6964.3 5509.9
-3244.5 3328.9
2387.7 -5678.5
-3320.7 3857.9
7301.9 -2083.9
6355.1 -4013.7
7962.7 -9579.7
2360.1 8820.7
-1281.7 8106.5
-4026.9 -7808.1
2151.1 3518.5
-4643.7 1871.7
-3407.9 1198.5
999.1 -8358.5
-2039.9 -6658.9
5272.7 9459.3
-5808.5 9631.5
-3043.1 1007.3
5653.5 -7844.7
2694.3 -5527.3
7124.3 -231.1
3146.7 -6734.3
-7487.9 -7742.5
7160.7 -954.7
-5334.9 2387.1
-9369.3 -9910.3
4744.9 -9718.9
-6956.3 4912.7
-9581.9 -7967.7
-2064.1 -8341.1
-5124.5 -6583.3
2657.3 3237.7
6931.9 -4650.3
-1957.3 5834.9
-5703.5 3576.1
772.5 -2950.9
5349.3 -6288.7
-6600.7 -2522.7
3678.9 8798.1
-9770.9 1154.5
8155.3 9563.3
-505.9 -1499.5
4990.3 4272.7
1642.9 -3993.1
-9529.7 726.5
-2246.9 -6193.1
163.3 4088.7
-5272.7 -7843.7
-7274.7 7407.3
705.5 -7094.9
-2613.5 5611.5
9314.5 -5130.3
-3984.3 1202.3
-4129.3 7094.5
-1080.9 2339.1
-472.3 7604.3
-8506.7 -8286.5
-5024.7 -9546.5
756.9 -59.7
-7804.9 -4728.7
-1830.3 -346.1
-1677.7 -8996.5
7087.7 1938.1
8458.7 3100.9
-8062.3 7971.1
-9913.3 -4750.7
-338.5 463.9
-8646.3 -8005.3
-7142.7 -8457.9
7686.9 6942.1
-4799.1 -2542.1
7539.7 4872.7
-9168.7 7894.7
84.1 4834.5
-5529.5 -7082.1
362.3 8871.7
-7722.3 2340.9
-9321.5 -209.9
-9705.1 3814.3
-5883.1 -3234.9
-4347.5 -6845.5
7292.7 -3477.3
-6595.3 1549.1
9030.7 677.5
4161.7 5531.1
2130.3 -6749.1
7336.3 776.1
9804.5 -7151.5
861.3 9816.5
-3622.7 -1273.3
-7144.7 940.3
6957.5 -6166.7
5323.7 -7622.9
9222.5 5519.3
-821.7 -3046.3
-2457.3 -521.5
8917.5 -7795.5
-2324.1 -5973.9
4861.7 -7702.1
-939.1 -809.3
-542.9 6432.7
-6230.9 8009.5
7361.5 2320.9
-5743.9 7498.7
9779.7 8043.1
942.9 -4762.9
4010.3 -7805.5
-2446.3 -9760.1
-1724.9 4181.9
-5615.1 -3168.3
4009.5 9119.7
-6050.3 4147.9
1880.1 4508.5
2547.9 102.3
-6412.5 -7002.3
-3905.1 -202.7
-9728.9 9559.5
5131.9 -2509.5
2482.7 6089.1
-2312.5 2859.3
-1470.7 -4098.1
8505.3 -3462.5
-1648.5 4141.1
-7619.7 -5760.9
7473.3 -1924.9
-9803.9 -929.9
-1222.5 7840.3
5333.7 -7323.7
9173.7 165.1
7933.1 -8922.3
426.5 -7482.3
9869.5 -930.7
6405.7 5657.9
7484.1 -8823.9
-9779.1 2037.5
5641.5 2385.7
-4946.5 -4441.5
-9724.5 -5141.1
-634.9 -371.5
3726.5 5352.1
-9279.1 -2634.9
-9798.3 5702.1
-9639.7 -7598.9
-176.5 -2829.1
6388.9 2373.5
760.5 -1882.7
-2675.5 4872.7
-8079.3 -1597.9
7174.3 9828.1
9367.3 6076.9
-933.5 2343.5
4348.5 -8155.3
-5176.5 3104.9
-6809.7 7309.3
3106.7 7368.9
-3712.5 9512.7
7000.5 -6509.7
-929.3 8715.3
-5506.7 -9164.3
1297.5 4910.5
-4681.1 -1319.5
2301.5 -6342.9
-4243.3 -1222.7
-6402.5 79.3
3389.3 8320.9
5721.5 6057.3
-4801.9 5156.5
-1424.9 -1935.9
9411.5 3042.3
-1380.7 -6878.1
-1548.9 7687.9
9376.1 483.1
7075.3 -8079.7
-3956.3 -8631.5
-2356.1 7072.5
9163.5 3437.9
-6702.3 4385.1
5882.3 -2952.9
2859.7 -2486.9
9347.9 4337.5
7616.1 2392.1
-4737.5 4505.7
1750.5 -9357.9
653.3 -8391.5
-8420.7 -2553.3
4056.1 1893.7
2881.3 -9125.5
-221.3 -6777.5
-3112.1 194.9
9027.9 7758.7
-4514.9 -455.9
7974.1 -208.9
1327.1 -1225.5
-4109.9 3687.7
7285.1 2020.1
-4440.7 -5195.9
-409.3 1123.7
-7228.5 -3418.5
3521.1 5428.1
-6013.7 3746.7
-5432.1 3917.7
5334.3 7428.9
-7550.1 8976.9
-3957.1 9345.9
-7372.1 -1098.1
902.9 -8010.3
8917.9 -1759.3
1391.1 -6436.3
9299.7 -8153.7
-1805.7 -7775.5
-4266.3 5831.9
4760.3 6389.1
1586.3 5358.7
1708.1 -9388.7
1827.9 -1314.7
1759.7 7763.3
6685.7 -4880.3
2671.5 -7036.7
6446.9 -5039.7
9167.5 -8521.5
-6293.1 1646.5
2871.7 5383.3
-6262.7 2866.9
-2585.7 1669.3
-5884.1 8986.7
-9785.9 -3546.3
2885.7 2909.1
-1070.9 -3181.9
-7240.7 -6806.7
8613.1 -405.9
3518.3 -500.9
-3196.1 5500.7
-8322.5 -463.9
-4742.9 -2297.5
-9481.7 6154.7
9462.5 -440.9
2783.1 -7358.9
-3796.9 8574.5
-8709.5 -1792.7
-9082.1 -8451.7
2681.5 622.7
-2608.3 -7583.5
-1238.7 -1024.3
-856.5 -3671.1
-7838.9 9486.5
-2164.3 -9127.7
-7827.9 5295.5
-523.1 9288.1
-1420.3 4379.5
2817.9 9026.9
-7048.9 6340.5
-2244.9 -4707.9
6762.3 1088.9
-5269.7 2642.7
3051.5 -7069.3
-4412.3 2681.1
8623.5 -9426.1
-8816.5 2302.9
7165.7 -5698.3
9792.3 -4120.3
9960.7 -199.3
-1945.3 -2139.5
5081.9 -5802.1
5325.3 -3236.5
7336.5 -5704.5
4049.3 -9721.3
9554.3 -1113.9
-8520.5 8329.5
8456.7 -4807.3
3262.3 2637.9
-961.9 4439.9
-7002.9 -1244.7
-258.1 -1188.3
3688.3 271.7
6977.9 -4556.7
1016.5 -5497.9
-8461.3 6653.9
2351.9 8497.5
5177.1 -4678.3
-6227.7 1195.3
1918.1 962.1
-8188.1 6156.7
8964.3 -3158.5
-1493.5 -5690.3
6314.1 3662.1
-9947.3 4456.9
-7082.9 -7925.7
-4688.1 740.3
-4782.7 7326.9
-6297.1 6648.7
7343.7 3104.7
7769.5 8705.5
-1028.3 987.7
-2666.5 4099.5
8725.1 -3367.1
1251.3 6810.5
5846.7 -8756.7
-9495.3 -7642.1
-8407.9 -3498.1
-3419.3 -4425.5
5809.9 -1473.5
2378.3 -1180.3
-8905.7 6350.1
-6948.1 9927.1
-6895.1 1164.9
9951.7 -9036.7
-8533.5 -2824.7
-199.3 9210.7
8877.7 -5224.9
-8712.5 -9409.3
7387.3 -5176.5
5477.7 7857.9
-7093.1 2119.3
757.9 2498.1
-8287.3 -8617.1
-6810.1 -4586.9
-1787.7 -5739.3
2103.5 -9357.9
-9640.1 -6377.1
-2713.7 -5586.5
848.5 -4600.1
-3262.7 2393.1
8788.9 -2122.5
1320.7 7981.7
1188.5 -1064.7
9336.9 9844.9
1347.1 2284.7
5122.5 3526.1
-1053.9 6675.3
-7660.5 -4403.1
-4292.1 4325.9
229.7 -1153.5
4430.1 -2727.7
-2196.5 1622.9
-6846.3 3675.3
2896.9 -5073.1
-6176.1 733.5
7917.1 2018.5
5601.3 570.1
-9168.5 2300.5
-3534.3 -8058.3
3868.7 6224.5
-689.5 -4183.1
-4246.5 6977.1
-7297.9 6290.3
2425.1 9270.1
7031.1 4771.7
8820.9 -1136.3
-2231.3 990.1
-2419.9 9484.1
-3393.7 -8053.5
-7239.9 3141.5
-9020.9 4120.7
-6006.9 -7797.7
8460.5 -5018.7
181.7 -9214.3
9050.7 -5255.9
3297.9 6909.7
8949.3 -5217.5
-5329.5 6536.1
-6858.1 -2346.3
-4333.7 -7620.1
6884.5 8385.9
543.7 8853.3
1417.3 -1209.1
-648.9 3318.1
7325.7 -883.3
8957.7 3723.5
-3661.3 -5232.9
-4343.3 3825.9
8184.9 8465.7
9610.9 5367.7
3439.5 -8514.9
-1813.7 -1332.1
5652.1 -2616.1
5855.9 3474.9
-1779.7 -6997.9
6174.1 8122.1
1492.7 9178.7
1885.3 4434.7
-1098.7 8019.5
1367.3 -3449.7
-5976.1 -7616.3
3822.5 8411.5
3273.7 9609.9
1818.3 -5186.9
5734.1 5164.5
-8295.1 3482.3
5158.3 3437.3
-8199.7 1150.9
8176.3 -1250.5
5250.5 2636.5
-7261.3 -2415.1
8561.1 2311.3
1967.5 4917.7
-8783.3 7112.3
-323.7 -2063.9
-6441.3 7989.1
-8899.3 -3233.9
-7891.5 5139.3
3810.1 -2635.5
-3687.1 327.5
-9909.5 -5008.7
-178.5 -1879.3
7711.5 -4885.7
3673.1 5657.5
-9162.3 -6596.1
-8081.5 -8492.9
-2364.9 -6571.5
-1751.9 3702.9
-7567.1 -4562.5
452.9 -9303.1
7492.7 -5572.3
3806.7 -6258.1
-8913.7 -2703.9
1406.5 -5859.9
-9483.5 -5027.1
6068.7 1902.3
8429.7 -6114.7
2087.9 1400.7
2929.3 4785.1
-2560.7 8835.5
6935.5 6585.5
-5275.3 -1950.3
8552.5 3349.3
7305.5 4893.1
2590.7 -3381.9
8247.9 -7889.7
8978.9 9545.5
-7575.9 -3821.1
-9614.1 9895.7
-3121.5 4967.7
1227.1 8184.1
4762.1 -7838.9
-9217.9 4918.5
-6714.9 1119.1
-966.3 877.7
7655.7 3429.7
-1615.1 6054.7
-8712.9 -4373.5
-5717.7 3631.9
5282.1 2384.1
8529.5 5904.5
7924.3 -2915.5
9 612
266 660
234 526
392 510
194 752
247 890
689 716
280 614
299 372
25 88
306 912
517 569
699 810
372 439
267 963
113 847
252 920
364 611
587 748
452 925
219 392
556 998
206 376
139 930
467 472
783 967
868 870
571 687
664 929
45 536
475 552
76 419
87 345
15 682
666 684
9 291
430 769
408 777
727 754
179 403
81 375
459 586
310 443
359 961
178 224
290 629
273 913
124 307
14 76
919 981
20 958
359 971
186 462
355 576
143 473
392 892
133 426
123 721
732 998
233 917
70 102
280 581
70 595
540 879
186 630
91 291
22 201
126 461
863 867
10 392
326 963
177 346
490 766
156 404
280 380
69 391
820 826
621 882
134 389
150 661
356 769
38 374
847 861
568 914
72 458
599 921
149 920
84 388
645 847
123 213
102 564
210 703
669 969
17 589
206 651
104 396
392 618
21 96
297 714
107 916
6 511
890 923
137 937
296 335
180 513
678 854
331 607
416 763
290 865
532 655
544 809
178 926
243 881
653 836
324 844
78 612
644 785
664 939
356 803
268 558
150 751
336 601
265 797
1 742
69 530
597 928
27 601
570 795
167 912
144 518
666 709
357 975
793 959
907 911
430 678
491 818
96 847
801 901
216 599
985 987
273 738
17 921
585 716
810 916
191 890
422 558
524 606
155 637
642 980
433 938
122 846
652 828
593 661
358 844
640 971
899 954
594 940
632 953
316 644
239 491
36 792
574 606
83 140
546 950
493 768
449 580
333 975
373 698
335 722
346 814
429 782
104 569
580 919
157 527
256 282
275 376
134 654
147 709
569 766
938 986
194 429
603 965
519 893
54 805
341 645
262 706
36 928
156 679
166 225
328 483
173 821
441 566
578 758
579 741
523 922
653 918
202 277
111 289
773 774
38 325
31 303
551 595
133 542
276 604
769 865
335 380
137 405
216 535
449 858
351 601
453 706
605 720
449 984
340 689
661 705
48 291
113 983
82 413
133 690
24 898
15 381
753 988
291 613
645 823
772 959
49 760
122 198
335 729
329 675
419 793
177 538
424 856
960 998
418 923
200 941
29 294
622 901
326 999
572 979
271 400
297 988
601 993
307 633
410 733
271 479
428 806
464 966
175 956
430 875
265 639
121 122
188 344
432 895
1 498
593 963
457 939
98 456
304 917
378 847
81 834
76 919
651 925
971 988
194 360
280 826
288 638
449 668
275 532
678 874
310 436
23 92
89 251
301 673
106 159
540 803
337 979
43 832
797 807
556 639
647 683
14 266
380 429
553 817
734 876
1 541
59 546
296 493
300 563
91 121
930 978
515 953
84 830
388 798
324 766
248 370
655 713
139 422
692 874
725 855
218 515
3 8
467 753
193 996
229 666
715 732
480 903
508 854
383 437
271 575
529 559
51 646
23 761
19 361
273 817
196 787
275 645
507 784
176 572
106 655
135 781
499 787
737 824
253 740
207 475
69 636
211 333
782 877
96 98
198 340
301 689
261 977
155 436
172 649
190 983
452 468
836 973
843 918
476 559
80 997
192 615
735 774
358 964
329 772
596 907
203 433
77 611
283 978
78 762
455 799
39 927
386 948
426 654
412 636
520 746
12 713
81 520
802 936
319 848
649 670
418 871
648 812
444 656
233 255
505 668
413 766
328 514
140 959
518 728
784 953
328 847
696 764
470 996
76 315
316 418
858 920
172 621
860 877
491 946
185 692
136 247
210 989
158 267
585 903
477 909
882 997
146 229
30 477
368 602
589 676
269 616
785 791
617 843
509 894
537 622
389 891
55 818
129 275
452 996
493 592
378 758
663 868
97 432
425 745
83 446
252 528
246 814
303 709
295 425
464 589
501 602
242 558
120 864
815 872
74 401
824 931
34 227
829 969
734 865
467 558
517 648
106 626
544 562
95 512
240 611
199 384
579 677
376 528
828 980
171 774
819 896
398 939
305 481
460 995
110 429
324 713
116 317
171 700
267 694
428 958
243 865
610 967
141 984
719 992
57 241
52 429
108 239
53 549
613 702
123 482
38 947
888 912
576 821
789 902
476 937
452 953
398 833
510 607
411 902
335 843
74 359
40 530
479 812
222 982
332 553
474 833
420 758
111 545
393 912
572 978
316 675
615 774
367 819
334 574
248 332
909 966
271 957
82 940
266 899
60 248
514 530
198 949
548 967
164 851
539 573
456 860
296 855
131 533
327 412
336 528
707 746
538 617
704 818
536 546
494 632
424 513
268 438
6 141
839 901
410 626
744 902
162 271
466 788
107 504
122 618
103 947
228 403
263 629
450 531
72 958
671 792
725 950
414 900
157 181
438 972
369 787
711 881
359 638
211 722
260 985
133 367
366 848
306 848
493 641
357 915
142 278
241 566
488 570
119 352
636 678
331 651
538 557
240 665
94 746
478 738
560 678
91 810
304 479
535 720
803 846
426 834
229 654
118 439
325 514
212 419
473 731
152 274
363 690
345 618
767 997
512 634
457 666
781 989
443 899
281 434
35 431
674 865
216 317
358 729
291 726
515 633
279 623
439 767
110 625
820 908
52 555
388 711
594 903
622 905
96 507
155 730
228 593
277 380
276 354
385 851
742 781
831 932
29 575
113 971
149 646
518 720
565 992
8 210
41 262
665 899
277 814
358 368
389 975
210 808
65 797
250 881
15 199
31 730
241 793
734 753
391 630
20 238
78 933
290 881
649 886
268 439
317 382
255 653
148 654
539 762
4 225
732 913
251 667
482 688
69 709
814 864
504 600
454 480
456 813
581 901
101 290
218 734
512 534
25 673
507 592
155 296
505 999
315 316
46 796
161 694
45 772
137 480
73 959
590 989
613 798
372 381
108 975
91 532
336 590
473 983
297 863
374 908
291 771
692 797
223 392
571 958
499 648
26 284
79 962
151 245
340 456
754 918
376 625
691 860
317 391
39 916
62 788
372 415
251 696
631 837
275 366
83 475
907 972
308 980
903 937
464 648
296 817
422 602
225 549
98 785
148 438
25 850
639 978
17 791
551 839
330 345
512 886
474 997
818 831
385 551
354 758
264 526
282 968
362 942
2 997
784 935
522 897
585 600
381 896
112 308
395 728
201 418
253 327
181 534
237 973
478 586
322 493
238 512
465 901
250 848
20 421
283 786
643 684
345 581
304 737
2 737
324 382
673 769
389 488
202 259
47 292
359 479
171 874
2 56
246 404
157 992
611 990
847 946
800 816
147 161
345 576
202 893
226 909
153 796
241 832
178 444
562 854
318 912
67 170
776 894
179 287
211 404
392 465
76 81
483 691
172 443
521 826
49 545
461 568
123 743
87 462
26 705
357 846
389 443
288 520
338 511
102 808
478 958
47 294
758 918
550 986
687 809
413 563
439 980
512 732
127 177
170 229
190 626
131 617
112 760
356 624
44 370
515 582
255 718
72 781
820 936
108 953
115 546
507 649
307 364
461 625
402 423
876 976
135 924
236 307
241 623
645 831
204 761
497 717
285 677
496 940
725 892
71 220
348 372
453 689
225 287
100 575
867 895
933 979
440 643
26 283
428 860
349 714
262 282
114 961
758 875
507 808
39 774
685 904
323 708
563 623
493 979
609 981
763 801
78 448
171 209
328 631
54 898
198 282
231 413
189 328
246 842
33 769
467 846
9 739
421 875
133 804
270 980
587 798
575 684
446 772
529 588
75 936
307 988
564 926
377 442
74 948
249 377
440 547
480 632
391 401
351 581
228 683
316 894
863 929
68 88
391 627
459 600
3 348
34 199
431 955
111 873
171 320
470 677
764 793
193 262
174 275
56 313
684 995
359 721
459 731
528 927
665 833
63 686
159 301
152 272
562 660
176 513
210 886
296 331
555 883
150 694
195 713
158 218
461 775
331 792
722 780
53 693
150 237
176 632
517 685
67 691
268 407
734 849
571 777
793 839
61 944
485 970
26 627
593 602
568 606
38 801
120 710
411 592
343 586
267 432
148 364
607 729
717 901
123 871
410 804
575 936
168 285
341 934
558 746
183 838
434 982
186 992
199 475
617 881
67 252
211 987
218 330
257 735
80 730
502 820
526 797
102 589
754 765
725 791
106 963
89 135
363 943
111 238
527 995
134 739
450 572
279 376
268 742
208 599
780 863
542 765
575 978
705 772
200 223
578 706
233 970
391 805
224 671
171 980
146 423
443 967
56 610
700 869
258 903
180 670
359 960
721 894
34 675
355 403
843 945
704 784
36 223
202 556
318 886
149 588
73 718
79 457
203 982
314 642
37 904
305 782
164 429
19 884
84 756
608 875
72 223
42 135
660 968
138 172
416 647
361 941
521 650
669 724
851 916
57 609
603 834
186 229
263 684
413 808
316 855
248 358
27 46
702 860
263 532
51 627
757 769
56 818
427 573
339 766
405 585
806 854
426 941
285 750
517 601
110 971
168 392
269 968
730 848
78 423
546 661
775 984
129 830
324 563
354 360
150 371
15 623
129 208
195 757
594 970
57 209
446 530
156 776
193 474
293 745
343 479
