1000 20 1
8023.9 7463.7
1202.1 -8494.9
3555.3 8925.5
1740.7 -670.7
-1470.7 -6407.3
-7571.9 7891.9
2737.5 -949.9
-2330.5 2079.3
-4407.3 2650.3
-6702.5 -1597.5
7669.5 -3173.1
-3590.7 2506.7
-9460.3 7754.5
5066.9 -544.1
-8944.7 -3228.3
637.9 8970.5
-6617.3 679.5
1328.1 7137.7
323.9 -5945.3
1098.5 -6298.5
-6436.7 3756.9
-2780.3 7185.7
6822.1 -4414.7
8243.5 -9436.7
-7746.7 -5392.1
-8740.9 7945.3
8813.9 -2810.9
9219.7 -7243.1
5768.3 2337.9
-2323.3 1463.1
2960.5 9776.1
8009.7 -5723.3
8303.3 982.7
8757.3 6816.5
3398.7 2057.1
-7202.9 -6442.9
8243.9 -6567.5
1493.3 5467.5
6681.1 670.5
-2.5 -2228.1
7310.7 8931.9
6044.1 -9370.3
-6431.1 -2084.3
-6355.9 7047.1
-9358.9 -3455.7
4080.5 -572.5
-1033.7 8100.1
4227.1 8189.1
-5160.5 4411.5
6830.5 -9039.9
891.9 -7350.7
-526.5 -2195.1
-9756.1 -2278.9
-5702.9 9396.9
8198.5 4772.3
441.3 2801.3
-7078.9 -408.1
3388.9 -1792.7
5192.1 -8108.1
-6991.3 -5603.1
-3700.9 -9266.3
7765.7 -7459.9
-7616.3 3167.9
1437.9 -2287.1
740.3 -6492.7
-3100.7 -3237.7
-6680.3 -5402.9
8712.5 2163.5
9541.9 6211.1
-1162.7 5923.5
-3026.9 1414.3
-8840.3 9455.3
-3419.7 341.3
1599.7 -8105.3
-6923.5 3141.1
2431.9 4213.1
4643.5 5231.5
-2706.5 -6505.7
9426.5 -8626.9
1809.1 -1765.5
9088.3 -5958.9
-7740.5 -3408.5
3690.9 -4213.5
-4980.1 5983.1
-1501.9 -8989.3
-7715.3 680.5
-723.5 -5814.9
6668.3 -5843.5
1343.3 4976.9
-1171.9 -3557.3
7776.9 -6184.7
2810.9 -4304.1
5606.5 -9612.1
-8784.9 5078.1
-3666.1 -3903.7
-1262.3 9683.5
6618.7 -640.7
2468.1 1366.1
5466.1 -4349.1
6279.7 -1459.5
-3538.9 -6918.5
-1473.1 7470.5
-8682.1 9860.7
5136.3 6077.5
7162.5 9483.7
377.9 241.9
3655.5 -3062.1
6838.5 6516.3
-1941.5 -7995.3
8526.9 5591.9
5092.1 9691.9
-3085.7 7501.3
-1148.7 -1366.7
-1715.3 -6486.9
7034.5 -9417.1
-5528.1 -2356.5
9315.5 -4362.1
-2863.7 -9287.5
1654.5 3308.3
-2553.1 -6326.9
-5825.7 -4283.9
4750.3 -8550.9
3911.3 -7716.9
6138.1 9249.1
8790.7 -1074.1
-7298.9 7681.5
1631.1 7928.3
799.5 -6720.3
-7170.7 3853.1
-1528.3 -3855.1
4899.7 -3454.9
7881.7 -8165.3
-9154.7 -7988.1
-4242.5 -2525.7
5452.7 -6245.3
-9284.3 -891.9
-6025.1 -6645.5
-168.5 -2018.1
3920.7 -2441.3
706.9 4267.9
1154.3 -537.3
3448.7 7283.1
1890.9 -3945.1
3571.7 -5957.1
-938.9 452.7
37.1 5805.3
7463.5 -365.3
1325.3 -946.1
6353.5 1008.1
-2387.7 6955.9
843.3 -9750.9
1246.9 5238.5
-7241.1 3169.7
3340.5 -6555.1
-9570.5 9177.7
-1711.9 6817.5
1648.9 635.3
-7927.9 3317.7
341.9 5482.3
-3230.7 -5583.1
-6670.1 7071.5
2090.5 5782.7
7411.3 451.1
6159.7 8092.7
7962.5 -3749.5
6506.9 -2014.1
-3824.3 5071.9
-6491.7 -792.7
-580.3 -158.3
9340.9 9296.7
2891.1 8888.5
-5203.9 -5171.7
9719.1 6051.9
8199.9 -2939.3
-1734.7 -4499.7
4619.7 2919.9
-1186.1 -1480.5
7673.3 8337.7
3759.9 -4649.3
-1914.3 2703.7
-8838.5 -1827.9
1658.3 7464.5
9479.9 -9175.3
-3554.5 2893.7
4413.5 1417.5
5853.9 1402.7
-9792.7 4962.7
-3475.3 -3510.1
990.7 9796.5
-3527.9 8026.1
-6422.3 -9981.7
4955.7 -2429.9
3643.7 3865.3
647.9 -6747.5
-4308.1 -8640.5
823.9 -3038.5
-4968.9 9635.7
7450.1 2816.7
-5894.3 8783.7
-4144.7 812.5
-8206.3 -2986.9
-3802.5 -5953.3
1021.7 -3914.9
-3609.9 9946.7
-6219.9 -59.1
-3673.7 9747.1
-8807.7 9816.9
9955.3 8481.3
-5843.5 4767.9
4400.3 3603.3
697.9 8978.5
-9841.3 -2236.3
2690.1 8376.9
-4930.1 -3356.7
-728.7 -6473.1
-1209.1 5145.1
6101.9 5026.5
4454.3 -3659.9
-1721.5 8048.3
3255.5 804.5
-5895.5 -8152.9
-3365.1 -9270.3
-6310.9 -1373.3
-3048.1 -1856.7
-6517.5 -77.7
1169.5 4969.5
-796.5 -6834.7
-4737.5 6998.7
-7728.1 -9468.3
-8909.3 -7670.5
-9202.9 8640.1
-7605.9 -6613.7
-6568.9 -2286.9
2381.3 -1561.7
2415.3 -3307.1
6915.1 -3131.3
6124.5 -464.7
7431.1 404.9
538.3 -5281.7
2838.3 -5489.3
9889.5 7865.3
-8445.5 2969.7
-6350.1 1093.7
-4199.9 7162.1
-1225.5 1260.9
-8484.7 -144.1
5975.9 -4741.7
-3665.9 -5687.3
4245.3 -9573.7
2294.1 -7928.3
8712.9 3508.7
-4156.3 -9230.3
-4208.5 -4870.1
-8937.3 1753.7
8926.7 -205.1
-6690.5 6427.1
2669.7 4255.7
-548.9 9625.1
-3205.7 2376.3
5455.9 8421.7
-2090.5 2997.9
-6077.5 -8398.5
4377.3 -5293.5
-9802.5 -9860.1
3259.1 -318.3
6806.9 1276.3
-5056.7 -5558.9
-9255.7 -9642.3
6128.9 -9829.7
3226.7 6120.9
6994.7 9923.3
6142.5 2554.3
-1336.3 -8197.7
-8794.3 3736.7
3024.5 4148.9
2732.3 -9620.7
-4124.9 -855.3
8274.7 -274.3
7212.7 -4858.9
-4905.7 -5257.9
6878.1 7533.5
4018.1 -8367.7
9659.5 -5346.5
6687.5 -9157.5
8333.7 -6852.3
-4679.7 -7421.9
45.3 -2511.5
209.9 198.9
6525.7 8154.7
5311.9 -6494.3
-5709.1 4130.5
-7407.7 3490.3
9060.5 -3042.5
-434.3 -4877.3
8942.1 1535.5
-1321.9 -9375.7
-9209.3 -4692.5
1389.1 1650.1
-7600.5 -8045.7
9326.1 3793.9
4122.3 -6187.9
-3962.7 7064.5
676.9 9468.5
6108.7 766.1
-7634.3 -6776.7
-4012.3 5189.7
3440.1 7334.9
-8939.1 -3545.5
-8050.3 -5131.5
-4535.9 8600.3
-1129.3 -7998.5
8944.5 -4682.7
6530.3 7946.5
-442.3 -2538.1
-4213.3 9932.1
333.1 7830.7
-6425.1 5041.9
-3936.3 2107.3
3908.3 1663.1
-2172.3 -7118.9
8713.5 -6723.9
5212.5 -576.9
2000.3 -3824.7
-6749.3 -1984.9
4863.9 3862.5
-7621.9 -7888.7
-7673.7 -6671.3
4850.5 7259.9
-3841.3 -5493.3
-1734.9 -9850.3
-7513.9 -8423.5
-4800.9 -2177.5
5671.1 2078.9
-6331.3 -7797.1
1112.5 8611.9
9646.7 7101.3
-9854.1 7576.7
3084.1 -3953.7
1030.5 2270.3
5831.7 -7275.3
-9547.9 -8345.5
-1894.1 -5681.5
2647.1 3411.5
3878.9 6460.3
-6536.3 8944.5
7081.5 -5476.5
-8076.9 -6849.3
-5781.7 3502.5
-8572.7 -879.7
-5502.1 4684.9
-9763.3 9092.7
-6485.1 8145.3
-2999.3 -4628.5
2231.1 6028.1
-8941.9 2377.3
1551.1 -5857.5
-2087.9 9420.1
-1277.3 -2002.9
-1755.7 1881.9
9313.9 -3712.5
-2240.1 9820.1
-8986.1 389.3
-4611.5 -4996.7
2197.3 2549.1
4234.3 -9442.9
1424.5 9956.9
-2957.7 -106.1
4388.3 -9005.7
9904.3 4283.3
-1804.3 5493.7
7413.5 -9936.3
3301.3 6391.5
5847.7 5443.7
3489.1 -1757.3
6782.3 -4461.9
623.7 4836.7
-4265.1 975.3
-9457.1 2435.9
-5422.3 -1087.3
3151.5 2008.7
9639.5 -1092.7
-2570.3 -8908.1
8045.1 -3129.9
-1369.1 -103.3
-6601.1 -9066.3
2494.5 6045.5
-8679.9 -344.1
-6514.3 -446.5
1250.7 -6269.5
-5991.7 -9012.3
-2421.9 -9885.3
9732.5 8845.7
-3695.1 1039.3
-7418.9 -9641.1
-275.5 -4772.9
-6566.5 -7462.3
-674.3 9573.3
1478.5 -723.1
2970.9 1014.7
8513.3 -7963.1
-5793.5 -7658.3
-4855.7 3961.5
-7620.9 3632.5
4566.7 -8051.5
-5495.9 -6730.7
-2009.9 -2742.7
-8164.9 6129.9
-4085.5 -1144.5
-4025.3 1782.5
-2416.5 -2546.5
-652.5 3140.5
4288.9 1930.7
5841.9 -7192.7
1882.7 -6209.9
-3828.1 2201.3
-5973.1 -1885.9
9842.1 -2849.1
3502.7 -285.3
1287.3 -8004.1
-9873.9 5623.5
-5965.5 -2093.1
-4273.1 -7262.9
3756.1 9556.1
-9307.1 9626.1
-7398.7 -8572.7
8790.7 -2271.3
-7318.5 4652.7
-1908.7 -659.1
-8259.9 7908.1
6446.7 4392.3
-8676.7 -9467.5
-3697.7 -7977.1
3603.9 -5417.9
-9183.5 -2939.3
-3466.3 17.7
7533.7 1205.3
2277.5 -7464.3
-7107.1 1109.9
-7904.1 -4756.1
5579.1 -1852.1
6388.7 -6514.1
1123.1 -4835.9
-7320.1 -5471.1
-9884.3 7417.5
8825.7 -729.3
8734.5 3112.5
-1543.9 -9797.9
-2389.5 -6163.9
6628.3 7890.9
4004.9 -635.1
7678.3 3844.9
-7774.1 -5028.5
-4657.5 -1877.9
-7803.9 -862.7
-8546.1 7874.7
-7611.3 5567.7
1275.3 3914.7
3518.7 1032.7
1084.5 -5328.9
2092.9 6411.7
-6886.1 9617.5
6049.1 -3614.9
-6746.7 -3381.1
186.3 9748.1
5206.5 -2763.5
-9061.5 9298.3
8802.7 -2165.1
8097.3 -1849.3
-5255.5 -4647.3
5833.9 5723.5
-157.9 96.3
-662.5 -9710.3
8152.3 -8849.3
-9190.9 -3152.9
-9789.3 -927.5
-6317.3 -6113.5
4827.3 6337.9
-3626.5 3771.1
-3008.7 -1363.9
5428.9 8387.5
-8687.1 4407.3
-596.7 -2638.7
-9476.9 1397.3
-7084.3 -1118.7
1921.9 -8790.5
-7325.3 2863.7
-9793.9 5260.9
-7871.3 -4676.9
3772.3 -92.1
6812.7 6141.9
9300.9 -9641.1
-6604.1 -5754.9
4619.1 8781.3
918.3 -8866.1
-8964.3 763.9
-2434.9 2197.1
-2331.7 -522.9
-7322.5 -7881.7
-3475.3 -4467.7
-5089.3 -6916.9
-2356.5 -634.3
-4353.9 -6631.1
-8933.5 4760.3
-1799.3 3419.1
4388.7 -9981.1
-6344.7 1169.9
5352.3 -6533.9
-9415.7 -5493.7
2106.9 1889.1
-8273.9 4482.7
-2335.1 -6593.1
-9545.5 3934.1
-8193.5 -68.9
-1038.1 3913.7
1215.1 -9499.7
6244.9 -3766.1
6217.3 -5101.5
-2200.5 7568.1
-7315.3 5625.3
4932.5 -3244.1
8398.3 6913.1
-2807.7 7826.3
-7480.7 5401.5
-3109.5 4362.5
-5986.1 4511.3
4688.9 5030.5
-7904.5 -5081.1
7473.1 -8965.3
-6303.3 -8975.9
7902.5 -7960.9
-9706.1 3176.5
7744.1 2351.3
-3873.3 -7763.9
-2527.7 -376.5
3380.5 4718.5
-6016.7 -6680.5
-297.9 8607.5
-999.9 -3871.9
8165.1 8260.1
5737.5 -3291.5
-7326.1 -3012.9
-2118.7 6244.1
1828.5 -9419.7
7820.7 3637.3
9544.5 9133.7
-531.3 -8749.1
9000.7 3265.7
6856.1 7508.1
4504.3 4017.3
7408.1 -9629.1
-5435.7 72.5
-2372.7 6482.3
2435.5 -9642.9
6114.7 -426.7
-9228.7 -9466.3
9607.7 409.9
-2857.1 4196.3
-6882.7 -8030.1
2171.5 -2379.1
-231.3 -2842.9
1020.9 4631.3
8246.7 1038.5
-6760.5 -989.5
-709.3 -9098.1
4647.5 -7975.1
302.9 -696.3
9835.1 2474.5
-7892.3 -130.3
-3770.1 -8064.7
1806.5 -8388.5
-663.5 5309.5
-8263.9 -2531.7
3698.5 -4268.7
-8606.1 -8449.1
-8694.1 5047.5
-2046.3 3051.1
9157.5 -2655.5
-7197.5 4018.7
-9276.1 2360.3
5118.3 2677.3
7845.3 -2819.7
5844.3 9904.1
7037.1 -520.9
-8380.1 1914.7
7528.7 -6243.1
-6003.5 3352.9
2446.9 6457.1
-5163.5 4944.9
6315.3 -9401.1
-418.9 9586.5
2717.3 4172.9
486.9 5635.1
-3400.7 2212.9
-2729.7 5256.7
-8613.5 5844.3
-8008.1 -7387.5
6630.9 -6503.1
-6861.5 8875.1
3923.1 4721.7
-9090.7 -4204.7
9366.3 -6818.5
-4702.7 -4573.9
-8122.5 -5230.1
-4259.7 6194.3
2556.7 -8605.3
-260.9 -9482.1
6684.1 2784.5
1644.9 6922.1
-7695.5 556.9
9419.3 5593.9
3270.7 4329.9
6194.9 -4002.7
-9893.3 4533.3
1274.7 -4390.1
918.3 -1213.3
-9494.5 -8073.5
-7855.5 -9688.9
-6456.9 -4832.7
6665.9 3736.9
-2124.9 -8769.9
-9828.7 7770.3
5765.1 -1324.1
2513.1 -8962.9
4787.1 -4788.3
-5629.1 20.9
4171.5 7011.3
-4724.1 -9.5
-840.1 -4332.9
5791.5 2315.7
3507.7 -5626.9
-1976.1 -7992.5
7154.7 -8509.7
6267.1 -3082.5
1145.5 -1031.5
-6130.9 -3623.1
-9105.9 3152.3
6668.9 -3303.3
-6330.3 -3504.3
7419.9 -5518.5
3995.1 6288.5
4335.3 -9259.1
8213.9 -5946.9
-6532.3 -3438.1
1529.5 -8401.5
9617.9 8691.3
-3262.3 -9577.1
-594.3 2419.3
905.1 -81.7
9783.7 6346.5
7616.1 6537.5
2473.5 7769.9
-790.9 -5140.1
3876.9 -22.5
-3068.3 -3915.7
-8217.9 3688.7
1570.3 -8135.5
7353.7 3271.3
9237.3 -6191.1
3519.9 1104.3
3070.9 -4752.3
8265.9 -5807.9
-8389.1 6148.9
-7018.5 -7538.3
4355.5 -5920.1
-1886.5 -6035.1
8109.1 -6019.1
6412.1 9792.1
-8973.9 5299.3
9501.1 -7305.7
-6496.9 -8394.5
-9030.1 2075.9
-1700.1 5662.7
-2697.5 -6543.5
-6592.7 5521.3
1687.3 5474.3
2029.3 1597.3
-4829.7 -2270.5
-4510.1 -3963.7
-681.5 4222.9
-3718.1 3019.1
359.5 7908.5
6047.7 1480.9
1860.1 -8393.1
4647.7 4356.7
8074.1 -7740.3
-9539.5 9143.7
-7611.5 6280.1
-5333.1 1085.3
-7106.3 3033.1
-6427.9 7806.5
-9215.9 -5766.5
9546.1 -2524.3
-4494.3 6005.5
255.5 -4704.1
-9672.9 -1730.1
-8231.3 1252.3
8424.1 -8271.3
9843.9 -370.9
-1483.7 3569.9
-6530.9 5672.1
6796.1 -6170.5
-3519.1 -4948.3
9090.9 -7927.1
6365.3 825.9
-771.3 5561.9
-6637.1 6592.5
-9252.9 61.9
-9578.7 8901.9
-9091.5 1534.1
9781.3 -3325.5
1223.3 4883.5
-7952.7 2749.1
5323.5 8678.9
-9560.3 -6896.5
-753.3 7784.3
9638.7 -905.3
-8868.7 -715.1
9746.3 -7358.3
-1934.1 1298.7
-1122.9 9562.3
8674.3 -1617.5
-657.9 -3861.3
-3505.5 -8285.5
6987.9 -4874.7
-7012.1 -8030.5
9253.1 9186.5
-8311.1 74.1
3323.5 -545.9
601.3 -3487.5
6520.3 3085.5
4709.5 2552.3
4777.9 4978.7
9216.5 9431.1
-1.1 -5470.9
8614.9 -2028.9
-6752.3 -6183.5
4900.1 5782.5
5172.3 -2872.5
7162.7 6177.3
-9795.7 -7096.3
526.1 -6005.5
-4765.3 6398.5
-5788.5 1213.1
4758.7 -8675.5
-981.5 9183.3
-8962.5 -3545.1
-407.1 1117.1
3954.1 5660.3
-4371.7 3514.5
-6336.5 -4625.5
-3393.9 -276.1
-9850.5 1584.5
7874.7 5318.3
9944.1 7330.9
-1221.5 -2886.7
9566.3 -6347.9
-9525.3 9508.7
3030.1 7471.9
-7822.7 -7072.3
-62.7 -4668.3
-5721.9 -7126.9
8332.5 -6364.5
817.9 -3281.1
-2683.7 1051.9
6528.7 -2690.3
-1246.5 -5427.7
3157.7 -5942.5
-9038.7 -3322.5
-1567.3 3358.9
6787.3 -1851.1
-28.5 -7978.3
-1672.9 1125.3
-1032.1 -9428.1
503.5 8254.1
2146.3 9470.7
-3224.5 9130.3
1346.5 -5141.7
-5847.7 7072.5
-6769.7 6204.9
-9322.9 7971.3
-7227.1 4736.3
-4245.1 -9662.7
2056.5 -4955.5
1780.7 -5069.3
1107.5 4197.7
-9716.9 -2474.1
3853.9 -4304.3
-1716.5 -3082.7
-3908.9 -5988.7
3390.7 5402.7
1873.5 1450.9
-1030.3 -2405.3
-2199.3 3912.1
5136.3 -5098.9
-1334.1 -2128.9
-5430.3 -629.7
998.1 -1423.9
-6310.5 3414.7
7423.9 -9993.1
3372.7 -7977.9
-9155.1 4809.5
3547.3 -5603.7
-274.5 5231.1
-9992.1 -7015.1
6462.7 -6866.3
-6082.9 2098.9
-5367.3 -6674.5
1968.1 880.9
-3990.3 -4490.5
4779.5 -6664.5
-1621.5 -6269.1
2320.9 1990.7
3327.3 7839.5
-2478.9 1533.7
-1461.3 2593.7
-2864.7 1604.1
-9044.7 -5175.3
4638.1 7416.7
-4853.7 4332.5
-1448.3 569.9
-5451.1 7219.3
-9574.7 4860.9
-9416.5 -6955.1
-6838.7 -3564.1
4259.7 6727.1
6788.7 -6971.9
-9336.7 1427.9
7138.5 8867.3
4489.9 -8184.7
-2610.3 4976.1
-2219.1 6789.7
2403.5 -7215.7
5670.3 9370.1
5009.9 7802.9
9435.7 -836.9
-4862.7 -4935.9
-6426.9 -9916.3
-6352.9 3267.1
4055.9 -3905.1
-572.7 1581.7
8466.3 -5837.3
2268.1 2647.5
2617.5 573.7
5243.7 -1702.3
-1325.3 -7992.7
-9340.5 -5507.5
4890.1 -9919.9
-8671.9 2233.9
3860.3 2498.9
3352.9 -2494.9
6709.9 9414.9
-2552.9 -4936.5
-7155.1 -5051.3
8042.7 -9979.7
-2878.7 -4617.3
7887.9 -9360.1
2646.9 -7534.7
-1236.1 3302.1
-9112.1 -3862.9
-8036.3 -5188.7
-9411.5 9922.1
9418.5 9589.7
6703.9 -5815.7
-3047.3 378.5
415.1 3746.1
9505.3 -6731.5
7134.3 3167.3
-5749.3 6846.1
-8454.3 -9437.3
-3738.1 8901.3
-3413.9 201.3
6206.1 3438.9
2815.1 -9851.9
987.3 -37.7
-6797.9 -8244.3
-5535.5 6991.5
-3471.5 7736.3
460.1 566.1
-6448.3 -4869.7
-4721.3 -4647.7
1294.3 -6877.5
-2655.9 8165.7
-3416.1 9535.7
5732.1 -7317.9
1161.7 -153.5
-1335.5 7838.5
-203.7 -7931.5
-6785.7 -2484.5
805.7 2670.9
6753.5 4794.5
-3107.5 -7365.5
-1550.5 9998.7
-9375.3 6650.7
-3293.7 1598.7
-3898.7 -1428.1
-3930.9 5985.1
-8733.9 -977.7
1692.3 6379.7
-9851.1 3052.3
2343.3 -429.1
-2916.3 1669.9
-5250.3 -1626.5
-5859.3 1683.3
622.1 -6924.5
-4077.1 -3096.1
-6308.9 3382.3
-4901.3 8073.7
4737.1 6213.9
6450.1 5258.5
-1353.5 -9387.7
2458.9 2439.7
-9485.1 -7936.1
-5862.5 8940.1
8690.3 -2470.3
7999.9 8830.7
-5683.9 4986.5
-4376.1 -2342.3
7605.1 6361.9
-8493.1 1832.5
-34.1 4002.1
4088.1 6768.7
6430.5 -8101.1
-1872.7 -969.1
-7781.5 -3492.3
-6409.9 -1052.1
9783.1 -2035.5
-7802.5 -9237.9
-4364.3 -5093.7
1725.3 8087.5
-5019.3 -2448.3
-8406.1 6752.1
-4271.7 -9182.5
7388.1 4719.5
-8930.9 -8010.9
-6879.9 -4933.7
4473.7 -4075.5
1525.3 -8798.9
9731.1 8130.3
-6460.9 -7662.7
355.9 5790.5
-2957.5 3147.5
-4107.5 -2157.1
-208.3 -4418.7
-6044.3 6357.1
-5843.1 7752.9
-6653.5 -5397.3
-9489.9 -2957.5
-7199.3 -6124.7
4611.9 6831.9
4435.9 -357.5
6175.9 1203.1
5404.7 -9834.1
3365.9 6378.5
-8384.1 -4970.9
873.1 3009.5
5810.7 5496.1
8247.9 -401.3
6014.3 -9465.5
842.5 -1149.1
1187.3 9397.7
91.5 8887.1
2246.7 -4225.5
5145.9 770.5
-3366.1 -7089.3
259.1 8680.9
4096.5 -4623.1
-9984.3 -9500.7
9142.1 705.7
8493.5 -576.1
-1819.5 8089.3
-7556.9 8886.5
-7569.7 -7134.5
-7836.1 3553.7
-3272.7 -9992.5
-3507.9 6876.9
1954.7 -3071.5
-9884.7 -7046.7
4008.7 7504.1
5804.9 -8521.3
3184.7 -3755.7
-4731.9 -1907.5
-3356.3 8533.7
7177.7 -3098.9
7461.7 -9049.3
-934.1 -5817.3
2363.9 -4620.9
1271.5 2907.5
3945.3 7083.7
-611.5 -4613.7
-2848.7 -6333.1
-1364.9 3651.9
5544.7 3385.7
8861.5 -7093.5
-6142.1 5395.1
-1866.1 5233.9
5533.5 7545.9
-9992.7 -8931.1
-3533.3 6135.3
-6077.9 6450.7
-1357.7 1384.5
418 920
