1000 1 100
-3147.3 -6536.5
9727.3 -9639.7
-435.1 2011.1
-8513.1 -1444.1
-4203.9 3986.1
-361.9 -3973.7
7330.3 9098.7
-9123.7 -2753.3
-83.3 5158.9
1868.5 -9247.5
-3379.7 -2596.9
4505.1 9378.9
5589.3 1027.9
-2558.7 1944.1
-192.9 -4939.7
9498.7 -3960.9
784.3 -6715.5
5305.7 5652.1
-9512.1 -1797.1
1433.5 -6276.1
6714.9 3323.3
-3695.1 6668.9
-6752.9 -2115.9
-1096.9 -3149.1
2915.1 8059.1
-2961.3 6388.7
-8573.7 -5170.3
-3420.1 -3946.3
-5435.1 -4095.9
-219.7 1875.7
1615.7 2279.5
2352.5 -7102.7
-8728.3 4864.7
-7331.1 -929.3
-7769.5 8867.3
5378.3 -4732.9
4772.9 3071.3
-2346.1 -7252.1
-2436.9 8268.1
5394.5 -329.1
2330.7 9116.3
-4581.1 -7182.9
-669.9 -783.3
8796.5 -4644.5
-8888.9 5015.9
9537.7 -9202.5
-4424.1 -7012.5
-58.1 -9573.3
-5.7 -9741.5
3406.5 -1444.3
3744.9 -2158.1
-4084.7 -3042.1
5085.7 -2879.3
1581.3 -1429.3
6857.1 -3257.5
-1853.1 -4401.7
9533.1 7210.1
-6281.5 1856.7
1914.7 6016.1
-3028.3 6717.9
-933.3 -5245.5
4939.9 -1986.5
-8294.3 -104.9
1321.1 3756.3
-9128.9 4811.1
-6354.1 -2379.7
1911.7 3153.1
2283.9 -9668.9
-3130.5 5301.7
-6894.9 -470.1
-700.9 -8514.5
2492.1 -5207.3
6327.7 405.5
-3267.1 -4132.1
-5861.9 7829.7
-6794.9 9275.1
-1603.7 -6688.7
-4622.3 -4769.1
8574.3 -5532.3
5862.5 4172.1
9443.9 5479.1
-4901.1 -9822.5
-9936.7 4772.5
7196.9 -6059.9
-2712.1 -9036.7
-3944.5 -3176.1
-9881.7 -3228.3
-3612.9 3371.9
7837.5 3276.7
-7503.7 -5198.7
-8497.5 -4969.7
8040.5 -3213.3
-7931.1 3812.3
-3872.3 923.7
9677.5 -2866.7
-7839.3 -4713.3
1216.5 1496.7
-291.1 1506.7
8597.1 9029.1
-9496.3 3461.7
7658.3 7221.5
3567.3 9805.7
-9099.7 -4646.9
-886.9 4763.1
7225.1 -7039.9
2427.5 498.7
-7256.5 -4228.9
639.5 -8708.5
-2570.1 4043.3
-5708.5 978.7
9211.3 6598.7
-5669.3 5652.9
2342.7 -9417.1
-7236.1 8528.9
-9914.9 -303.1
21.7 -1886.1
-6448.9 -7925.3
-5340.1 -3580.7
2706.1 -8198.1
-9970.3 -9830.3
1537.5 -6401.3
-7993.1 234.3
3653.9 -4405.1
4719.1 4397.7
-5378.9 6481.7
8125.7 2752.9
106.5 502.9
-3314.3 -9066.9
-46.9 -9829.9
4049.1 -7872.9
-5131.5 -3890.3
228.9 -618.7
5606.1 -9808.9
4123.3 -1703.3
-8365.3 -9782.1
6416.7 -6146.3
-7931.7 1261.7
-1854.5 8757.7
5913.7 1085.1
1262.5 -1699.3
-3108.1 -8294.3
5120.7 1273.9
-7993.9 -2183.7
-6216.7 -5406.1
-1834.3 3399.9
-955.5 -2517.1
-8949.3 -1320.1
4998.1 680.7
-8014.1 -9655.7
-9374.1 2039.3
-3874.9 -6449.3
-9272.7 4624.5
-2901.9 8119.9
4200.1 7815.7
2372.1 6979.7
5232.7 -5201.5
-5769.3 -8743.9
-9519.9 2655.1
8658.3 -1977.9
969.1 7388.5
2309.7 -8014.5
-6175.7 -9372.3
3596.9 -5125.9
-7509.7 1014.3
-6445.5 -5105.1
-1841.3 -9195.7
3530.1 -397.1
-8643.5 6326.5
3363.7 7197.7
740.5 -4917.5
-9488.7 5618.1
-9869.5 6613.3
7009.7 3208.3
-8603.5 8653.5
8949.3 -4235.9
-3703.1 -2626.9
-727.3 -1138.1
-7389.7 4416.7
7445.5 -6929.3
-7915.7 -8150.5
-550.5 692.7
2379.9 3730.5
8506.5 5118.9
2137.7 5999.1
-7328.5 -6448.3
1552.9 8174.7
7100.7 -9505.3
634.1 9004.9
-4357.5 2319.3
-9736.7 -213.7
-2836.1 -1127.7
-4705.9 4428.1
5316.9 -9898.9
1347.5 9512.5
-6500.1 -1658.7
-8636.3 9207.5
4092.3 1419.5
-1626.5 6887.5
7777.5 -8342.3
-9550.3 4417.9
-9871.9 -3303.7
-5944.9 4860.7
936.9 546.9
-6173.3 -2395.5
-447.9 -3447.7
4871.1 -5175.9
9756.3 -1400.1
7168.3 7652.9
9116.3 1016.7
9530.1 5590.9
-4190.3 -1012.3
-3087.9 -7979.3
-6318.7 7642.9
-1215.3 -5001.9
7523.9 6244.3
-8169.7 -6331.7
-3764.5 1326.1
6756.5 -4430.1
-3685.1 -3083.7
-9532.7 1625.3
6725.9 3642.9
-8088.1 1493.7
-9752.7 -1426.3
-8584.9 -4312.3
2224.9 652.7
3334.5 9087.9
-7627.5 -5970.3
1430.7 9736.9
-1457.7 580.1
-4105.5 9673.9
-7750.1 9586.5
8949.5 -2541.5
9915.3 3982.3
9855.9 7996.3
-4966.3 5300.3
2247.7 8573.5
6191.1 -9222.3
4425.7 -7878.7
-981.3 2029.9
9216.7 3320.7
9688.9 -7735.9
9565.7 -7690.9
6846.3 5647.7
-249.3 -7406.3
9368.7 5009.5
-9290.5 -7423.5
3609.1 -2064.5
4159.1 3257.5
9090.5 3894.5
7571.5 -5652.5
3247.5 1435.7
-7848.9 1011.3
2348.9 -9176.5
3874.7 574.3
390.9 -4186.5
7420.9 -1835.1
5754.9 -665.9
2198.7 -9744.5
5753.3 5224.1
4895.1 -7900.3
-5100.3 1596.5
-305.1 -7728.7
7019.3 7632.1
-8526.1 -8699.3
-7177.3 7141.1
1729.1 -8615.5
3657.7 -5416.5
-284.3 3133.5
-2216.5 7381.5
1586.1 9002.1
-6297.7 2342.7
-5910.7 4521.5
-2268.5 8508.9
5774.1 -8223.9
6523.5 -1460.3
386.5 6310.9
825.1 -2486.7
-1269.9 8635.7
4876.3 -9559.5
-7874.9 -9709.1
-9712.1 -5736.9
6415.9 -707.1
-5685.7 -8782.3
-6182.7 -352.9
-2216.3 5065.5
-2713.1 -4132.3
9635.5 -9656.7
-2462.3 5140.1
7829.3 7651.3
-696.5 2337.5
-7354.1 7844.3
9167.9 -2830.1
-7828.7 -7880.1
3940.9 -9561.3
-8392.1 5799.5
8711.1 -5376.3
1556.3 3717.7
3856.9 7188.5
-4815.3 4407.7
1403.3 -2288.9
485.3 8507.7
479.1 9229.3
9989.9 2640.1
-4936.7 2655.9
1136.9 -6757.9
-1466.7 9784.5
4739.3 -2867.5
-6691.9 903.9
-2370.7 -99.5
5614.3 -6356.9
4060.3 -5951.9
8337.9 -9168.3
335.3 -9049.9
-3798.9 2036.1
2018.9 9803.9
6696.7 6462.5
4054.5 8723.3
-4006.7 -3456.7
-3504.3 -3480.7
337.7 -6200.1
5446.9 7135.1
8049.9 6971.3
1932.7 4607.1
-4974.9 3146.1
9673.9 7843.9
950.7 -7269.1
6791.7 1105.3
3486.1 9193.3
2827.3 -1249.5
-6284.3 -2825.1
-2840.3 -3249.7
9932.1 -8030.1
-2449.3 -1006.3
-9022.9 8055.1
9680.1 125.3
6833.9 -8372.3
-4005.9 9468.1
-1305.1 9557.1
9384.7 6989.1
-8487.7 8471.1
2005.9 -1530.9
7831.3 3013.5
-8507.9 1442.9
-6611.9 9705.7
-4181.5 -468.1
-5123.1 6087.9
-4053.5 -6011.5
2854.9 -8494.1
1545.5 -2965.5
9455.9 7839.1
1247.3 -3693.9
-4986.1 1672.3
6707.1 -7624.5
9844.9 1391.3
8550.7 1637.3
-2054.3 -2945.9
-941.9 -469.7
3049.9 -7750.7
-9548.7 -9004.5
-9111.9 -2804.9
3040.7 -1610.5
1616.1 -7244.1
-6510.9 6049.3
8923.3 702.3
-656.5 3028.3
-6029.3 2801.3
-9548.1 -2457.5
-1590.7 -6212.5
6654.3 -6976.7
-1870.7 -8452.9
2054.9 -1380.5
1624.9 -1305.3
-2620.3 -7773.7
3251.1 4132.5
9643.1 9442.9
1880.9 1321.7
-3298.9 4710.1
4628.3 5085.3
-9215.1 -936.1
5810.7 -7835.1
-1692.5 -9286.3
-801.1 14.3
3209.9 7587.9
722.5 282.7
9259.5 2388.3
-3182.5 2737.7
-821.5 1159.5
-2153.1 -9807.5
1268.7 2034.1
9238.5 -839.3
1722.1 8929.3
6825.3 -4599.7
7422.7 -7276.5
2924.1 -4338.5
9780.9 -785.3
-4626.7 -2171.9
164.5 9511.9
3947.1 6547.9
-3793.7 2029.3
-7388.9 -9864.5
-3464.7 -7508.7
-6181.3 6223.5
-2111.3 3880.7
-3093.5 -9709.3
-1608.9 -1270.3
-8088.9 -6529.9
227.5 6638.9
-5653.5 -7418.1
8194.9 954.3
8488.9 6646.3
6124.5 2760.3
9476.5 753.5
-1564.7 -8162.9
-1815.7 -6777.7
-5825.5 6270.9
3199.3 -7419.7
8418.9 -3871.7
8175.7 -4294.7
6447.5 258.1
7287.5 4487.5
4805.7 -1700.7
1045.9 1824.1
-635.7 -828.5
-6624.9 -8422.9
-1202.9 -244.9
72.1 -6677.3
-2066.9 -16.1
7631.7 3102.7
6740.3 -7480.1
1801.5 2191.1
9206.9 -8413.5
-5154.1 -5466.3
9202.1 -403.9
-1808.3 5611.9
-7363.9 -5175.5
-2567.9 1225.9
-1615.9 7633.5
9126.9 896.7
-9120.1 8914.9
4981.3 2455.1
-7712.7 1066.9
-719.5 -353.3
-8506.7 7709.3
-5677.9 -6197.9
2602.3 -9182.7
7124.7 2941.1
6837.3 -6875.3
-3151.5 -2271.1
6660.9 -1497.5
1525.9 7375.7
8867.1 -6043.3
-1580.7 -3596.1
8852.1 -2276.5
-3337.7 4807.1
2875.1 3243.5
-7259.9 9617.1
2057.7 -3473.3
-2186.9 -4034.7
-9400.7 8916.1
1832.5 5618.1
5564.5 7982.7
-8016.7 2691.1
2169.7 -8016.3
-3867.3 6667.9
-5694.1 -1506.5
6850.5 -189.5
-9111.9 7276.3
-5741.1 -6522.7
4537.3 -4524.1
-3816.9 4301.7
-5528.7 -5130.5
9507.9 7240.3
1408.1 -4317.1
1427.5 3201.5
-1802.5 9155.3
825.9 840.1
4876.1 -3528.5
-3432.3 -50.5
-6326.3 -3793.7
-7507.3 -8901.9
7433.5 4944.3
-1604.9 -7951.9
-6929.7 1531.9
-4848.3 -8693.3
6761.9 3969.7
8763.9 -7819.3
-165.9 -157.5
5239.5 5057.3
-5980.1 -2053.5
3037.5 8757.7
733.5 -5026.1
7751.5 5754.7
-6107.3 2381.9
9749.1 -6978.5
-7731.5 -990.7
-4825.3 -1029.9
6141.1 9621.1
-6042.5 -6866.7
1850.9 -7952.7
-3639.7 -6962.3
-6885.3 170.3
5688.5 5286.7
3306.1 8239.5
479.1 -8778.3
8999.3 9420.3
-9771.9 6862.5
-8959.3 9953.1
-5244.9 7782.1
4289.3 -6790.5
-1293.7 -5708.9
7394.3 2992.5
-8856.7 -6850.1
-4099.7 -8657.5
1423.5 -3331.1
-1285.1 -7274.5
-6132.5 -2907.7
-1819.1 -3549.7
-1896.5 8070.3
3567.9 4756.7
-2310.5 -9810.5
-4518.5 -4615.3
6419.3 -9967.7
9503.3 1626.1
1048.3 -9306.3
-8605.3 47.7
325.9 2801.5
7259.1 -3.3
-8635.9 3757.7
9318.3 -5785.3
-5849.7 9712.1
-1399.9 -3718.5
847.9 -9380.3
-676.3 -3493.5
7405.7 -1577.1
7033.9 3709.3
-7897.1 -5619.9
9448.5 -8245.3
-6952.7 -6059.9
8892.1 8959.7
1222.3 564.5
6141.3 7995.3
5724.3 -2082.7
9111.5 7093.7
-9658.3 194.7
-9371.3 2653.9
2647.3 9305.7
-5784.5 -3875.3
-8511.7 -4661.9
-6537.5 5840.7
-6844.5 9892.5
-1427.3 -8733.5
-6643.1 3869.3
4825.9 7153.5
-9103.5 9030.7
1110.9 8704.3
6836.5 -3741.9
-5992.1 -7972.1
4332.3 -9124.1
6684.1 4637.5
-3786.3 -6262.3
5012.1 5636.9
-4045.5 -2079.7
7278.9 827.5
-1618.3 -4048.3
7061.1 9234.9
-4103.5 1896.3
-9940.9 7595.9
4306.9 1888.1
-3352.3 -4349.5
2117.1 -6368.7
5186.7 -9274.9
9712.7 5250.5
875.3 2011.1
-3529.1 3254.1
338.9 8513.5
-7267.3 4367.5
1336.3 -9830.5
-9540.3 5841.7
-4155.1 -7947.9
7686.1 -7790.3
-7408.9 -7656.7
500.9 -7108.9
-9507.9 -591.9
-4644.3 -7005.1
-7222.9 -3015.3
-6872.5 -6769.5
8057.1 1559.7
-6001.3 -6196.1
1320.9 1246.1
-3268.7 -1918.9
5085.1 -1453.5
-1826.7 -6771.7
-1746.3 -1029.9
2192.1 6558.3
-3284.1 3616.7
9982.5 -3866.9
-1322.7 4360.9
3000.7 -1444.5
6549.9 3762.5
8684.7 4479.7
-620.3 -1029.5
4883.1 -3599.1
4082.7 -220.5
-7633.3 -752.3
-6878.1 5354.9
-1224.9 -4226.1
-781.7 4962.7
-8332.1 -2349.1
-4387.9 -6159.1
-5457.3 7036.7
-1795.7 177.7
7067.5 -7663.9
8804.1 4091.3
-7760.7 1505.5
-4294.1 -4402.5
-5427.3 -763.7
-1312.1 4530.3
8591.9 -2912.1
-7177.7 5439.7
8044.1 1207.1
9879.1 2658.9
1120.9 -1291.1
1228.5 -2246.3
-568.7 -5237.3
845.7 -213.9
-6307.5 902.1
-668.1 -1859.5
959.7 1766.9
-9739.3 7521.3
-3250.9 129.7
-624.5 -1929.5
8828.5 575.3
4566.9 -2421.7
-8014.9 -1297.9
4501.7 8517.3
1804.7 -5367.5
9922.5 -6114.9
-7208.5 -9562.9
7802.7 8297.3
1719.5 256.9
9676.1 8886.9
4475.1 1597.7
5053.5 -6910.1
504.9 7246.9
5093.1 6138.9
2232.5 3912.1
6517.3 9360.9
-7375.9 -3449.1
-896.3 -7377.9
5719.9 1095.5
8899.5 4214.3
-790.7 -9899.1
1464.1 -7413.7
-5574.1 4089.5
-4485.5 1393.3
5234.9 -6764.1
7423.1 -8599.3
-801.3 7822.3
-7679.1 6282.9
-820.5 -2234.7
1245.1 4713.3
-2555.7 -2287.7
7859.1 6935.1
-705.7 -9505.9
3022.3 -7019.7
-4717.5 -9618.3
-1014.1 -4030.5
-2482.1 -2844.5
-9552.3 2417.5
2309.1 -8506.5
5658.9 1138.5
-1824.3 8574.1
6922.7 1875.7
5488.5 4342.9
448.1 3075.5
-4368.3 9473.5
37.5 -3213.3
5575.9 2027.5
-5468.7 8081.7
1780.7 -4585.9
3346.9 -6390.3
-2550.1 6611.7
379.7 -2399.1
-6419.5 -9268.3
9667.7 6685.3
-8540.3 9272.3
-5201.7 -320.3
2660.5 -3419.9
-4481.7 -2345.1
6474.1 -8951.9
9637.9 9652.9
7050.3 -2697.7
-7560.5 -294.3
2842.3 8022.3
-3379.7 8671.3
-3155.1 6376.5
-1833.1 4373.9
-7136.7 128.7
-9564.3 8881.5
3127.9 -9168.5
-4820.1 -588.3
-4871.9 7742.9
-7221.7 7568.9
2893.9 -92.5
-3924.9 -961.1
-5229.7 2629.9
5177.5 -4928.7
-5301.3 -8801.1
-1655.3 -6102.1
4427.9 -954.1
3802.9 2459.5
4246.9 -8867.3
4109.3 -3425.3
-7233.9 7566.9
3577.1 9296.7
-7706.5 -6463.5
-3929.9 3627.1
-7129.7 3697.3
-5048.5 6668.1
5106.7 4320.1
3371.1 3361.1
-4997.1 -8864.9
-8396.7 -1596.3
4802.1 9385.5
-1459.5 9951.3
-7482.5 7207.3
5443.3 4750.5
2772.1 9643.7
6820.1 -3315.1
5318.7 4095.9
-8455.7 2519.3
-2736.5 -7687.1
4711.5 2452.3
-3999.5 -9455.1
5225.1 9576.1
-3815.5 6862.1
-3358.5 3714.1
-2127.3 7637.3
2730.9 1789.1
-901.3 -7067.9
6393.3 7354.3
-4689.7 255.3
-1748.3 4135.7
4952.1 -7092.1
-1153.3 -686.3
-8777.7 1940.5
538.5 -4626.7
-1640.9 -20.9
8425.3 3147.1
318.7 -6886.1
-3750.1 -2069.3
-1871.9 6666.5
7194.1 -597.9
-9479.3 -16.9
-1268.1 9844.1
6249.5 8946.1
2418.1 331.9
-2075.9 -9831.5
1823.3 6252.5
-4726.9 -8816.1
7406.5 1479.7
9939.3 2034.1
-2552.9 -9242.9
-9832.5 -8607.5
994.1 -349.1
4174.3 6195.1
1688.3 -4631.9
-7056.1 -8048.3
6407.9 -4712.5
-9518.7 -1592.3
-1105.5 -52.7
6972.9 8394.7
5057.3 7676.9
-5350.5 -1025.3
-7145.3 -4347.3
-7923.3 4413.1
9152.9 -9027.7
-600.5 4268.9
7807.3 6709.1
-2336.5 6478.9
-9538.9 1003.5
7845.1 -9308.5
-2262.1 4376.3
6097.3 -9295.9
-3168.5 6336.7
8476.9 4427.1
381.7 -7941.3
6272.5 -2841.5
2310.5 -7652.7
-6633.5 8502.9
-8132.3 -9913.9
-5811.3 -2748.5
-792.9 5523.5
9635.3 3003.7
-6953.9 -2468.7
5935.3 2038.1
3380.7 -4312.9
-3422.3 -1917.5
-9634.7 -3291.5
6151.5 7031.7
-8214.9 -8901.7
-1458.3 370.7
361.1 4474.3
6609.1 -7172.7
7017.9 -3116.9
-4618.3 -3304.3
-9973.9 4537.7
-3265.1 -6315.5
-9404.7 -98.3
6569.9 6956.3
337.7 1374.5
-8717.3 6387.1
7992.1 6830.7
9375.3 -8963.5
-4275.9 1805.3
2779.7 -2637.3
-5912.1 -6516.7
8809.5 697.5
8209.9 8610.1
8540.7 1984.9
-2803.3 1142.9
4206.1 -5167.5
8532.1 8957.5
-1350.3 -5282.1
1063.1 -5024.5
-2983.9 -4967.9
8482.7 -7808.5
-5123.1 5141.5
9578.3 -2912.1
-2760.1 8621.9
527.5 4732.1
830.7 -494.7
2096.5 388.9
1527.1 -4148.9
-7639.3 -1807.3
-2166.9 4376.7
-3647.7 -7350.1
6199.9 7643.3
6712.5 -150.5
166.9 1204.7
1676.5 2943.3
6452.7 -3883.7
-3675.5 1883.5
-7325.7 -1565.7
2264.5 -4850.5
-1292.5 2619.3
-1642.7 119.1
-7181.5 3109.3
-9199.3 3289.1
-3628.3 -8513.5
-357.3 -373.7
-4761.7 -9755.5
-1315.9 6724.1
-4480.5 9049.3
1402.5 -9588.7
-247.3 -8532.1
-7301.1 2907.3
5849.1 -6594.7
-9530.1 -9592.3
4486.3 8092.9
-4263.1 3957.3
-4669.5 -3996.1
8374.7 -3441.5
-9475.7 -3099.5
4146.5 -7252.9
-9045.5 4419.3
5602.1 2544.3
1190.1 -3278.1
-8367.9 -398.1
-4591.1 8285.5
6601.9 -1522.7
-9685.1 404.7
-4095.3 4912.3
-1427.9 3910.5
5223.1 7734.5
-4557.5 4714.9
-1155.9 144.9
4059.5 -1042.7
6929.3 -1587.1
-5542.5 -1717.5
42.5 1271.1
3729.7 -2524.3
-794.9 -1032.1
7435.7 5822.7
-2933.5 -6315.1
4612.5 5313.1
768.3 3216.5
8758.3 -4710.5
1369.3 -8848.9
6199.3 6211.7
-5517.3 -1196.3
4989.1 5491.3
-9223.7 2382.7
-5097.3 -7491.9
323.5 450.9
2555.3 -2193.1
3718.1 3814.3
7415.1 -4819.1
5049.1 -2280.7
-2117.9 6351.7
-7929.1 6866.9
-491.5 -1034.3
2868.1 -2571.9
-8159.7 6541.9
9337.9 -7367.3
-9113.5 -9215.9
-8525.1 7909.1
-240.5 -4968.3
-3455.5 9418.5
2171.7 -4783.5
-1403.7 8519.3
7072.3 9129.3
-5717.5 -2477.5
-4210.1 -1185.1
8175.3 -1623.9
2421.7 7825.3
2634.7 -3089.7
-8883.5 9674.5
-6429.7 -3342.3
-1401.7 -4568.1
-2554.7 -1665.9
9192.1 -8888.1
7041.3 196.3
9390.3 3034.9
9871.5 -9456.1
-1249.9 -5345.3
6250.9 5640.9
8366.3 8169.3
980.7 5635.7
9196.9 -7370.3
7126.3 -9971.9
2358.9 -7925.1
-3032.9 1555.3
-7660.5 -4244.3
-1556.3 4909.7
-9899.5 -8285.1
1045.7 -8554.7
-3735.5 7085.1
-9503.3 -639.1
-3929.1 -7700.5
2090.3 -5633.3
5922.9 -799.9
7819.3 -6232.1
8000.3 -3608.1
472.3 -8183.3
153.3 2907.9
3252.3 729.5
3822.9 1766.7
-7784.3 -5859.1
-8312.7 7443.7
-4063.7 -8439.7
-7488.7 8564.3
7684.7 -2447.1
7564.7 2942.7
5684.9 -6401.9
5417.9 -8187.7
2702.9 -7099.7
6323.3 5736.3
-6085.5 -4503.7
6697.5 8670.5
-9106.7 4967.1
383.3 -4234.5
-3605.1 4766.1
-8729.9 -923.3
-4144.1 -4794.7
-1010.9 5670.7
9418.1 1504.1
-4406.7 -2818.5
-9909.5 8510.9
3086.9 8829.1
7262.1 -3664.3
-6942.9 -938.3
-3891.7 -4162.1
-3219.1 6787.1
-5500.7 2601.9
-7433.3 -7221.7
6108.5 2883.3
-6655.1 1731.9
-8897.3 877.3
1544.5 -9370.1
397.1 2989.9
13.1 -2917.9
-1329.9 -5181.3
-4064.3 5282.3
-6614.3 2333.9
9839.3 1154.7
4797.7 -1224.9
7980.5 3076.5
-6860.3 -6392.9
-5053.9 4474.3
6344.7 9599.9
7415.3 6826.1
-4862.1 4636.5
5761.7 2912.7
8164.3 -8746.5
-5082.3 -2643.5
8931.7 8190.7
94.1 6577.3
-4346.9 4719.7
-6041.5 -7418.1
165 712
154 596
3 768
252 390
505 969
549 875
618 708
524 958
596 662
152 556
119 909
39 317
605 727
200 342
616 870
292 806
56 225
124 568
65 608
701 704
83 230
732 988
386 545
662 686
936 971
562 633
466 666
577 903
297 711
904 911
293 497
320 783
519 556
173 561
8 847
544 559
472 597
109 943
186 597
333 396
489 492
592 717
348 632
578 822
258 527
28 202
237 571
388 741
550 614
33 40
173 212
721 966
253 390
202 755
856 986
378 971
394 604
304 889
96 908
131 813
250 274
79 554
103 916
344 641
6 903
74 699
232 469
411 776
50 476
252 985
733 956
151 381
376 860
303 995
664 892
746 959
176 933
241 858
144 261
179 749
711 933
686 898
356 467
264 942
666 749
653 772
57 729
230 633
81 90
293 806
190 526
398 618
285 343
661 706
580 729
572 897
123 743
143 451
417 616
619 684
