1000 1 0
-3415.1 -1836.9
9657.7 8201.7
7081.5 -6623.7
603.3 -6400.5
2261.5 8672.7
9533.3 -7404.3
-2937.9 -7626.1
8096.7 6643.9
6458.9 5256.9
3988.3 -3775.1
-5543.1 -418.9
6434.1 -5390.7
5826.5 936.9
3880.7 1544.3
-9567.7 -6037.7
-2107.9 4679.9
9990.9 -2041.9
2490.9 6672.3
6984.9 6036.1
-4793.5 -9965.1
4234.1 8441.9
9626.7 -7626.1
2111.9 -4928.7
9853.5 7220.9
9226.9 -9199.5
4638.1 -5593.3
8742.5 9129.9
-9623.9 -7590.5
-3190.3 8814.9
-8414.5 -114.5
-6838.1 -9286.1
-7431.3 -5738.7
4318.1 2963.7
-5645.3 6221.7
655.5 9822.7
6996.5 -4508.9
-922.5 6791.5
5968.7 3470.7
-146.9 6582.3
-2774.3 -1800.7
696.5 3517.7
5128.1 -2919.9
-5955.1 7397.1
-1688.7 -758.9
-5213.7 -6257.1
-5132.7 -5988.7
-7939.9 -2291.1
3359.5 4728.3
7904.1 -2101.5
-1875.5 -6389.5
395.5 17.3
5150.3 4696.1
-5512.5 3197.1
-1669.9 -6443.7
-685.3 -8311.3
-3813.9 -410.1
-8090.3 -9993.7
-9933.1 -1132.1
-5195.3 -770.7
-1323.1 -8244.5
3864.7 5194.3
-5365.3 8062.7
-598.1 -6626.7
8134.7 3159.9
-9237.7 -7486.9
3512.1 7786.3
1142.7 -4414.9
2154.1 -370.5
-7998.1 7259.7
-6905.5 1482.5
-4959.3 -7262.9
-2690.5 797.1
5137.5 -7191.1
-7141.5 1068.7
5926.5 5321.5
397.5 4186.3
-8938.5 173.9
-2375.7 1468.9
-1571.1 8378.3
-1097.7 5499.1
-7142.9 3497.7
-3260.5 8609.5
-8845.7 -7875.1
-4459.9 1895.7
-803.3 -7637.7
1443.3 -4876.5
-4583.5 3861.5
-5743.9 4547.3
-6616.9 -8439.1
9335.9 -4523.5
8175.9 -6607.1
4871.1 1793.7
3167.5 -3287.7
6934.1 -7449.7
8804.7 -196.3
3695.5 4405.7
2567.7 5289.5
-8648.9 -8091.1
-7845.3 -1370.1
-8184.9 9774.3
-8895.9 -8773.5
973.7 720.1
8908.9 -8662.9
4912.7 7260.3
-7701.5 6917.5
-5188.1 6227.5
-9637.3 5752.1
-2639.9 1611.9
-1786.1 -8757.1
6009.7 -3169.1
-100.3 -1773.9
693.1 -5692.5
-2887.9 6116.5
1925.3 -3599.7
-8551.3 -8813.3
-6861.3 -4657.9
3242.9 -4341.9
5514.9 2070.5
3805.5 -7556.5
9494.1 7505.5
7054.7 5049.7
3472.1 5597.7
496.9 5681.1
8064.5 -5400.9
7820.5 -2685.9
6790.3 9848.3
3941.5 8808.9
6827.9 -7575.5
-8276.9 -446.7
9409.5 -9379.9
-4640.7 -6550.5
-2574.3 -6187.9
874.9 -4000.3
2358.1 -2677.7
611.5 9281.9
-5154.7 6875.9
-5804.7 -6995.5
-124.5 -1709.9
-8172.9 5045.3
-2924.9 1961.1
-9217.1 5558.3
6257.9 -7610.1
9173.1 -8811.5
5429.1 -5192.1
9215.5 2380.9
-688.5 9483.9
-6223.9 -2497.5
8095.9 -4803.5
-9557.5 8031.1
-243.7 3.1
6317.1 5082.7
6741.5 -560.1
9209.9 -7164.1
6483.9 -6634.1
3794.1 1132.5
7975.7 -9145.7
4663.1 5334.7
-9800.9 -4572.7
9558.5 8145.9
2165.7 3592.5
3697.7 -8775.7
-3945.7 -7590.5
7274.5 3266.9
4027.3 6636.1
-6756.1 9591.3
-5394.3 -6251.3
116.3 189.1
3331.9 2175.3
6959.7 8406.3
1793.9 -5243.3
3568.1 4335.9
-7089.9 2356.7
837.3 -9377.3
6673.5 -7651.1
2819.7 3833.9
8305.9 -7966.5
3615.5 -6085.9
4987.1 -8887.3
-4125.1 -8040.9
-436.7 4568.3
-1398.9 1324.5
7769.3 1947.9
-9140.9 1701.1
9300.1 3085.5
649.3 3323.9
1082.9 32.3
4685.7 1635.3
-37.7 3013.3
47.9 357.9
3567.5 6114.5
9915.3 -7565.1
-7827.3 -3405.3
-124.1 -8608.7
-1458.3 8147.1
-8352.3 5072.7
-8411.9 2766.1
-4083.3 -3555.7
8853.3 4317.9
8407.1 -9598.3
4887.1 -2043.5
-7100.9 -989.5
-7327.3 1335.3
-1528.5 -9556.3
-3598.9 4860.3
1960.1 6103.3
8441.5 5126.9
-5769.5 4444.3
1251.7 499.3
9637.3 9965.3
-7065.3 8590.9
-9189.7 7202.1
2698.3 -4860.3
-9613.1 -5439.7
5115.5 -7597.7
5258.1 -7452.3
125.5 -278.5
-8474.5 5914.3
-2341.3 -8895.7
-1784.3 -3141.5
4592.7 7489.3
-2085.5 576.1
-9818.9 6359.1
-8600.7 -1054.7
9000.7 -7588.3
-5870.5 -9724.3
-1637.9 1286.3
-3778.1 -7714.9
1460.5 7294.7
2749.1 1557.1
1163.1 -9152.9
517.9 -9650.3
852.7 -7802.3
6373.3 -9698.3
5526.1 8865.3
-2369.7 -678.3
-4696.1 2117.1
-9660.7 8585.9
-2352.5 -9922.5
5974.1 -5987.3
-1614.3 4160.5
-3636.9 6423.1
-3061.7 -1072.7
-6872.9 -9454.9
-2401.5 4099.3
-5557.3 4309.9
6345.5 9133.3
8368.3 4543.7
-9143.5 -1698.1
-1324.1 -1047.7
-914.1 424.5
8892.3 9823.5
-7796.7 -7431.9
6225.7 -2810.3
-9075.5 -8852.9
-7922.7 3114.5
7100.5 105.9
-1652.7 8092.3
-4533.9 -6430.9
7624.9 4913.1
2029.5 -8433.9
7048.3 6653.9
-9388.5 -6365.9
-1732.3 8788.9
6800.3 6161.1
6491.9 -14.1
8648.3 5559.7
6343.5 -2848.7
5603.5 -747.3
2001.3 822.1
7546.9 -2789.3
-867.3 -5024.3
-4715.3 1336.9
-7905.3 -1462.1
-5053.3 -8336.5
-2788.5 -1203.5
-9638.1 7780.1
2996.9 1370.1
157.5 5419.1
7205.5 -2336.3
-9017.3 -4476.9
-4788.5 -7719.7
9436.1 2955.9
-1883.1 4771.5
6244.9 -6278.5
-5621.5 9626.1
-3389.5 1771.3
-9685.7 -7286.3
5952.3 4384.3
56.7 -1737.5
8488.1 -1779.1
3466.3 8784.5
-1146.9 -9007.3
-3354.9 -5630.1
-3139.3 -5861.7
5736.3 1329.1
-4323.5 9613.5
-509.7 -2694.1
8251.9 4407.7
5178.7 -3765.3
2656.3 -5002.9
9157.9 -7380.3
-4794.1 -9435.9
-3914.7 9831.7
5388.1 -4568.9
-6038.1 -6497.5
-4777.5 7181.7
3692.5 -9526.9
-3239.9 -525.5
5284.1 -7654.1
-2669.1 8411.1
801.7 -6505.7
1787.1 -4965.9
4909.3 -5815.9
5466.7 3518.9
8055.9 4653.9
-5427.3 890.9
3452.3 5141.3
-5708.3 6264.7
-2398.5 -492.1
-4876.1 -7364.3
-386.1 -1542.5
-6881.3 -3839.1
-6754.9 -6726.5
6527.1 -5498.3
8427.1 9416.3
5692.7 -9360.7
4755.9 -9223.3
4314.5 8782.3
9362.1 4350.9
-9924.1 9175.7
-6456.3 8067.9
-8466.7 2275.7
-8757.7 -5049.3
4716.5 -8694.7
3796.3 -6487.3
2417.9 -8080.5
-1712.7 -9257.3
6805.5 5697.1
3436.3 4733.3
-1656.5 8329.7
-8931.1 -5220.7
1576.5 -4177.3
200.3 7498.5
-200.7 5957.9
-2089.1 7983.3
-8123.9 9544.1
2425.7 -4150.1
-2310.5 3932.7
-3672.9 7113.1
1310.1 -4831.1
-9085.1 -3904.7
8974.5 -4060.7
8100.5 -5378.3
2966.9 1094.3
7483.1 -9808.7
-9792.1 1956.3
3753.7 975.7
3511.5 -8015.9
5843.3 6983.3
8206.3 7461.1
2458.9 -5233.7
2466.7 -3336.7
8822.9 7570.7
9786.3 2454.9
-3046.7 -3595.9
4903.3 -3868.5
-199.9 3670.1
7929.5 -164.9
-2212.7 9878.7
-3268.3 -6139.7
-6349.5 -4365.1
75.5 -3925.1
6377.3 3260.7
7703.9 -9068.9
-4662.9 5169.9
-8994.9 2318.9
-6299.9 -5345.5
1219.1 1896.7
-5740.7 2914.5
5963.7 4406.9
-169.3 -7400.1
8576.7 5294.9
9425.9 6788.1
6940.9 9.9
-5897.9 1991.5
-466.5 -7405.7
5752.9 -3628.7
7314.9 384.9
693.3 -4676.5
-9685.5 -9898.3
-3104.7 7437.3
3907.9 -2970.5
-2033.5 9916.9
-7931.1 9334.1
3256.9 9721.9
9265.3 -2218.1
-6590.5 -5608.3
-6937.3 4350.3
-385.9 -5965.5
-7974.7 -5849.5
1490.9 6671.1
-6269.3 -6392.1
3369.1 -8331.3
3872.5 262.1
1133.5 9496.3
-3360.9 -5918.1
5620.9 -9184.3
-9900.9 9849.1
8381.5 9909.7
-6441.1 -5602.9
-8970.5 1961.1
910.7 -1808.3
-5374.9 9691.9
6362.3 5383.3
6838.3 -946.1
-1167.7 -477.5
-3018.3 -2743.1
8919.7 -9376.1
8538.1 8695.3
5141.5 -2098.5
9491.3 -7773.9
6945.7 -3258.7
5549.9 -6001.1
-3057.1 -3644.7
4025.7 -8515.9
-5381.3 -3387.7
-7570.3 -6091.3
1680.1 -2604.1
2259.5 5720.1
-6767.1 3527.5
6202.1 9799.5
9530.9 -9914.7
9437.9 -9412.1
-8111.1 -3982.9
7043.3 -7174.1
-7535.9 -6217.9
-6210.7 4154.1
3351.9 7348.1
-4510.3 -4787.9
-4277.3 -2159.9
-7294.7 -2821.9
-16.9 -1234.1
1869.9 4117.1
-9789.7 -150.7
8713.7 9111.9
9277.5 5131.7
769.7 -7437.5
6163.9 -3128.9
-3588.7 1784.9
-5418.9 4929.7
-7558.1 -6745.1
6447.7 4219.9
-2810.1 -5268.1
-5224.1 -4107.9
883.7 4136.7
4241.7 272.1
-5681.1 -15.7
2285.1 2982.7
7366.5 -9707.7
-9469.9 -6312.5
6510.3 -1132.1
-2560.3 -6609.3
9427.1 2874.5
-1214.5 -4658.3
-6677.7 -3351.9
9643.7 -8015.9
-6291.9 -5855.3
6597.9 4931.9
-50.3 -1349.1
8343.3 9754.3
6128.1 6016.5
-887.7 -3940.3
2139.3 963.7
8158.9 751.3
-9788.5 4608.7
8221.9 -6633.7
7337.3 -5988.3
7623.7 4854.9
3490.5 5250.3
-8279.1 3365.9
-2532.9 8905.9
-6609.9 -4785.3
1836.3 -6851.1
2983.5 6568.5
8806.7 -6239.1
-3435.7 -9826.9
-4444.7 -4816.7
1385.3 -4711.1
-244.9 -7947.3
-7866.5 -4122.5
-8679.1 3587.7
3059.3 3583.3
-8970.7 3315.7
-1355.7 5356.1
719.1 -6351.5
-8008.7 -6034.3
9285.5 6150.3
6186.1 -3943.1
7993.9 8436.1
-2884.9 1477.5
375.5 -6932.5
-8360.7 8539.3
5487.5 4574.3
2967.5 9875.7
4417.5 -5966.5
-8632.7 -7281.1
2212.1 -1014.7
-34.5 -1917.3
4915.5 8536.5
-4196.3 -6892.5
3683.5 9869.9
-2988.7 -8737.3
6056.5 7280.1
-7395.9 895.5
-2472.9 2347.1
-5766.3 -2604.9
-3587.7 1882.5
-1284.1 -3831.7
-3467.3 2654.9
-8406.5 -9380.3
-8399.5 2493.7
5900.5 2083.9
-5015.1 3650.1
7186.9 3562.1
-1756.5 -7085.9
1002.7 4688.5
-6247.1 9828.9
-3577.3 5281.1
1662.5 8824.1
9673.7 -3160.1
-4976.7 -2888.3
-3061.9 8681.5
-364.7 1977.3
-2471.3 -5032.9
-4034.9 4958.3
8697.1 -8178.7
2871.5 -2809.9
-9439.3 7833.1
-1294.3 5432.7
1058.7 383.5
-8326.3 -9652.9
-1969.1 -9245.5
-7567.1 304.5
-6465.9 -5593.9
-3075.7 -3599.3
8795.1 5116.3
9266.9 8098.7
-1751.3 2137.5
7348.1 6048.7
8652.5 -9369.3
-8360.1 -8060.5
7623.5 -2191.1
7292.5 7295.9
4555.7 -5325.5
-6030.5 -2923.7
-989.1 -4836.1
7040.1 1883.5
-1673.5 4652.5
8314.3 1406.7
2252.7 4907.9
1331.5 9543.7
-6474.9 -6379.9
-2738.3 -4224.7
-4993.5 -1312.3
7435.1 -6796.5
1596.7 3681.5
-8540.5 -9447.1
2629.5 9381.5
-8248.7 -9322.5
837.5 4430.7
-7262.7 2892.9
8593.1 -707.1
6952.3 7298.5
-9781.5 -219.9
-5226.9 1175.9
-5282.9 9347.1
7340.3 2951.3
2383.1 6020.5
-8462.3 -459.9
-5604.3 1242.1
5165.1 -8014.1
-7229.5 -6017.1
9044.7 5790.3
2160.1 -3226.9
-9703.9 -1407.7
5751.7 457.5
-5143.5 -1360.5
4127.5 -1880.3
-503.1 -5165.1
-6910.5 7512.9
4061.3 -4001.3
-8300.7 -8960.9
-2452.9 -7283.3
-104.1 -9803.3
-6604.3 320.5
2404.1 -5831.7
10.3 1231.1
8154.5 -1483.3
-360.5 7091.7
-3651.9 4175.5
-7297.1 9485.5
6247.7 3785.5
-6883.9 -9192.3
1787.5 -7953.3
8935.1 6614.9
9802.9 -8901.9
2063.7 -6721.3
2364.9 6057.3
3901.7 8880.9
-9778.5 -492.3
7204.5 8151.1
8152.7 5760.1
8154.7 -4593.5
-8804.5 8719.7
1235.3 -8861.3
1761.1 -9264.7
9267.7 -6849.9
-442.1 -781.3
4761.1 -2256.9
-4620.1 4684.7
-44.1 7100.5
-9459.1 8846.3
-411.7 -52.3
2216.5 -1737.3
-7661.7 -7530.7
8335.5 2315.1
-497.5 7175.9
-8796.3 -7794.7
-6606.9 6152.5
-962.7 5449.1
432.3 -3966.1
-2034.5 -2178.5
-9777.5 -8487.9
-2363.9 1734.9
7024.5 2776.5
-1927.1 -7393.9
3271.7 489.9
-1920.3 -8507.5
-407.5 5811.1
-1584.5 -2501.9
6690.9 2108.9
6363.5 7233.1
5405.9 9360.7
1102.7 -2010.1
-6401.5 -7955.9
2096.5 -5869.3
6724.3 -7562.3
8274.7 8834.5
-1090.7 4286.9
8750.9 -6315.1
-234.1 9711.3
-1019.5 2188.9
2076.9 2649.3
869.7 -4748.1
-5626.9 -2940.7
-3765.3 5252.5
-3852.1 -5907.9
4322.7 -5139.1
-2195.3 -9476.1
2411.5 6700.9
2927.7 -342.3
1132.7 -820.9
1745.7 5000.7
2143.9 -6894.1
7484.3 6688.7
-6228.5 -856.1
9425.7 8065.7
-1702.5 -6510.3
5223.9 5873.1
-4026.3 -9786.5
1008.1 -9879.3
-3623.9 1768.9
3729.1 7158.1
432.5 8018.3
-6393.5 3579.9
5180.7 9675.9
6536.5 -6111.1
-5852.7 5058.5
4699.5 -5721.1
-9595.3 3804.5
5227.9 7188.1
-9332.1 4433.3
-2725.3 -5852.3
9699.1 -1090.7
4899.7 4607.7
-821.1 -5818.9
-3722.5 3314.9
-380.7 -1334.5
3073.7 -9948.7
-9508.1 5468.7
-300.9 8836.7
799.9 -8349.5
-1311.7 -8125.3
-6560.9 -4027.9
689.1 2732.3
4348.3 -6304.7
3869.3 -5223.5
-111.7 -3243.5
8378.5 9823.5
-5746.1 2881.3
-240.3 -1132.5
3820.1 -3432.5
2823.7 2222.5
-1692.1 747.9
-6137.1 1575.3
9735.9 -5369.3
2357.3 -9065.1
-806.3 -6253.1
-7537.5 -6708.7
-5293.5 -5683.3
-2245.7 -2044.3
-8110.5 -233.1
-2634.9 466.7
-4298.3 -836.1
-8493.1 5774.7
-3926.9 -6886.7
-2983.7 -2749.3
-5671.1 9265.1
8704.9 7293.5
576.9 -8122.7
-1052.1 -9728.1
-8486.9 -5720.5
-4457.5 -8384.9
-568.9 8753.1
6587.3 6431.9
1242.9 -4783.7
612.5 7575.1
7458.1 1969.9
-2334.1 7425.7
-7267.7 -6343.9
9488.7 2049.3
7253.5 1598.5
-8526.5 -4775.7
920.9 -7036.3
9533.9 6010.5
6985.5 2574.7
-7476.7 -6613.5
4560.1 5766.1
2400.1 -1084.9
7606.9 -543.5
5624.1 -3391.3
-6421.3 484.3
818.5 4338.3
9805.9 -4198.3
4347.5 -1874.3
4076.5 6630.1
5481.5 -2639.1
-4410.5 11.9
1976.1 878.3
-7900.1 2548.1
3654.3 657.5
-2683.5 -3017.1
8768.3 6470.1
5875.1 -7705.3
6742.1 9790.7
7581.9 191.7
1558.9 1536.1
3938.3 -6004.3
-9054.5 5515.9
-3930.1 -7554.1
3701.5 809.3
3485.1 -5564.3
2067.9 122.5
-7383.3 -2094.3
4405.5 -8448.9
5314.9 -1518.5
7888.1 -4275.1
-674.3 3193.7
-8385.9 8289.1
8936.5 -8967.3
1691.1 3520.9
2782.7 -5199.7
9024.3 455.9
-3171.9 -5666.1
-8860.7 670.1
7570.5 1768.9
-7791.1 -6090.1
-917.3 -2463.7
-3943.1 239.9
-4054.1 -4170.3
2292.5 1993.5
-1687.5 772.1
5279.1 7129.9
-1538.9 6480.1
7901.5 -4713.1
6789.5 3636.9
-6466.3 163.5
5029.7 3182.3
-155.5 -9886.9
-5992.7 5771.5
5603.9 2633.7
-3503.7 4742.5
-6977.5 8991.5
2415.9 7448.9
9234.7 -745.9
-7630.1 1254.1
3019.9 -3523.9
-7444.3 3344.5
6864.5 6240.7
4755.9 -4792.1
-2612.7 -4943.3
5019.3 9838.9
-9061.9 1029.9
-590.1 5810.1
4062.1 868.9
1788.3 -9124.7
-1540.1 -8861.1
2324.3 -1926.3
6564.7 3555.3
4762.1 3202.5
5646.1 -9457.3
-4759.9 -8375.9
5424.7 1382.5
7515.3 -1999.1
-9887.9 -6933.3
-8290.1 1720.9
-4834.5 -6805.7
5266.7 -3361.1
-8300.3 -8916.3
2415.5 7833.1
-9971.9 -5769.5
-1229.7 2904.1
-5224.1 -5973.5
-7730.3 72.7
-2314.5 -8813.9
-7667.7 6254.5
5729.9 7455.5
-9672.3 -7388.5
3005.3 8208.3
-9601.3 -2753.1
-2945.1 3580.9
-2194.3 -4626.1
7813.5 51.5
1726.9 4190.1
-316.9 -592.5
-4027.7 901.5
-8710.9 3932.9
1551.7 1279.7
-8601.3 -9804.5
8626.3 -9694.3
-5730.9 583.1
9165.5 -1182.9
6998.7 9951.5
-3946.3 338.5
1208.5 -4123.7
-1188.7 -6610.1
4484.3 3187.3
-581.1 -3190.1
7453.5 6577.7
4272.1 -9203.9
6004.1 -1076.1
5364.1 3457.1
-5982.1 -6255.5
5918.3 -5889.9
-4970.5 -3228.7
-148.9 -1664.1
-841.9 -9751.1
536.3 1635.9
-6095.5 -2922.7
1410.9 8420.3
-1208.1 4999.9
-7933.7 -3192.1
6873.7 9284.1
3589.9 -639.9
4421.9 -1096.9
437.9 3457.9
5618.3 -9935.1
-2918.3 -8952.5
8466.1 6421.5
-3131.7 -5002.3
9497.9 5636.1
-7758.3 2386.3
-9413.3 7116.1
-9646.1 3764.5
582.5 7441.1
-8965.3 -1925.5
63.3 -4444.5
-2546.9 7844.1
-3462.1 5877.7
3428.5 2508.5
-3070.7 395.9
-1746.9 1717.9
9197.1 6644.3
258.9 9552.3
-8677.1 -4868.7
-8725.9 2382.1
9240.9 -3792.7
-9579.5 -6093.7
-7669.7 -4959.1
-7330.9 -7371.3
8384.9 -9565.9
-8525.3 1951.3
-8532.3 8098.7
-4878.7 -5269.1
4290.9 -6140.9
4864.1 7500.7
3590.7 -7776.7
3691.5 -7797.5
5358.3 1066.5
8164.1 -7757.1
5263.3 -8303.3
2526.9 -5557.1
-224.3 4747.3
-1485.7 -176.9
-2638.9 -5841.3
5618.1 -2179.1
-3824.1 8871.3
-2049.9 -5804.1
-425.7 341.9
-6431.5 3805.9
-8034.9 5056.5
7593.1 -6804.3
-3037.1 7499.1
2824.1 -897.7
-7563.3 1952.9
-7388.9 -2502.1
-4398.3 -7461.9
-6351.1 5595.3
898.3 2416.5
-5011.3 -7872.7
6316.3 -3106.7
-360.7 -420.7
4397.5 5743.9
9159.3 422.9
-9741.1 -3880.5
3153.7 -1403.3
-9010.1 6908.3
-5981.3 -4596.7
4169.1 6753.5
-9822.5 -7386.9
-9048.7 -1620.1
-7767.7 -7161.7
5680.9 6725.3
-8112.7 -9708.5
5586.3 -9839.7
3367.7 -2013.5
1786.7 -8115.3
-6152.7 -7305.5
9495.5 -9983.1
342.5 -7960.5
1556.9 -5579.9
-6244.5 -6281.9
-7173.1 -7805.9
9032.5 2852.5
-2033.1 1177.3
4427.7 3816.3
-2971.5 -8649.1
1664.3 6236.5
8286.1 -8273.1
8821.7 -7813.5
9855.9 9106.1
3335.1 -6002.7
-4671.3 -919.5
-8614.3 673.3
180.9 3801.7
-3789.7 -4073.7
-4500.7 8767.3
4368.5 3212.1
-4458.7 -6099.7
6757.9 3851.7
7331.5 1459.5
5820.7 -5959.7
2629.3 -5468.3
-2903.5 5014.5
3779.5 6675.7
-6670.5 -9009.9
-8497.1 2106.1
-3384.9 -3323.3
-9840.5 7261.3
7581.5 3137.1
-343.5 9508.3
3225.9 -5376.3
5011.7 6276.3
-9113.9 -4663.7
9685.3 7779.3
-8256.3 9788.9
-3019.9 -7139.7
-8090.3 1045.3
9465.1 8042.1
-2886.9 -6626.9
5631.3 -3705.7
-7837.3 540.7
5508.1 -7617.7
-8783.9 9966.7
-7038.9 -1474.9
-2972.5 6720.3
1111.9 -5800.3
4472.7 -2173.5
9824.3 6694.1
-4415.9 5163.5
766.1 -256.1
6228.5 4271.5
-5215.9 -3621.1
2801.3 7929.5
-4804.9 9254.3
-2610.3 -790.7
-4907.1 -3329.1
1011.7 -5521.3
-851.1 -584.3
4260.7 -2457.7
