1000 5 500
4545.5 9531.1
-4488.1 -8524.1
-606.1 -7491.1
6571.3 9353.3
889.3 -1258.7
-8135.1 -838.9
5140.3 -4339.7
-398.1 -2264.9
5879.1 1708.5
3835.1 -3164.1
7446.9 4380.3
3234.1 9077.3
5671.7 2819.5
-8564.7 -6627.7
6509.9 2221.9
-5183.3 -8463.7
-1140.1 -8770.7
8946.3 -5814.3
-6969.7 -1969.7
-8923.9 -3919.1
-6298.3 7409.9
-8267.7 -8099.7
-9954.1 -102.3
5822.3 -748.3
-971.7 5533.3
-4866.5 -2209.9
-7771.9 1654.3
2453.5 -2209.7
4564.5 8308.3
6303.5 -3991.1
5990.3 -3849.9
-3861.9 2796.3
-7289.9 8249.7
-9828.1 -2713.1
-2540.1 -954.1
9752.5 -1226.1
6915.9 8650.9
227.9 6389.7
2846.5 807.5
4919.7 2069.7
666.9 -2481.5
6743.9 7990.7
5485.5 8921.7
-9622.5 -343.5
8926.1 3429.9
-8146.5 -6480.9
3281.7 -5399.9
-5463.3 -3317.9
6452.7 -5745.9
-665.7 -9508.5
3729.7 -4076.7
8593.5 6858.9
4721.9 5047.5
-7935.7 -6613.3
-9229.5 5292.7
-1911.7 -1978.9
5240.5 -950.1
-9586.3 -1397.7
-2647.1 -3617.1
7762.3 2240.9
-6651.3 4350.5
5332.5 -4220.3
-7828.9 -8167.5
6299.5 -7912.7
5122.7 -3334.5
-7320.1 1421.5
-2852.1 -8154.7
-6378.7 3776.5
-447.3 -9378.3
4477.7 -4648.7
6390.5 5304.1
-6592.5 8751.1
4402.9 -2585.1
5582.5 -9604.5
-9102.3 1960.3
-2938.3 -3204.3
-8755.3 -8263.7
-7814.9 4720.7
-4914.7 5229.9
-746.1 -5869.3
-904.7 1754.5
-8292.5 272.7
-6702.9 8444.7
9060.1 4547.5
5077.1 6796.5
3980.5 -3995.9
-2398.5 9428.1
-129.3 -7308.3
-4965.7 9913.7
-9241.9 -7532.5
3541.3 3633.5
-812.1 3110.3
-8635.3 -7509.9
-7285.5 -6588.3
4301.7 1613.5
-3340.1 6466.9
-8248.3 -1672.5
-667.3 3524.9
7111.7 8004.9
458.3 -6238.9
-1618.7 6112.1
7644.3 -3984.9
-356.3 5170.7
6412.7 -3541.9
5508.5 253.5
7167.9 -9153.5
1351.3 3906.5
9463.9 -3146.9
-9639.7 -9971.7
498.1 8784.9
6648.3 1699.9
2215.5 6482.9
-13.9 -1398.7
3498.9 7347.5
2825.3 9950.9
5745.1 8232.5
-9315.9 -4779.1
8430.5 5626.5
-869.5 7672.5
1296.7 -8788.1
-9206.5 4798.3
-8661.5 2637.9
302.3 -1301.7
8119.7 4351.9
-9511.1 -610.3
-6026.3 -5320.3
-4757.3 4860.7
7962.3 2450.5
-7731.3 9030.7
3315.7 7528.3
-7784.5 -9377.1
-7698.1 -1162.7
-4734.1 -7582.7
-7323.7 -5995.9
6676.9 5035.9
2377.9 -2501.7
-6418.9 -3613.1
2429.9 3222.5
-635.5 -2541.9
-2645.7 -2127.9
-7143.7 -8212.7
7487.9 6744.9
-2594.5 6600.3
1548.5 -9243.1
-7162.7 -3393.9
8244.9 2349.5
-1946.3 -6882.7
8059.7 -1909.9
6377.3 8102.7
4422.9 1822.9
-1547.1 -3219.9
-3915.7 -603.7
1246.9 8912.9
9357.1 -2465.5
7553.5 9502.9
5933.3 7724.5
-8284.9 2300.9
4751.1 7504.7
4509.7 1050.1
5306.9 -7194.3
5666.5 -6249.7
8940.9 1066.7
3250.7 -782.7
8970.7 -4054.7
2690.9 -9542.5
7656.1 -3196.9
-3585.1 -4412.7
-9118.5 -2131.3
-3624.1 4009.9
-1056.3 1844.3
6187.1 8610.7
-9252.9 66.3
2544.3 269.7
7531.7 6242.7
-1320.9 1023.3
7756.9 7508.1
4766.5 3509.1
-7435.3 2477.3
-3903.9 4007.3
-5883.1 -8996.1
-7336.9 -7374.5
2191.1 -8892.7
-4660.9 -6390.1
597.9 -7029.5
5737.7 6255.5
9897.9 -1286.3
-8676.1 -2376.7
-212.7 1833.5
1141.3 -9612.7
6017.5 1112.9
-7856.5 8296.1
-9511.5 -8711.7
4264.5 6966.1
-2428.3 -7856.5
6161.5 -235.7
-3590.9 -9941.9
2563.1 -3716.5
-8637.7 -369.1
-1582.7 -3760.5
-5593.9 -7443.3
-9084.7 4734.9
-5367.7 6962.7
3405.1 -4694.5
-4998.3 7026.3
-2246.3 2320.5
-1776.1 -7130.1
7488.1 8494.9
-892.3 6278.9
323.5 6539.1
-8797.5 -1650.1
3991.7 7239.1
160.7 7630.9
-3715.9 -142.3
8284.9 2194.9
-1041.7 1135.1
7045.7 -4513.9
-8183.7 -6743.1
5647.5 7550.9
2609.7 6181.1
-9725.7 3557.9
-2.3 5580.5
1781.9 5442.1
1183.7 4400.7
-2790.5 -5609.7
1321.1 -34.9
-6249.1 -8068.7
-3966.9 8087.9
-6265.9 -9513.5
745.5 7581.9
2385.1 -6088.7
7886.7 4119.5
-3853.3 1861.5
-6970.9 -9152.9
-981.1 -886.1
4893.3 -1319.5
5932.7 465.9
-9852.7 6537.7
2396.5 -7916.7
3901.9 5617.5
3077.5 -7384.5
-442.3 2737.3
1704.1 4603.1
-1695.3 7799.1
-4321.9 -4571.5
-2678.7 -3222.9
8218.5 5570.3
-6617.5 -6268.9
-4253.7 4002.9
-2178.5 -8909.5
-2515.5 3414.5
-8888.5 -8708.7
-3615.5 2355.7
6123.1 3702.9
3100.9 5649.1
9838.1 3022.5
8280.5 650.1
6280.9 643.5
3829.3 5964.5
-1631.3 8004.5
-4903.9 -6316.9
7313.5 -63.9
-5799.9 5613.7
7548.9 -939.7
-938.3 5632.5
-9619.9 1758.7
5816.1 -5047.9
7582.3 3073.3
-2228.3 -9246.9
-7759.1 678.9
-1082.7 8745.3
4889.1 -7290.7
538.1 5291.9
-3070.1 3207.5
8468.1 497.9
5404.3 -3638.7
-4784.7 5361.5
-5613.7 -4145.9
-2137.9 7344.1
2587.7 -2918.9
2186.7 6981.3
7681.1 -2564.5
-3849.7 -7489.5
9398.7 -8312.5
6480.5 4868.7
5787.7 4483.5
-6426.1 -4860.1
1911.9 8478.7
-1942.7 8540.5
-5829.5 -4364.1
-4801.9 -8508.3
-1876.7 -2227.5
-8920.3 -3477.1
4619.7 6670.3
5631.1 -9336.5
9208.1 -6059.7
-426.5 -4297.9
8013.3 -6561.3
2029.1 -8062.1
5524.7 6379.9
4544.7 8925.3
5565.9 -6554.3
8425.5 5374.7
-7168.5 -9387.3
3570.3 -7736.7
-6434.3 -524.1
-8851.3 -5645.9
2527.3 -8656.9
-3960.3 -9969.1
6392.5 -1361.5
7590.9 -7306.1
-8165.5 -1968.5
-1719.1 8849.9
8340.3 3873.9
-3035.1 -2409.7
1218.3 -4778.9
-8484.1 8554.5
5735.7 -6492.5
3899.9 -5220.5
-5936.5 6314.5
3831.7 1385.9
6446.7 -5601.5
-3520.9 -8066.3
4567.9 -5330.1
-2888.9 1554.7
8535.3 -2437.7
8720.1 9395.9
7311.3 -4624.5
-4820.3 5574.3
-2445.1 7933.5
1042.5 5385.9
5218.3 -5305.9
7274.7 -2912.7
-4253.1 -2487.3
-5494.1 2743.1
7930.1 -6473.5
9517.5 486.5
5413.3 8489.5
142.3 5843.9
1095.7 6821.9
6279.1 -6152.3
-8917.7 1210.1
7285.9 5781.7
897.9 1378.9
6359.5 9617.3
-2767.1 2792.9
-5921.7 -9660.3
-2974.7 8674.1
3486.5 -5917.9
-8508.9 3972.3
8248.3 3181.5
6276.7 -4515.3
-8330.5 713.1
6241.3 -4993.3
6816.1 -4547.3
8115.7 -4847.5
8552.7 9102.7
-7419.3 -3024.7
-1542.7 2103.7
-1090.9 -4952.5
9197.5 -5676.5
-5805.9 -6559.9
8915.1 2033.5
-846.9 9169.1
-4546.9 3334.3
4317.1 544.5
6851.3 8300.7
8388.7 1371.7
-9962.9 -5396.5
1739.5 -481.5
1701.3 418.5
-2906.7 3417.7
9635.5 2268.5
7342.5 1991.3
8195.1 8068.3
-575.1 -4291.1
-5958.5 -8255.1
5706.1 -3908.1
4803.9 5359.1
-2460.5 -4050.7
-1002.9 -9150.9
4362.5 3513.1
7030.5 -676.9
-1526.3 9151.5
-7675.5 -6880.9
-1966.3 7733.7
4071.5 4751.1
-9414.7 -8574.7
-1146.3 5895.1
-8983.9 1187.1
618.9 5493.1
-1903.5 -5568.1
9649.7 8120.3
5926.5 2202.1
7836.7 7483.5
-4876.7 5634.9
2388.7 -8597.1
2907.3 5908.1
-2864.5 -1318.9
-3060.9 5312.3
4051.5 -8210.7
1062.7 8925.9
6827.3 -3531.9
9861.1 -3183.3
-149.9 8687.3
6537.5 -1411.9
-8022.1 3863.1
-9483.5 -4489.1
-84.7 8157.7
5504.7 -911.5
5991.1 -4990.5
8479.5 9570.3
9120.1 8526.3
1384.5 2951.1
4940.7 9913.5
-8832.5 6750.7
9557.3 3049.5
522.3 -5053.1
-3808.7 -548.5
4832.3 -196.1
-4974.9 9020.9
8317.3 -6251.9
2491.9 -5226.9
8193.3 -3199.5
-1037.1 1470.5
-9819.1 -6865.7
5947.3 -9816.1
-6266.5 -1602.5
-7650.7 -5282.1
8728.3 1416.1
6215.5 2488.1
-9443.3 4854.5
-7102.9 -9821.3
5601.9 -5000.9
9445.1 1118.5
7535.9 8255.7
2928.7 -3467.5
-3730.7 9142.1
7344.1 -9116.3
5049.5 7119.1
631.3 7216.9
-2112.7 -1556.5
9248.9 2198.5
-6253.1 2600.5
4504.1 3874.1
6137.3 2588.3
8167.3 -1263.9
5312.9 6784.7
1293.9 8403.9
8892.7 -2072.9
4329.1 -2663.9
4455.3 -7646.3
-945.9 3153.7
-3204.3 -9539.5
3752.3 -8671.3
7316.1 -752.1
844.3 -3999.9
-507.9 750.9
2771.9 4613.1
-9348.5 799.9
362.1 -2739.5
9873.5 -8863.9
3014.5 -6624.3
-9751.1 1183.1
5177.3 -4889.1
-8289.9 -1878.3
9437.3 -2024.3
7424.9 8908.7
8108.7 -2154.5
-9217.9 7401.5
-7700.5 -582.1
-3444.3 4316.5
9203.3 8259.1
7237.7 -7630.9
5809.3 9281.3
8257.5 5710.9
-8531.7 9972.9
9975.9 -811.3
9101.5 157.3
-4424.1 -1852.7
-7085.1 4486.1
4864.3 4934.1
-7285.5 -7513.1
2671.9 4858.3
-571.5 7372.7
2641.9 -5115.1
-1544.9 -5903.5
6233.9 -6497.1
4717.5 5081.3
2929.3 987.1
-2297.3 9978.5
-5902.5 3586.5
-9136.3 -5497.3
1558.3 5007.9
-8037.3 -8708.7
6106.1 5884.5
-2023.5 -9584.5
1006.7 -9144.5
-304.7 1615.5
-7308.3 -9830.3
7642.5 1023.1
2271.1 -9988.3
5747.3 -5973.5
3533.3 -6786.9
3787.1 5849.9
921.7 -5882.5
492.3 9415.1
6897.7 5224.3
-4812.5 2665.5
-5726.9 -4678.9
-3988.3 9915.3
-223.3 -8658.9
-2019.7 -9254.5
-7923.1 3188.9
6169.1 -1730.9
-753.1 -4073.7
-9112.3 -7436.5
155.3 -9336.3
1314.9 -2836.7
1309.3 4416.3
-8521.1 5708.7
-8311.7 -2527.5
481.5 7586.5
7285.5 -3509.1
-740.9 -2535.3
432.1 7514.1
-4714.7 -6355.1
-5784.1 -1260.5
4668.7 5714.1
-8666.5 8634.3
-2700.9 3775.7
1247.3 -2837.3
-5485.3 8107.7
2216.7 813.9
7876.1 2253.7
-5011.1 2651.3
6285.9 -1755.7
1300.9 -2906.5
-8258.7 6246.9
-5309.5 -5712.1
-2427.3 8164.1
-6394.3 -5023.7
3439.7 -7790.7
-3664.7 -6214.9
4604.7 1453.1
6912.1 -4891.1
-1090.9 3239.3
3013.1 -9246.1
4541.5 4888.9
9589.9 -9757.9
2974.3 -9437.3
-9540.3 8851.1
-4525.5 -1948.3
6812.9 -5653.9
3485.3 8285.7
6006.3 -9736.5
-5866.9 5157.5
-5022.1 -2883.7
9307.5 -4025.9
-8759.1 -4921.5
-6018.5 -7695.9
-4807.5 5607.7
80.1 -537.3
-7826.3 7671.1
-3237.1 7205.5
-844.1 -9711.5
878.3 -8587.7
4364.5 -1078.3
9218.7 9389.3
-8415.9 7516.3
-521.7 -9869.9
4981.1 -3728.5
2363.1 -1332.1
5201.7 2329.9
-6854.1 -2169.3
1145.5 -8054.5
7429.3 -5300.5
-570.9 -4250.1
-4870.5 5001.7
9749.1 -6506.5
8034.3 9392.9
8157.9 -7768.5
7090.1 8105.9
2488.3 7528.5
842.1 -1657.9
8639.1 -8959.5
-7740.5 -9835.9
5152.3 -6386.1
6621.1 -6647.7
929.7 1354.9
-3936.5 8077.1
-3768.7 5557.5
-3994.5 7683.1
-2258.3 -8180.3
-8516.5 -4727.3
3196.1 -675.9
-995.3 7142.5
9493.5 -7206.3
3078.5 2552.5
-7101.7 5828.5
5011.7 -9198.5
-5125.5 6836.5
-6601.5 6106.3
4031.7 855.9
1507.5 -4051.3
-4588.3 -6349.9
2268.3 4661.9
-7797.1 2326.7
-5512.9 1610.3
1114.9 7447.9
987.3 -5792.1
1824.1 2145.5
6677.3 9930.5
-1186.9 9546.3
3397.1 1280.3
778.1 1181.3
3477.7 -7278.1
1591.3 7782.3
5992.9 9249.3
9893.9 1425.9
-6354.9 -7446.3
7672.5 -2389.1
-7204.1 -125.9
7129.7 6736.7
3573.1 7769.5
-8851.5 -207.1
-308.5 -887.5
-4571.1 -1334.7
-9152.5 -7602.1
1498.3 6804.1
-4390.3 8666.3
3033.1 1974.9
5471.7 -9332.5
5122.7 589.5
-4958.7 3373.9
-379.3 5429.1
-2391.5 -2273.9
4635.7 -2382.3
5310.9 570.7
112.3 6512.1
-359.7 -7953.3
-5066.7 4661.1
5434.7 3632.3
-7665.1 -5403.5
-4395.9 -1685.5
1010.5 8312.5
-7946.9 3823.3
460.9 -5339.5
-4446.9 4697.1
3228.5 4091.7
-3383.5 -6694.3
5103.3 -1242.9
7518.3 -2972.9
2739.1 -165.1
-121.5 -1978.9
-4115.7 5009.1
8440.9 4949.1
-403.7 3136.1
-2360.1 -7272.1
9618.5 -5949.9
-1412.1 -8038.3
-2962.1 -101.9
-4645.5 -7905.1
-7798.5 -3751.5
-5597.7 4220.1
459.3 4830.7
-7664.7 -3730.3
-7283.3 4369.3
-7440.3 629.9
-6264.7 -2980.5
-2047.9 -9327.5
-1052.9 -961.7
4984.9 -9069.1
-8632.7 421.7
-5593.7 -3902.7
7172.5 7238.9
608.7 -7175.3
-8303.1 -1552.3
2440.3 -9709.1
-1603.1 -4440.1
-274.9 -2906.7
2437.3 -4415.3
9655.5 1509.9
8962.7 -8870.3
-5985.5 4644.7
-9361.5 -7230.5
412.5 2137.5
9096.9 9803.5
-8270.3 3059.1
-31.1 8917.9
-2202.9 -6388.7
8982.1 560.5
-4158.7 5153.5
-6522.1 722.9
5617.7 4585.9
3402.3 -1996.9
-177.5 8895.3
2062.7 2943.5
-3915.5 -9483.1
3644.1 8601.1
-5652.7 4716.7
-4360.9 3701.1
2556.5 747.3
683.3 -562.7
-5653.9 -3273.3
-5929.7 8875.1
-9688.5 1860.3
-9972.5 6099.5
420.1 7702.9
3809.5 5261.7
-9048.3 -5855.7
3014.9 -2404.9
-4528.7 6537.3
-3881.5 6037.1
1447.7 -2524.9
-2711.1 1895.5
1227.7 4541.1
-8627.7 -968.7
-6083.3 5324.7
-9692.9 -3917.1
5178.7 7538.1
9937.7 6245.7
2251.3 -5391.5
6551.9 8483.1
-1668.9 3.9
-8592.9 -2699.5
-7097.1 -4289.7
-6591.3 -4495.9
-4848.1 9143.3
-483.3 -737.1
-768.7 -1614.9
9346.9 9356.7
9081.5 2297.1
-168.9 4967.1
8106.5 -9905.1
-2099.9 1105.1
3319.1 -864.1
453.3 6021.3
-9803.9 4511.3
1146.1 -9244.3
-9265.5 -3687.7
-5109.9 3794.3
7565.7 8316.9
3312.7 -2270.3
7461.9 9360.3
9826.5 7349.1
8088.9 7463.7
-382.1 -3057.5
-9499.5 3942.7
8897.7 6083.5
3933.9 -9615.5
-6302.5 3253.3
1411.5 -3538.3
-7304.7 6475.7
-6832.7 -6109.5
-8464.3 -6903.1
4613.7 -6315.9
6371.5 4185.9
7239.5 -3218.1
651.5 4849.3
5397.7 -384.7
-8895.3 4888.7
-7389.9 3745.9
-6353.3 -3108.5
3056.3 -4283.9
5894.1 2779.3
5530.3 4851.7
-811.5 -1524.7
-8992.7 7876.1
-5770.3 -5399.7
9699.7 27.7
-872.9 -6301.5
-9485.7 1581.7
-9488.1 -9554.1
8141.5 6766.9
4713.9 -1001.5
-3396.1 -2824.9
-7227.1 -8583.7
870.5 -890.1
7091.5 3018.1
8727.3 -1103.1
-7049.3 -6698.5
-6334.1 -5684.9
-3067.9 -7902.9
5091.5 599.5
-9633.1 8621.9
-7473.9 5556.5
3931.9 -718.9
-2700.5 -6424.3
-6402.5 5080.3
-6056.9 1798.5
722.7 7866.5
7888.5 4914.7
-958.9 -698.3
-4416.3 -2226.5
3001.5 -6486.5
7056.5 9580.5
-9567.5 378.5
-8253.5 8205.5
-7730.9 -8945.9
-2695.1 -4678.7
5378.3 4324.9
3245.9 7255.3
304.5 -7170.5
-9947.7 2940.3
-5509.9 -8161.3
-4315.1 2579.3
1709.7 847.5
-2116.1 -1925.5
1130.1 4847.9
8173.9 6170.5
-2883.5 -1750.5
3799.7 -3091.9
-8317.3 1730.7
-6952.5 -9260.9
-2893.9 3583.9
-2279.5 2868.3
3650.3 8329.9
-4450.7 1546.1
-4832.7 -6841.1
5521.7 -528.5
3753.5 -1615.3
9172.9 -5421.1
352.9 5963.1
5603.5 3799.7
-882.5 9387.5
-1679.7 5322.1
3787.7 -8523.5
-2060.3 7928.9
6109.7 -5968.7
1088.7 6785.9
1797.9 -1225.1
-5763.9 -55.7
2017.5 -8039.7
-4613.7 9345.5
-9445.7 8454.7
-7602.1 8879.9
-4540.3 -646.1
-3081.1 -9849.9
-2225.3 -3098.7
4933.7 6639.9
5935.9 -8707.5
-77.1 -6625.7
-7244.7 -8109.3
1208.3 3411.1
130.3 9430.1
269.1 -9307.7
1551.7 6172.9
-6928.5 7732.5
5081.3 -1259.1
-9255.5 -6324.1
-2960.7 -7333.3
-4792.3 3531.9
-4846.7 -263.5
9347.7 9506.1
-9557.3 -1347.5
6289.9 2042.3
-5307.1 9612.1
5844.5 -6285.3
9244.5 -3425.7
7279.5 -7755.3
6874.3 -5206.1
87.9 -5660.1
-3358.5 -9953.1
2271.7 -9100.3
4117.3 -1091.5
5662.5 -9166.9
2011.7 -9211.5
-5709.5 -9296.5
1822.7 -1581.5
864.9 780.9
9512.5 4131.5
1379.9 6116.7
626.3 -8910.3
-176.5 -6306.1
3433.1 -2327.3
5273.7 7428.1
-5622.9 -4889.1
4416.1 9257.1
-3053.3 -1456.1
4705.5 -2248.9
9045.7 3949.5
1641.5 4570.5
8606.5 1097.1
2922.3 -3440.5
2876.1 -8217.7
-2626.1 -7417.1
-2779.5 3475.9
-3674.9 7634.1
-3343.7 -2185.1
-2071.9 -2048.3
5357.1 4017.9
-4302.1 -8543.1
-9650.7 907.7
-1058.1 4415.9
2536.9 3170.1
5167.9 -5906.1
6172.1 -6997.5
8398.7 -2443.7
5910.5 7918.5
-3388.3 3040.3
8073.1 474.3
-1590.3 5369.3
-9054.9 -1575.7
8898.7 1528.5
-5195.9 -3491.3
7556.7 4451.1
-1208.9 5703.7
-5757.1 -8887.1
-2733.7 6471.1
-5296.7 5511.1
7386.1 3096.9
344.1 -5294.3
-9338.1 5451.3
-8904.5 6014.5
-5568.5 239.7
-8552.5 6730.7
3228.3 -3781.5
-5939.3 -4112.5
6097.5 3983.3
7128.9 -7582.7
-7315.7 4510.7
-9438.5 561.3
4026.1 -6941.7
2442.5 7623.5
-2363.5 -5331.9
-7076.9 2871.3
7584.3 -6661.9
-7973.3 -3003.1
-8058.5 -4734.3
217.5 -1963.5
8342.7 -9102.9
-9398.3 -2533.3
-9964.7 4786.1
-9218.5 7960.1
-3024.9 8095.9
-4015.9 9731.7
1876.1 -5225.5
2732.1 -1296.3
-6222.3 4266.3
-4576.9 -1692.9
-9123.3 1898.5
-6476.3 -4720.1
8968.5 -8094.7
2485.1 -8843.9
2418.1 8722.3
-7042.3 -5515.1
880.5 -9060.9
8064.3 5839.9
2932.9 9138.7
8087.1 -5200.1
-8839.5 -7738.9
-6579.7 -6853.7
9297.9 8964.5
-7039.1 3382.7
-9760.9 7943.5
6656.9 -9944.7
1520.7 -57.1
1734.5 -2106.3
-8550.9 -6716.9
-3787.5 1899.9
-5282.1 1085.7
-3811.5 -6614.5
1382.7 2802.9
-7335.9 -6790.1
4530.3 6897.7
4938.3 6590.5
2917.5 -4167.5
-8710.5 -7955.7
-2888.3 -9595.9
3865.1 -2723.7
-6028.7 -7897.7
8407.3 8190.5
8967.7 2062.9
9000.1 2882.7
-9191.9 9709.7
-2800.5 -8011.7
5285.1 6760.9
-8082.7 -9732.3
-4564.1 9693.9
9383.1 7837.3
9012.7 -7003.1
-654.9 1499.3
5556.9 1358.7
-1737.7 7654.9
3617.3 -5494.9
-8693.9 -6769.7
-5840.5 46.1
-5327.1 -378.9
9067.5 -9706.1
-1465.9 4063.9
-6902.3 -1675.5
-2892.5 1056.1
9034.3 5903.5
8251.1 6167.9
-8689.5 613.3
-3796.7 -5246.7
-1720.3 -5052.3
9450.9 -4920.1
5028.9 -693.7
5110.5 -1004.5
476 765
30 640
695 916
205 638
749 899
954 964
106 549
915 972
46 92
42 496
209 565
25 550
128 145
393 836
33 585
14 58
151 456
39 895
77 236
551 582
115 624
387 978
93 786
180 761
18 379
473 963
583 737
198 442
463 943
37 995
198 530
96 106
564 618
602 631
557 626
193 400
164 863
250 850
26 448
229 253
921 961
12 957
261 323
450 559
90 766
159 759
144 818
101 871
876 963
427 793
366 916
197 726
507 661
39 64
171 959
254 447
209 420
147 642
134 599
337 858
782 877
448 883
485 665
658 970
169 723
237 379
374 583
454 971
646 923
127 542
91 142
740 849
442 982
521 924
407 866
679 868
340 832
244 333
337 821
96 720
62 186
373 870
41 461
389 465
56 209
244 289
127 570
86 443
398 415
338 763
195 199
65 481
4 272
620 680
240 742
553 735
281 443
87 786
386 689
380 985
102 741
212 857
108 496
28 763
546 674
191 415
341 738
582 659
409 832
328 1000
423 499
617 700
415 807
387 932
531 737
192 714
79 892
365 639
889 990
255 456
348 904
159 223
291 312
343 359
127 746
180 708
250 706
376 910
176 544
850 932
256 916
157 284
384 927
282 951
847 985
526 562
355 430
447 631
91 791
668 961
148 935
647 755
403 495
192 731
412 786
201 597
515 839
424 660
664 680
417 630
383 906
688 737
96 342
615 726
468 849
69 281
387 902
416 489
158 382
664 908
412 882
60 323
726 770
267 849
74 444
480 624
268 419
477 722
197 730
517 711
266 526
234 801
611 960
13 687
107 126
244 385
427 524
166 543
459 903
95 224
175 298
471 476
718 917
306 838
632 807
153 373
437 807
231 391
674 843
85 463
185 234
560 966
515 671
108 293
372 465
320 953
410 602
135 455
174 180
316 750
86 261
69 595
166 408
433 801
119 778
630 886
119 770
258 803
83 807
695 869
570 812
57 426
577 685
139 711
201 505
233 647
730 854
305 784
402 730
59 839
259 398
814 833
835 897
189 366
512 778
206 666
768 963
331 867
568 824
926 943
314 825
298 839
155 299
400 638
232 866
87 447
239 287
101 384
8 893
282 754
199 217
925 933
864 903
278 956
210 905
584 686
383 541
626 672
524 920
64 749
555 863
38 237
562 809
460 984
446 954
57 149
251 253
128 148
113 263
436 533
147 862
283 319
418 672
490 683
701 1000
757 851
115 653
616 795
479 868
457 556
280 303
273 961
681 868
155 596
94 857
382 907
124 565
1 104
957 969
130 574
543 719
260 379
129 179
169 243
63 551
831 866
61 121
82 212
502 828
170 951
209 309
419 616
105 661
10 904
410 456
121 765
919 979
265 845
101 650
207 317
320 777
421 518
56 930
594 938
135 795
247 449
125 758
30 864
248 733
300 458
94 256
107 154
873 998
355 737
362 756
51 834
684 919
242 478
287 599
424 877
2 957
69 569
385 763
940 954
349 779
660 970
2 736
64 594
163 270
160 796
578 987
736 892
494 542
90 788
4 355
308 691
498 929
384 920
429 716
83 517
91 872
27 505
437 961
143 160
55 693
484 730
192 927
289 630
182 260
189 390
638 929
34 480
311 666
615 703
396 628
838 871
364 738
48 58
183 570
374 506
310 955
151 584
153 996
260 902
461 651
481 663
238 353
15 321
288 965
322 485
571 817
5 795
330 945
255 645
184 283
178 267
81 90
255 348
620 881
219 355
336 339
801 832
827 944
360 626
184 951
730 964
135 392
273 527
20 352
279 499
277 643
545 671
198 772
86 384
223 783
42 515
83 900
546 774
441 664
290 938
19 784
624 736
96 539
24 405
300 905
603 822
602 872
170 611
321 653
548 849
535 547
99 275
196 863
569 745
474 740
181 809
651 782
352 502
138 824
312 889
531 582
95 484
217 553
450 718
229 668
19 795
179 978
532 654
727 800
460 489
419 538
268 580
196 403
481 713
316 939
753 905
510 580
430 779
433 854
234 815
269 314
130 627
513 653
166 168
506 844
61 849
18 164
492 731
57 271
800 993
59 190
461 855
690 880
525 830
77 332
13 214
59 483
566 969
110 366
308 955
61 892
366 998
724 852
642 662
17 380
303 496
583 987
442 530
266 569
500 674
635 648
134 821
6 182
88 817
272 770
371 807
245 454
414 576
628 918
406 603
293 674
422 468
661 734
961 998
143 731
557 957
331 427
38 77
872 964
61 789
619 845
299 371
516 557
45 722
451 814
471 736
307 930
780 963
193 590
475 595
