1000 777 1000
-6406.3 -5697.3
5690.1 7954.1
-15.3 -2503.3
-2199.3 -8616.9
-9834.1 -4865.7
-1578.1 -9644.9
6568.7 -3658.5
-1150.3 -5554.5
1388.7 -7058.5
-8810.1 -9189.7
-5423.3 5001.9
-1539.3 5461.7
9178.1 -3523.7
5809.9 -2718.3
444.3 4132.3
-5523.3 5793.1
-8407.1 2174.5
4058.3 1268.7
-6145.3 2395.7
452.5 4251.3
-8559.5 2940.7
9521.7 -5668.3
-4265.1 4478.3
6335.5 -3821.9
-5654.7 -9186.3
-5427.5 -4455.3
-1214.1 3008.5
6255.5 2675.1
-7520.7 8161.5
-1075.1 5538.7
2965.9 3884.7
-5736.5 -9718.9
-7207.1 -8422.1
4604.5 -5892.5
-7769.5 3615.5
1489.7 -4022.1
-8467.7 -4759.9
-2763.3 -79.5
-341.7 -3777.9
-8773.3 -4755.5
2835.9 -9974.3
-2801.3 7852.7
9942.1 1384.7
-3212.7 -9398.9
9027.1 1875.1
-6530.5 -4659.5
1162.1 -9099.5
-9285.7 -7131.3
-8650.7 -3855.9
8613.9 -832.9
7198.7 47.1
8300.3 -5083.7
-3237.5 -9773.5
-8309.9 -724.7
-2475.5 5219.7
-379.5 5837.3
8973.9 7989.9
5114.7 -1626.3
9919.9 -2832.7
-5749.1 5274.7
7843.3 -7336.1
-7539.3 9702.5
-1034.9 -11.5
-7841.5 1952.1
9582.9 -351.7
4944.3 -8429.5
-4587.3 -2404.5
-3237.9 3333.9
886.1 -6989.5
-2701.9 -9483.9
-4436.3 -1729.9
8963.9 -934.7
-9580.7 1836.9
-5736.1 5901.7
2670.7 2528.5
-5413.5 2797.7
-8137.1 1191.3
5645.9 -7403.7
-6710.3 392.3
-3903.5 1487.5
1785.5 2135.9
-6324.1 8753.5
7933.5 -6450.5
4811.9 -9134.5
7633.9 2244.9
6707.1 3386.3
-7008.7 6761.5
8629.7 -3826.1
8304.1 -9635.5
8290.3 1575.5
-4835.5 -3333.3
-8834.7 -8128.5
9431.3 -3943.1
209.3 -431.5
-6894.1 -311.5
-1576.1 -9735.9
4457.9 2012.3
8032.1 6769.1
1696.7 3294.5
1775.7 -9826.1
224.7 637.3
-1429.1 9859.9
5912.9 -6076.3
5786.3 237.9
-9421.5 2641.9
5561.9 -4664.7
3271.7 -7946.1
6785.9 -4619.1
5575.5 -7605.9
7034.1 7710.7
9069.9 -9756.7
-3756.9 -7617.7
-2609.7 337.9
-7442.5 9033.9
7275.1 -2556.1
1732.5 1418.5
6724.3 -7977.7
5745.7 -6995.5
-6461.1 2776.9
-3341.7 5037.5
9416.3 -4056.1
2356.9 2850.7
-609.7 9730.7
3211.9 8315.3
5377.3 4522.3
-1602.7 -1338.3
8556.1 6924.3
5014.1 -2880.9
4971.3 -8256.7
-1002.1 -3151.5
-5237.3 -7516.5
-9994.7 -1876.3
5213.7 9456.9
6610.1 -3913.7
-9412.9 9044.5
-7073.7 7631.9
6996.3 -9825.5
9970.7 8686.7
1526.9 5317.1
1882.5 -7357.5
646.1 5214.3
-6549.5 3600.1
9115.5 -1426.3
7953.1 -6070.3
3985.1 -5404.9
-6239.3 -1842.7
-1390.1 -6717.1
7368.1 4371.9
4501.5 8825.7
-5833.5 -7474.3
7064.1 2915.3
-3256.5 8911.1
269.1 -5438.1
3404.9 -6718.1
7650.7 2850.1
-6994.7 9178.1
347.1 -9100.5
140.9 -6037.5
144.9 9624.3
4462.3 -5979.7
-7561.3 5032.5
-7962.5 8671.9
-5210.5 3512.3
-7078.9 -8848.5
-27.9 -9586.7
-5448.1 -6552.3
-7268.5 577.3
-8172.1 -3758.5
4607.5 -3389.3
-2873.1 30.1
7234.3 -2146.9
-134.7 -4310.5
-6487.1 -9795.3
2257.9 2675.9
592.7 5363.3
1322.9 -6652.1
198.7 901.5
5716.5 7313.7
2870.9 8315.9
-9715.7 -3012.9
9471.9 9696.1
-9265.5 1460.7
1706.1 -1487.3
-1745.9 6851.5
-2956.1 8238.5
-691.9 -3355.1
-1245.7 -8613.3
9223.7 -638.9
3028.3 4547.9
5331.7 -9955.1
1067.7 6936.5
-3873.7 -1535.7
-6228.1 -1749.9
7114.9 -5204.9
-205.9 -8822.5
9807.3 3888.5
-2812.5 9452.9
-9647.7 -9964.5
7629.9 -4569.3
6413.3 -3264.3
3170.9 -3910.5
-5152.9 -2055.1
-5638.5 7062.1
-1875.7 -7443.9
3044.3 6482.1
-7705.1 -8797.3
5063.3 1499.1
7855.7 -7270.1
3252.3 -38.7
-3460.5 8358.9
6176.5 1599.9
-1580.3 1281.5
3772.9 3310.5
-3582.1 8587.1
9206.5 5201.1
-9585.9 9798.5
1432.1 9191.5
-1641.1 6829.5
451.3 -9927.7
2036.3 -3494.7
-5345.9 2160.5
-9220.3 1660.3
-4459.7 7846.7
4872.1 -6365.3
7322.7 -3972.1
-2702.7 -5659.5
2213.9 -9709.7
-4312.3 6255.5
8975.3 5473.3
-8828.1 -931.5
6689.7 -6500.9
-5408.7 -428.9
1187.3 -7206.3
-885.1 8466.7
3169.9 5803.3
1106.5 9656.1
7403.3 -9988.5
855.1 7451.5
9099.1 -9548.7
1496.5 1097.5
2269.1 9002.1
-5385.3 -2998.3
-6877.7 8874.3
3182.3 828.5
6886.7 1290.3
-8449.1 3173.3
-1302.3 4499.1
-3132.9 -2753.3
1067.3 8102.5
-5591.7 954.1
-1658.3 7294.1
-3845.7 9384.3
-4458.9 -6402.9
-9161.5 -5525.1
-9641.9 -8209.5
4998.3 -6931.1
4604.5 615.5
-131.1 -5536.7
4803.5 -7092.1
-2715.9 9804.1
-1689.1 5024.7
-8198.1 -5962.3
-7059.9 5151.7
8600.1 -3218.5
89.3 7952.9
8733.7 1856.7
4758.5 293.5
-3271.1 748.7
-5131.9 -6648.3
-4167.1 -397.9
7703.1 5332.7
9173.5 -1061.7
2296.7 5639.5
6929.3 -464.7
-8166.3 1756.1
6558.7 8497.5
-7956.7 -659.7
-5134.1 3106.1
-3229.3 -4112.1
9331.9 -8383.7
6187.7 -1115.9
7907.5 -3027.1
3000.5 -7675.7
-947.5 -7821.3
2258.1 2479.9
650.5 -3223.5
1683.9 364.1
-7959.5 1949.5
7469.3 -8052.5
-8074.1 928.1
2428.9 -5120.3
8068.9 6224.1
-8783.1 -5802.3
-5448.5 4272.9
-1130.3 -6279.3
-1036.7 -4209.7
-5106.3 -117.9
-8841.3 -4691.9
-3471.5 -8922.1
-5363.9 2828.5
5536.7 -593.7
2523.1 -8390.3
3627.3 -5806.3
7812.5 1455.1
7903.7 887.1
6011.5 1873.5
-3231.1 8220.9
3036.9 3490.7
5432.1 4214.9
543.3 2719.5
2746.7 1645.3
9205.7 -9558.7
-4023.7 -4579.5
8114.3 -9514.1
-1009.5 8394.5
-6791.1 2145.1
-8894.5 5201.5
-4412.1 -8102.3
7569.5 1589.7
-6182.7 -6852.9
651.9 -1897.7
9813.1 585.9
-556.3 4322.1
7700.1 -5074.1
7131.3 3077.7
3319.9 2660.3
2345.7 575.5
-8827.7 1837.9
1898.5 -5223.5
7720.5 7538.5
4362.9 4690.3
8173.1 -1282.5
9322.1 8058.5
2027.5 3321.3
7364.3 -8779.7
9349.5 8689.9
-6293.7 -6699.3
-1128.7 82.9
5063.7 -1456.7
4102.3 4425.1
8159.5 1323.9
7474.7 2771.1
8243.5 4278.1
771.7 -1939.5
1175.9 7907.7
-9700.5 2483.7
-9013.5 -3068.9
-9051.3 -7953.7
6721.9 -1001.5
2256.3 5811.9
-3804.3 -2084.5
7177.1 7727.3
-295.3 1620.1
-2194.7 4671.7
-295.7 -6096.7
-7852.3 -6988.1
4557.7 -3320.3
7427.1 -7296.7
6603.5 4321.9
-4291.1 -3331.5
-4285.7 -7424.3
-8312.5 -2240.1
-370.1 7680.3
-6703.9 -5649.1
-1985.7 -3622.7
9082.7 -7045.3
-3722.1 -4259.1
-5193.5 -5243.1
-913.9 -804.3
2369.9 4071.1
-6589.1 1865.7
9727.3 -9814.5
-8525.3 -8809.7
9837.3 -4893.5
-3955.3 2970.5
5743.9 -6420.9
-5295.9 4423.7
1659.1 -8562.1
6122.1 156.7
3363.1 -4484.3
-6126.7 189.7
7780.9 3910.1
-2110.3 -1447.1
1608.5 -7886.9
8617.9 -7368.1
8462.1 -6555.7
1261.3 5775.1
1337.7 2891.7
-7052.1 -1234.1
2045.9 -217.1
-744.9 1478.5
344.7 8739.9
7959.5 4806.7
3145.9 -4859.3
2186.1 549.9
-2871.1 3607.9
6364.3 -9545.9
-1982.9 -1213.9
-6796.7 6523.7
6595.7 1541.1
-1565.5 -2996.1
-2615.3 -5252.5
2491.3 380.5
3416.5 5197.3
5982.3 -3225.5
2254.7 1674.9
1107.7 -327.5
7.3 9483.3
9527.1 8292.9
-1957.5 -8310.1
-9244.7 -8889.3
6595.1 6298.5
-5645.3 7567.5
4512.9 -7681.7
6205.1 8983.5
8419.1 1213.3
9510.3 8905.5
342.3 -7151.7
-2644.1 8817.5
7491.1 -6733.9
5636.1 8574.5
3551.7 -1671.5
-1906.5 4121.7
3062.1 8563.5
-8964.5 -9629.7
-3315.5 -1902.3
2676.1 4542.9
6373.5 -4515.5
8573.9 -796.3
-1799.5 -5028.3
-3748.5 -3815.1
-591.7 -7347.1
-3428.7 6352.5
-8281.1 -366.1
-1176.7 9088.9
4007.3 1924.1
5423.7 -4486.5
1493.1 5747.5
6715.7 -9395.5
-7516.3 1944.5
-8661.3 -1764.7
-7967.5 -3862.5
3724.9 6073.1
-1977.1 252.9
-1758.9 9965.9
8714.3 2677.3
2724.1 -5200.7
863.1 4208.1
4863.9 6430.5
-7699.3 -9548.9
1071.9 5773.3
3479.3 1033.7
-3283.3 -4053.5
-5393.1 -5928.9
4434.5 -8477.1
9202.3 -9767.7
-2149.7 -2805.7
-7920.9 -4896.1
7776.5 -5390.7
-4570.3 1539.5
2545.1 -4771.1
-9041.9 7812.9
-321.5 -2499.5
7665.9 5291.7
4975.3 -8480.5
3657.5 7806.7
-1326.9 -4614.1
-2324.9 7288.3
-9185.5 -8813.9
-7680.1 -716.3
7691.1 -5421.1
-3315.7 -4178.7
675.3 -2836.5
5993.7 1002.7
862.1 6028.3
5484.5 -344.7
5025.7 9891.3
5538.9 8840.9
3998.9 545.1
-116.7 -8242.1
5483.3 3029.9
-1479.3 9291.7
-9449.3 -8833.9
9403.3 8953.5
2413.9 4528.1
-7770.5 8661.9
3050.9 3146.3
363.3 4776.3
-8057.1 811.9
4644.3 605.9
-8166.7 8894.5
-6532.9 -8288.9
2498.5 -4160.9
5188.5 -5379.5
-396.7 -1832.1
-8324.3 3651.1
-4450.1 4262.3
-5837.5 8776.9
-6027.9 -5746.5
-4750.5 -9328.9
4774.9 -828.9
1065.1 2535.3
2055.1 -582.5
-3054.3 -8433.7
-6383.7 -7761.7
-8174.1 -8439.3
4448.3 3445.1
2165.9 7496.3
-9630.9 -8048.7
-1813.9 7307.9
-8264.1 8753.3
-3918.1 -872.9
5652.3 -279.3
6236.9 -3180.3
6083.1 6852.1
8067.7 -5910.3
-1088.3 -7351.9
2496.3 -8299.5
-6447.3 1170.5
-8990.5 6542.9
7119.5 2411.1
9974.1 4445.1
9916.5 -5321.5
-7127.9 5376.5
-138.9 -5134.5
7358.7 -8158.3
63.9 -9982.7
518.9 6305.7
9205.3 -8554.7
-8687.7 6337.9
7216.3 -2580.9
-5589.1 -8116.7
2381.5 2345.5
5049.7 -7436.3
7705.1 5945.3
-9397.3 -419.3
-4986.7 -3210.1
-4226.1 -2331.7
4844.5 -6464.9
-5827.7 3594.9
-4375.7 774.1
-8199.7 -9163.1
5953.5 3006.9
-7154.7 -6541.9
-5085.1 1174.1
-3701.9 -2596.1
-9041.9 -1932.5
2705.3 8265.3
-6104.9 -2715.1
7403.9 -4404.7
7570.1 210.5
-1676.1 -8864.3
3638.1 -9972.7
-2729.3 -6900.7
-8720.5 3681.7
-2221.9 -5575.7
-9295.7 7313.5
-881.9 5289.3
8256.5 -8784.7
3124.3 -2710.1
-617.9 -8594.7
1304.3 -7309.1
-6338.5 259.9
-2139.3 -4239.9
-8266.9 -3497.3
-7733.9 -589.3
-3434.1 8047.5
4713.9 -4279.9
5552.5 -4583.3
4221.3 -1241.5
5689.3 -3073.3
5694.7 6996.9
-3149.1 -8572.1
1679.7 -7611.1
-2570.7 6520.9
6956.9 9870.3
4394.5 1753.1
3839.9 9863.7
6223.3 -3085.3
-6787.3 -5009.9
-7891.7 7064.7
-9471.1 5800.9
-1010.1 3849.1
4092.3 -8166.9
-4448.3 238.1
5890.1 -5833.5
172.9 -8823.5
6957.9 -3922.7
-8578.5 -296.1
-2328.7 -2279.7
9235.3 -1907.3
7998.3 -8855.3
3452.9 9061.5
4917.9 -4482.3
7222.7 -8766.3
-4287.1 357.5
-7664.9 -9066.3
6629.7 3355.5
-1274.5 5001.7
4627.9 -8570.9
3053.1 3380.3
5984.7 -817.1
7770.9 -3357.7
-3651.9 -136.5
-9673.1 -3977.1
2592.3 527.9
-8286.7 -395.1
2954.9 -5462.1
-3755.7 -6003.9
-4253.9 -5623.7
7970.3 -2770.7
7408.5 -2046.1
-5835.1 4282.5
9216.9 1518.9
-9550.3 -9524.9
-3756.3 3327.7
-6149.3 3559.1
-9452.3 -410.5
-4171.3 -5434.1
2519.7 8032.9
7389.5 2663.7
-6188.5 3252.7
9976.1 -1120.9
8849.5 3723.5
-1547.3 1252.1
9400.9 8343.7
6617.1 -1257.5
760.5 8114.7
-9447.7 -4328.3
2869.9 -7305.3
331.3 7051.5
-3965.1 -1842.7
5602.5 6078.5
3378.1 -6208.5
-8585.7 -1352.5
-1132.3 2352.9
-660.1 6508.1
-2660.7 8256.9
663.9 6683.1
2775.5 -3198.1
8241.3 -1029.3
-2897.7 7702.3
-7346.9 5268.3
4592.1 -4387.7
-7131.3 -7530.7
-1312.3 -4041.9
5720.1 -1934.1
9238.7 -5799.1
-986.5 1675.9
-1292.3 -1255.7
2615.5 5954.9
-9261.9 -689.1
-740.9 2368.1
-3969.5 3383.7
4895.7 2440.3
-5309.7 7833.3
884.5 -7203.3
-9167.9 -4942.1
-6858.3 5840.9
541.9 -781.7
-6407.7 5489.9
-8165.3 -266.1
2091.3 -656.3
-5232.5 -5341.5
-5051.7 6702.1
7257.1 5930.5
-2931.7 1041.3
-3239.7 -4833.9
-3678.7 -7750.7
-333.3 8967.9
-96.3 -9853.7
-5220.9 -49.9
1596.1 7485.7
-1921.5 -1442.7
8282.3 -9396.3
-1552.9 -3583.7
-7924.3 -3481.3
-4062.5 -2786.1
1927.7 9319.9
1416.5 9556.7
7495.9 -8198.1
-6736.3 -1118.3
2309.3 4669.5
1304.3 -297.3
702.1 2439.1
-3571.3 -2615.9
6358.9 3532.1
-9079.3 -2061.1
9973.9 8605.1
-2537.9 -7949.9
-4890.5 2676.1
6489.1 -883.1
5749.9 9002.5
5302.3 -4278.5
4175.3 5334.9
-2358.9 -7165.1
-2035.9 -9753.5
6974.7 -4601.1
2456.5 4673.7
8993.5 6033.5
-3617.3 4194.3
-5527.7 1262.7
-7586.3 -7251.5
8458.7 -1236.1
2194.5 6634.7
2204.7 -3485.3
3016.3 -6165.1
7482.7 -9229.3
-3747.7 9674.9
-110.9 1999.9
7367.1 1424.9
1734.9 5768.3
-973.3 6830.9
2532.9 -6141.7
-4844.7 -3658.9
8321.1 6534.3
7837.3 5026.3
-4720.5 -4123.7
-5118.5 4570.1
-6586.1 3137.7
2580.3 5385.1
-7582.7 7044.9
412.5 -1320.1
7143.9 -9197.9
6677.9 -2552.3
490.7 557.7
1253.3 5345.3
-3451.7 -8911.7
-2404.3 1217.3
6980.7 2131.3
3060.9 1575.5
4231.3 6145.5
-2072.3 8423.9
8978.1 5000.9
2335.9 4181.3
5147.5 6459.7
-4426.3 3415.9
8856.1 -2029.3
929.7 9926.9
1803.7 8874.9
-7520.1 7476.7
4864.7 -5762.9
-7065.3 -2796.5
3117.9 -5391.7
-2607.1 1960.1
3171.1 6287.9
-5186.1 -8226.1
30.1 -9774.7
4342.5 6415.3
7456.9 7642.3
1399.7 -3238.1
-1144.1 4927.3
-6287.5 -1119.5
-5730.7 -9621.7
845.5 -4855.3
454.3 -8035.1
-5505.1 1871.9
3932.1 -3816.5
2584.1 -7545.9
-7666.7 -3950.5
-1545.3 4449.7
-3077.1 -3739.3
-1130.3 -8945.9
-7733.5 5773.7
3518.3 -9138.7
4398.5 -9483.5
-6646.3 3322.3
-5560.7 4217.7
-6919.3 -8102.1
6142.3 9918.7
4332.1 8387.5
1649.5 -7499.1
-6012.9 -2836.3
1306.3 -7971.9
-2906.1 3491.1
-8960.9 2781.9
-9248.3 -9747.7
-7351.1 -7804.3
-3611.5 9477.3
-7324.1 -9279.3
-2174.3 -6220.1
520.5 4158.1
-1836.3 -4611.3
7447.3 6633.3
654.3 -698.9
8338.9 -5514.3
-2050.9 1965.7
-7829.9 -6236.1
3085.7 -8234.5
-6401.9 9086.7
8711.9 7159.3
823.1 9809.7
-7213.7 -9870.5
-3393.1 -56.1
8784.9 5338.9
-3979.5 9408.5
6727.1 5712.9
-7588.7 -2637.9
8564.5 6778.1
-275.9 -3652.3
2213.1 2760.5
-9775.7 -383.7
-9090.5 -1871.3
-1559.9 -6145.7
5546.5 2384.5
5770.1 -4703.7
-9726.9 -7975.1
-7261.5 7710.1
8913.7 -3677.1
-7708.1 -3573.9
5803.5 -421.7
-3936.3 -9886.1
2977.5 9231.9
-6032.5 6603.9
-7467.9 -1862.9
4094.7 -5718.9
8134.5 824.3
-2361.7 -2924.3
-4369.1 2115.9
-1507.5 7283.9
-9482.1 -3908.9
1657.5 -8656.9
-7093.3 3240.3
-6571.1 9840.1
-9085.7 1108.1
1770.1 5998.9
-8204.7 255.7
-5699.1 -4058.3
-8448.5 1155.3
-5172.7 7952.3
1790.5 1393.7
-4283.1 -270.1
8011.7 4931.1
639.9 -9061.1
8857.3 8014.7
8776.7 -6569.3
-5613.3 -4845.7
8889.5 6119.9
-6573.7 -1323.1
6660.7 9469.7
6017.1 -7450.5
3145.9 -6053.1
-6207.7 -9490.3
-8797.3 1912.1
5303.9 -9792.9
-5477.3 -3035.9
-3515.9 -7823.7
3789.7 4996.1
-2125.5 -4212.3
6292.9 -2830.5
5976.5 9717.1
-1415.9 -5921.5
-2096.9 -1825.1
9279.1 -3008.5
-5278.7 -4453.9
9392.9 -8878.5
7209.5 4376.7
-6401.7 9893.7
-303.7 5081.1
-7675.3 -3426.5
-9849.7 -5553.5
-745.9 393.7
-5115.1 -3240.1
1447.7 1308.3
-7714.3 -5627.7
-5733.1 5866.3
-8524.1 2314.7
-7153.3 15.1
-1960.3 -2919.7
6208.7 -5647.7
8574.9 -5511.3
-924.1 2288.1
576.9 -3348.7
612.3 9738.9
-6122.9 5596.5
8206.3 5183.7
-5328.1 9540.3
-9831.7 -9391.9
-5943.1 -855.5
-88.7 -8002.5
-5274.1 -6575.3
-2233.9 1826.9
-9882.1 -3590.7
-712.7 7874.3
-3002.3 3776.7
-4772.7 4481.7
391.9 8985.9
-6879.5 4723.7
3176.1 7943.3
810.3 1949.7
3514.9 -4687.3
7627.1 3912.3
2196.3 -4968.7
220.7 6810.7
-9774.3 1254.1
-160.7 7137.9
7931.5 1470.3
-1781.7 1940.7
-7689.5 194.7
-9533.7 -2804.7
7391.5 -191.3
-2877.1 512.5
3682.9 -783.9
8844.5 -2304.1
2797.1 -6351.7
-3207.7 -1089.1
-1254.5 5443.7
-2739.7 -3733.7
-9974.1 -4878.9
-5741.3 7052.3
3094.1 3817.9
-2681.5 9819.3
-8358.5 5905.7
-6980.7 7102.1
-204.3 -5308.5
9823.9 -4798.1
-3941.3 -6512.1
-139.9 809.5
-9860.7 8499.9
1863.9 9570.9
-3698.7 8884.5
7013.1 -9627.7
3929.9 2531.1
-962.3 9907.9
-3140.9 -9352.9
-6307.5 5596.7
4442.5 -9734.7
9432.9 3936.3
6633.5 3282.5
5557.1 -5716.3
-3162.7 5959.5
9953.7 3950.7
4327.7 7894.7
485.7 -9599.5
-2700.1 5186.1
-3028.7 -2029.3
-9026.9 7002.1
-7622.3 -5996.3
2117.1 6369.1
-41.5 -819.7
-6814.9 -5717.7
-2673.9 -2754.7
-8375.5 -6857.7
-533.5 953.1
-6517.5 -845.9
-1458.1 -5964.5
-6105.7 7908.9
-5670.7 -9727.1
-6616.9 8853.7
7391.3 -5773.5
-3099.5 4581.1
9519.1 -7044.3
-743.3 1825.3
-871.7 -7517.7
-3469.9 -8346.1
6040.7 -5291.1
4374.5 -4227.7
-6114.5 4821.7
8462.9 8207.5
7006.3 -7172.9
-7730.9 8490.9
315.3 2640.1
-8140.1 5346.9
933.7 4045.3
5202.3 6348.7
-5112.5 1230.3
-6192.1 7530.1
9115.3 2558.9
7723.1 478.5
4891.5 8759.9
320.7 1709.7
3423.5 7996.5
296.9 5717.7
-740.7 2046.1
9122.3 8911.1
-5104.1 -8412.9
-5611.9 9360.9
-8407.5 2200.1
2317.3 -5505.1
3467.5 4649.7
8264.7 2067.1
1121.5 1470.5
-5934.7 8427.1
2597.5 -4484.3
4282.5 -2437.1
2211.7 1331.5
-3563.9 -3176.3
3281.3 4423.3
1885.7 -2932.9
-944.7 -3330.1
642.9 -9467.3
-4766.3 7223.5
-1340.7 7654.7
-1505.3 7416.9
-9806.7 -98.9
-5514.9 6949.5
4391.5 6394.3
4784.1 5172.7
3253.3 -9012.5
-3348.1 3777.7
651 774
433 823
297 426
80 311
554 808
680 688
36 112
297 398
127 318
518 632
124 325
228 284
678 847
69 599
67 877
567 636
197 587
832 922
491 613
156 997
231 328
600 793
416 999
342 470
427 695
133 324
554 745
38 583
586 880
348 550
545 941
141 363
496 553
341 411
163 471
86 349
316 873
811 849
319 966
196 229
314 999
583 877
226 266
292 992
300 357
36 352
215 708
425 496
91 570
386 879
223 415
285 963
32 429
167 525
134 147
525 876
658 846
863 965
83 381
367 370
141 359
841 926
830 900
92 758
577 976
737 779
43 932
273 782
498 752
114 611
770 911
886 976
288 937
351 399
96 346
60 699
256 387
2 722
72 666
168 573
107 478
62 950
80 81
166 498
315 524
788 965
170 873
548 714
206 723
136 184
290 393
17 833
206 794
10 651
339 934
109 747
371 579
674 778
111 923
473 661
446 859
104 450
763 787
282 729
488 944
872 949
687 809
314 625
197 606
406 833
68 168
143 964
211 552
448 511
336 534
411 838
61 763
280 544
518 713
388 627
742 952
56 500
296 700
847 931
140 395
619 903
20 290
452 752
279 981
110 429
226 465
552 863
204 498
205 429
265 754
97 905
143 797
682 920
297 353
62 489
278 365
68 672
100 251
84 440
32 302
125 865
1 188
314 830
263 519
876 928
742 974
764 771
15 869
223 932
492 748
504 729
8 374
436 547
732 789
105 734
645 833
800 960
290 780
34 587
294 394
351 612
106 626
208 732
119 946
562 739
30 315
143 228
434 750
820 941
761 950
754 948
261 553
53 962
128 822
179 976
168 913
407 690
115 204
278 600
476 676
473 793
95 559
723 792
383 394
280 642
183 706
294 469
285 781
348 782
21 662
728 973
330 713
965 992
430 887
487 985
56 935
330 687
741 819
190 540
18 168
315 488
545 728
781 953
58 200
420 650
488 532
748 962
385 473
608 674
169 584
65 736
167 623
213 907
8 153
324 512
399 840
9 357
653 932
479 856
63 130
121 934
82 273
23 312
380 872
364 524
75 154
718 969
705 786
97 329
910 965
433 571
347 684
223 816
58 982
879 939
383 579
421 627
309 672
132 783
22 361
364 448
459 990
215 371
53 781
95 304
253 458
68 477
36 941
378 946
21 389
58 873
464 924
133 624
257 880
284 442
96 588
757 794
168 456
499 689
737 881
132 474
167 920
221 535
574 686
164 912
211 647
767 791
130 923
162 484
32 159
10 690
841 938
39 790
484 501
457 754
677 681
158 482
554 926
160 962
163 905
63 376
290 352
303 647
465 862
83 446
717 993
447 651
456 912
217 285
146 236
454 877
676 896
273 443
199 975
419 654
98 566
677 834
433 655
23 419
379 904
21 901
320 341
338 402
116 718
903 937
877 964
354 988
782 988
142 342
69 712
559 930
350 546
149 894
384 437
13 966
799 869
239 877
373 584
71 539
771 974
467 546
183 188
121 532
461 741
207 356
436 870
531 621
343 614
524 851
400 443
13 71
43 650
375 548
688 948
588 907
158 542
403 822
171 580
654 976
342 929
118 656
27 425
70 675
516 623
477 507
181 308
213 282
333 751
544 836
44 991
212 494
21 529
218 856
296 804
672 957
395 471
180 193
742 985
447 885
178 370
308 928
293 331
343 532
294 795
541 632
54 613
386 642
108 431
91 130
11 644
499 554
486 520
676 969
590 875
47 580
523 886
611 993
552 611
13 372
49 357
185 707
260 572
378 606
132 397
147 390
855 911
363 988
189 869
263 510
59 373
67 933
140 412
559 967
546 659
107 119
136 361
309 842
182 628
660 827
142 631
663 953
282 419
504 995
217 402
1 93
100 324
172 334
319 682
617 777
243 716
275 318
7 434
334 955
410 543
795 891
640 777
36 676
45 979
332 646
439 529
492 593
14 257
69 484
295 402
525 818
890 905
174 697
670 690
319 709
556 755
11 214
184 465
260 712
54 979
441 632
157 189
15 889
18 64
63 177
609 937
385 563
271 885
312 591
41 805
39 218
362 917
474 670
102 876
381 699
384 869
298 303
232 666
1 791
456 558
88 719
648 950
295 611
338 404
264 835
380 629
188 549
127 726
562 611
40 350
169 904
136 865
712 855
90 409
262 497
108 724
97 178
262 604
664 715
217 727
98 791
260 392
568 807
103 815
263 456
282 458
158 384
331 968
614 866
672 915
208 305
698 878
135 293
92 340
516 833
122 849
412 573
93 996
666 809
276 836
17 353
150 681
125 240
343 603
32 761
389 992
360 899
169 921
732 822
643 748
200 942
195 837
460 935
661 778
319 603
882 927
288 791
77 845
79 578
423 778
366 837
553 929
310 719
373 895
255 448
412 970
441 626
359 780
212 353
557 818
343 958
803 878
598 659
208 495
55 219
121 583
366 428
636 733
921 926
79 776
125 661
928 972
227 336
473 545
78 538
46 311
514 570
145 204
613 690
142 841
377 929
51 499
146 351
195 332
319 655
562 573
227 314
294 836
512 921
139 666
63 593
702 787
696 992
21 88
486 962
78 263
709 874
388 482
47 363
539 891
656 884
674 758
254 832
439 565
288 592
350 761
332 516
234 544
96 508
637 791
263 431
603 979
33 546
513 713
200 960
608 656
54 562
372 979
35 973
229 708
259 698
166 862
321 560
367 708
186 346
184 877
116 542
359 595
121 973
279 728
346 710
529 696
16 770
750 811
366 447
534 689
87 941
157 305
839 883
568 853
642 706
180 528
87 781
140 712
149 642
273 915
126 305
319 1000
435 964
149 536
354 889
653 805
26 336
98 598
409 746
486 804
173 459
33 965
408 567
370 895
734 998
242 687
52 727
584 920
288 755
628 966
161 648
69 476
598 697
109 278
289 906
226 995
30 875
539 675
254 515
221 323
651 724
248 714
892 975
898 991
268 899
407 786
92 157
316 499
576 598
162 469
481 968
567 648
309 888
66 284
95 739
881 909
63 423
781 995
594 693
261 266
139 391
433 946
273 287
227 695
440 689
160 871
497 516
484 666
62 102
39 53
65 956
319 397
464 831
557 802
242 758
38 550
141 356
514 839
153 179
664 781
687 779
837 878
359 613
258 344
265 537
438 985
723 871
389 490
292 984
52 311
758 790
863 959
671 850
133 629
299 493
52 466
114 282
105 165
284 996
27 148
222 441
658 701
170 934
701 862
158 390
24 235
19 745
184 800
718 1000
566 898
345 598
53 586
182 674
184 558
370 715
417 630
501 534
916 1000
344 473
357 638
88 999
438 604
217 585
12 278
64 627
37 383
565 866
185 587
66 93
391 817
310 645
346 382
541 569
303 743
214 754
56 984
702 867
642 726
250 304
218 279
299 475
23 586
539 544
43 246
360 948
53 316
823 833
80 814
335 588
718 812
616 729
353 676
521 995
252 875
436 788
445 550
508 796
11 26
403 804
722 852
722 803
50 523
169 758
789 899
144 547
289 844
494 566
250 457
613 954
145 876
270 868
465 981
559 792
511 720
588 757
114 954
72 734
271 589
276 707
230 257
606 999
200 999
3 157
235 519
98 414
81 959
171 507
534 776
544 923
341 395
835 861
43 811
689 807
53 73
15 20
575 906
246 878
396 778
304 730
111 367
99 203
661 666
443 726
133 715
415 460
629 729
244 882
132 552
533 948
142 931
321 898
45 408
63 316
280 549
468 874
479 926
584 769
338 380
733 969
365 389
573 858
454 490
410 772
116 758
563 958
134 678
14 240
697 968
502 552
230 231
370 800
959 972
421 837
36 45
166 928
10 76
502 888
360 506
890 940
170 983
158 223
299 652
579 889
402 874
92 863
320 835
138 597
466 644
454 644
278 566
28 792
187 945
583 716
299 511
378 777
453 981
270 776
105 431
157 975
279 736
481 623
50 696
522 984
365 763
448 750
146 372
327 515
319 467
314 951
422 590
308 323
526 947
244 601
936 940
253 629
430 976
419 660
445 450
150 902
681 797
76 300
119 356
288 999
835 863
449 587
436 639
648 827
186 626
325 577
23 951
67 855
88 392
394 806
269 934
268 271
500 706
63 329
430 516
438 996
444 517
611 645
747 783
699 937
140 840
263 851
666 875
269 870
672 816
359 918
91 349
84 314
331 420
570 597
391 834
291 803
152 483
741 856
182 214
413 937
32 123
143 284
353 649
738 903
459 972
613 843
49 660
129 188
476 792
178 854
112 864
117 825
141 820
494 788
673 934
466 604
85 149
38 45
1 883
23 293
66 425
140 927
527 951
84 747
377 707
646 996
34 859
27 882
167 727
507 722
87 957
160 448
106 778
477 524
509 780
270 684
717 851
675 836
110 140
299 539
125 542
423 582
322 698
213 342
911 915
170 463
464 919
353 630
244 717
160 642
290 541
138 665
72 331
90 194
845 877
416 911
69 129
61 944
542 903
213 928
163 693
55 128
192 578
562 786
803 828
692 711
408 487
596 841
426 597
555 717
252 853
85 710
490 541
483 641
188 866
171 366
