0, 0, 0, 2, 0, 0, 0, 0, 0, 0
0, 0, 0, 0, 0, 2, 2, 0, 0, 0
0, 0, 0, 0, 0, 0, 2, 2, 0, 0
0, 0, 0, 0, 0, 0, 0, 0, 0, 2
0, 0, 0, 0, 0, 0, 0, 0, 0, 2
0, 0, 0, 0, 0, 0, 0, 0, 0, 7
0, 0, 0, 0, 0, 0, 0, 0, 0, 6
0, 0, 0, 0, 0, 0, 0, 0, 0, 4
2, 2, 2, 0, 0, 0, 0, 0, 0, 0
0, 0, 0, 0, 0, 0, 0, 0, 0, 0
player: 0 - flow: 6
0, 0, 0, 0, 2, 0, 0, 0, 0, 0
0, 0, 0, 0, 0, 2, 2, 0, 0, 0
0, 0, 0, 0, 0, 0, 2, 2, 0, 0
0, 0, 0, 0, 0, 0, 0, 0, 0, 2
0, 0, 0, 0, 0, 0, 0, 0, 0, 2
0, 0, 0, 0, 0, 0, 0, 0, 0, 7
0, 0, 0, 0, 0, 0, 0, 0, 0, 6
0, 0, 0, 0, 0, 0, 0, 0, 0, 4
2, 2, 2, 0, 0, 0, 0, 0, 0, 0
0, 0, 0, 0, 0, 0, 0, 0, 0, 0
player: 1 - flow: 6
0, 0, 0, 2, 2, 0, 0, 0, 0, 0
0, 0, 0, 0, 0, 2, 0, 0, 0, 0
0, 0, 0, 0, 0, 0, 2, 2, 0, 0
0, 0, 0, 0, 0, 0, 0, 0, 0, 0
0, 0, 0, 0, 0, 0, 0, 0, 0, 0
0, 0, 0, 0, 0, 0, 0, 0, 0, 2
0, 0, 0, 0, 0, 0, 0, 0, 0, 1
0, 0, 0, 0, 0, 0, 0, 0, 0, 0
2, 2, 2, 0, 0, 0, 0, 0, 0, 0
0, 0, 0, 0, 0, 0, 0, 0, 0, 0
player: 2 - flow: 3
0, 0, 0, 2, 2, 0, 0, 0, 0, 0
0, 0, 0, 0, 0, 0, 2, 0, 0, 0
0, 0, 0, 0, 0, 0, 2, 0, 0, 0
0, 0, 0, 0, 0, 0, 0, 0, 0, 0
0, 0, 0, 0, 0, 0, 0, 0, 0, 0
0, 0, 0, 0, 0, 0, 0, 0, 0, 5
0, 0, 0, 0, 0, 0, 0, 0, 0, 4
0, 0, 0, 0, 0, 0, 0, 0, 0, 2
2, 2, 2, 0, 0, 0, 0, 0, 0, 0
0, 0, 0, 0, 0, 0, 0, 0, 0, 0
player: 3 - flow: 4
0, 0, 0, 2, 2, 0, 0, 0, 0, 0
0, 0, 0, 0, 0, 2, 2, 0, 0, 0
0, 0, 0, 0, 0, 0, 0, 2, 0, 0
0, 0, 0, 0, 0, 0, 0, 0, 0, 0
0, 0, 0, 0, 0, 0, 0, 0, 0, 0
0, 0, 0, 0, 0, 0, 0, 0, 0, 5
0, 0, 0, 0, 0, 0, 0, 0, 0, 4
0, 0, 0, 0, 0, 0, 0, 0, 0, 2
2, 2, 2, 0, 0, 0, 0, 0, 0, 0
0, 0, 0, 0, 0, 0, 0, 0, 0, 0
player: 4 - flow: 4
1 2
0, 0, 0, 2, 0, 0, 0, 0, 0, 0, 0, 0
0, 0, 0, 0, 2, 0, 0, 0, 2, 0, 0, 0
0, 0, 0, 0, 0, 2, 0, 2, 0, 0, 0, 0
0, 0, 0, 0, 0, 0, 0, 0, 0, 0, 0, 2
0, 0, 0, 0, 0, 0, 0, 0, 0, 0, 0, 2
0, 0, 0, 0, 0, 0, 0, 0, 0, 0, 0, 2
0, 0, 0, 0, 0, 0, 0, 0, 0, 0, 0, 8
0, 0, 0, 0, 0, 0, 0, 0, 0, 0, 0, 2
0, 0, 0, 0, 0, 0, 0, 0, 0, 0, 0, 2
0, 0, 0, 0, 0, 0, 0, 0, 0, 0, 0, 2
2, 2, 2, 0, 0, 0, 0, 0, 0, 0, 0, 0
0, 0, 0, 0, 0, 0, 0, 0, 0, 0, 0, 0
player: 0 - flow: 6
0, 0, 0, 2, 0, 0, 0, 0, 0, 2, 0, 0
0, 0, 0, 0, 2, 0, 0, 0, 0, 0, 0, 0
0, 0, 0, 0, 0, 2, 0, 2, 0, 0, 0, 0
0, 0, 0, 0, 0, 0, 0, 0, 0, 0, 0, 2
0, 0, 0, 0, 0, 0, 0, 0, 0, 0, 0, 2
0, 0, 0, 0, 0, 0, 0, 0, 0, 0, 0, 2
0, 0, 0, 0, 0, 0, 0, 0, 0, 0, 0, 8
0, 0, 0, 0, 0, 0, 0, 0, 0, 0, 0, 2
0, 0, 0, 0, 0, 0, 0, 0, 0, 0, 0, 2
0, 0, 0, 0, 0, 0, 0, 0, 0, 0, 0, 2
2, 2, 2, 0, 0, 0, 0, 0, 0, 0, 0, 0
0, 0, 0, 0, 0, 0, 0, 0, 0, 0, 0, 0
player: 1 - flow: 6
0, 0, 0, 2, 0, 0, 0, 0, 0, 2, 0, 0
0, 0, 0, 0, 2, 0, 0, 0, 2, 0, 0, 0
0, 0, 0, 0, 0, 2, 0, 0, 0, 0, 0, 0
0, 0, 0, 0, 0, 0, 0, 0, 0, 0, 0, 2
0, 0, 0, 0, 0, 0, 0, 0, 0, 0, 0, 2
0, 0, 0, 0, 0, 0, 0, 0, 0, 0, 0, 2
0, 0, 0, 0, 0, 0, 0, 0, 0, 0, 0, 8
0, 0, 0, 0, 0, 0, 0, 0, 0, 0, 0, 2
0, 0, 0, 0, 0, 0, 0, 0, 0, 0, 0, 2
0, 0, 0, 0, 0, 0, 0, 0, 0, 0, 0, 2
2, 2, 2, 0, 0, 0, 0, 0, 0, 0, 0, 0
0, 0, 0, 0, 0, 0, 0, 0, 0, 0, 0, 0
player: 2 - flow: 6
0, 0, 0, 2, 0, 0, 0, 0, 0, 2, 0, 0
0, 0, 0, 0, 2, 0, 0, 0, 2, 0, 0, 0
0, 0, 0, 0, 0, 2, 0, 2, 0, 0, 0, 0
0, 0, 0, 0, 0, 0, 0, 0, 0, 0, 0, 0
0, 0, 0, 0, 0, 0, 0, 0, 0, 0, 0, 0
0, 0, 0, 0, 0, 0, 0, 0, 0, 0, 0, 0
0, 0, 0, 0, 0, 0, 0, 0, 0, 0, 0, 0
0, 0, 0, 0, 0, 0, 0, 0, 0, 0, 0, 0
0, 0, 0, 0, 0, 0, 0, 0, 0, 0, 0, 0
0, 0, 0, 0, 0, 0, 0, 0, 0, 0, 0, 0
2, 2, 2, 0, 0, 0, 0, 0, 0, 0, 0, 0
0, 0, 0, 0, 0, 0, 0, 0, 0, 0, 0, 0
player: 3 - flow: 0
0, 0, 0, 2, 0, 0, 0, 0, 0, 2, 0, 0
0, 0, 0, 0, 2, 0, 0, 0, 2, 0, 0, 0
0, 0, 0, 0, 0, 0, 0, 2, 0, 0, 0, 0
0, 0, 0, 0, 0, 0, 0, 0, 0, 0, 0, 2
0, 0, 0, 0, 0, 0, 0, 0, 0, 0, 0, 2
0, 0, 0, 0, 0, 0, 0, 0, 0, 0, 0, 2
0, 0, 0, 0, 0, 0, 0, 0, 0, 0, 0, 8
0, 0, 0, 0, 0, 0, 0, 0, 0, 0, 0, 2
0, 0, 0, 0, 0, 0, 0, 0, 0, 0, 0, 2
0, 0, 0, 0, 0, 0, 0, 0, 0, 0, 0, 2
2, 2, 2, 0, 0, 0, 0, 0, 0, 0, 0, 0
0, 0, 0, 0, 0, 0, 0, 0, 0, 0, 0, 0
player: 4 - flow: 6
0, 0, 0, 2, 0, 0, 0, 0, 0, 2, 0, 0
0, 0, 0, 0, 0, 0, 0, 0, 2, 0, 0, 0
0, 0, 0, 0, 0, 2, 0, 2, 0, 0, 0, 0
0, 0, 0, 0, 0, 0, 0, 0, 0, 0, 0, 2
0, 0, 0, 0, 0, 0, 0, 0, 0, 0, 0, 2
0, 0, 0, 0, 0, 0, 0, 0, 0, 0, 0, 2
0, 0, 0, 0, 0, 0, 0, 0, 0, 0, 0, 8
0, 0, 0, 0, 0, 0, 0, 0, 0, 0, 0, 2
0, 0, 0, 0, 0, 0, 0, 0, 0, 0, 0, 2
0, 0, 0, 0, 0, 0, 0, 0, 0, 0, 0, 2
2, 2, 2, 0, 0, 0, 0, 0, 0, 0, 0, 0
0, 0, 0, 0, 0, 0, 0, 0, 0, 0, 0, 0
player: 5 - flow: 6
0, 0, 0, 0, 0, 0, 0, 0, 0, 2, 0, 0
0, 0, 0, 0, 2, 0, 0, 0, 2, 0, 0, 0
0, 0, 0, 0, 0, 2, 0, 2, 0, 0, 0, 0
0, 0, 0, 0, 0, 0, 0, 0, 0, 0, 0, 2
0, 0, 0, 0, 0, 0, 0, 0, 0, 0, 0, 2
0, 0, 0, 0, 0, 0, 0, 0, 0, 0, 0, 2
0, 0, 0, 0, 0, 0, 0, 0, 0, 0, 0, 8
0, 0, 0, 0, 0, 0, 0, 0, 0, 0, 0, 2
0, 0, 0, 0, 0, 0, 0, 0, 0, 0, 0, 2
0, 0, 0, 0, 0, 0, 0, 0, 0, 0, 0, 2
2, 2, 2, 0, 0, 0, 0, 0, 0, 0, 0, 0
0, 0, 0, 0, 0, 0, 0, 0, 0, 0, 0, 0
player: 6 - flow: 6
1 2 3 5 6 7
0, 0, 0, 0, 0, 0, 2, 0, 0, 0, 0, 0, 0, 0, 0
0, 0, 0, 0, 0, 0, 0, 2, 0, 0, 0, 2, 0, 0, 0
0, 0, 0, 0, 0, 0, 0, 0, 2, 0, 2, 0, 0, 0, 0
0, 0, 0, 0, 0, 0, 0, 0, 2, 0, 0, 0, 2, 0, 0
0, 0, 0, 0, 0, 0, 0, 0, 0, 0, 2, 0, 2, 0, 0
0, 0, 0, 0, 0, 0, 0, 0, 0, 0, 0, 2, 2, 0, 0
0, 0, 0, 0, 0, 0, 0, 0, 0, 0, 0, 0, 0, 0, 2
0, 0, 0, 0, 0, 0, 0, 0, 0, 0, 0, 0, 0, 0, 2
0, 0, 0, 0, 0, 0, 0, 0, 0, 0, 0, 0, 0, 0, 2
0, 0, 0, 0, 0, 0, 0, 0, 0, 0, 0, 0, 0, 0, 0
0, 0, 0, 0, 0, 0, 0, 0, 0, 0, 0, 0, 0, 0, 4
0, 0, 0, 0, 0, 0, 0, 0, 0, 0, 0, 0, 0, 0, 3
0, 0, 0, 0, 0, 0, 0, 0, 0, 0, 0, 0, 0, 0, 5
2, 2, 2, 2, 2, 2, 0, 0, 0, 0, 0, 0, 0, 0, 0
0, 0, 0, 0, 0, 0, 0, 0, 0, 0, 0, 0, 0, 0, 0
player: 0 - flow: 12
0, 0, 0, 0, 0, 0, 2, 0, 0, 0, 0, 0, 2, 0, 0
0, 0, 0, 0, 0, 0, 0, 2, 0, 0, 0, 0, 0, 0, 0
0, 0, 0, 0, 0, 0, 0, 0, 2, 0, 2, 0, 0, 0, 0
0, 0, 0, 0, 0, 0, 0, 0, 2, 0, 0, 0, 2, 0, 0
0, 0, 0, 0, 0, 0, 0, 0, 0, 0, 2, 0, 2, 0, 0
0, 0, 0, 0, 0, 0, 0, 0, 0, 0, 0, 2, 2, 0, 0
0, 0, 0, 0, 0, 0, 0, 0, 0, 0, 0, 0, 0, 0, 2
0, 0, 0, 0, 0, 0, 0, 0, 0, 0, 0, 0, 0, 0, 2
0, 0, 0, 0, 0, 0, 0, 0, 0, 0, 0, 0, 0, 0, 2
0, 0, 0, 0, 0, 0, 0, 0, 0, 0, 0, 0, 0, 0, 0
0, 0, 0, 0, 0, 0, 0, 0, 0, 0, 0, 0, 0, 0, 4
0, 0, 0, 0, 0, 0, 0, 0, 0, 0, 0, 0, 0, 0, 3
0, 0, 0, 0, 0, 0, 0, 0, 0, 0, 0, 0, 0, 0, 5
2, 2, 2, 2, 2, 2, 0, 0, 0, 0, 0, 0, 0, 0, 0
0, 0, 0, 0, 0, 0, 0, 0, 0, 0, 0, 0, 0, 0, 0
player: 1 - flow: 12
0, 0, 0, 0, 0, 0, 2, 0, 0, 0, 0, 0, 2, 0, 0
0, 0, 0, 0, 0, 0, 0, 2, 0, 0, 0, 2, 0, 0, 0
0, 0, 0, 0, 0, 0, 0, 0, 2, 0, 0, 0, 0, 0, 0
0, 0, 0, 0, 0, 0, 0, 0, 2, 0, 0, 0, 0, 0, 0
0, 0, 0, 0, 0, 0, 0, 0, 0, 0, 2, 0, 2, 0, 0
0, 0, 0, 0, 0, 0, 0, 0, 0, 0, 0, 2, 2, 0, 0
0, 0, 0, 0, 0, 0, 0, 0, 0, 0, 0, 0, 0, 0, 4
0, 0, 0, 0, 0, 0, 0, 0, 0, 0, 0, 0, 0, 0, 4
0, 0, 0, 0, 0, 0, 0, 0, 0, 0, 0, 0, 0, 0, 4
0, 0, 0, 0, 0, 0, 0, 0, 0, 0, 0, 0, 0, 0, 0
0, 0, 0, 0, 0, 0, 0, 0, 0, 0, 0, 0, 0, 0, 6
0, 0, 0, 0, 0, 0, 0, 0, 0, 0, 0, 0, 0, 0, 5
0, 0, 0, 0, 0, 0, 0, 0, 0, 0, 0, 0, 0, 0, 7
2, 2, 2, 2, 2, 2, 0, 0, 0, 0, 0, 0, 0, 0, 0
0, 0, 0, 0, 0, 0, 0, 0, 0, 0, 0, 0, 0, 0, 0
player: 2 - flow: 12
0, 0, 0, 0, 0, 0, 2, 0, 0, 0, 0, 0, 2, 0, 0
0, 0, 0, 0, 0, 0, 0, 2, 0, 0, 0, 2, 0, 0, 0
0, 0, 0, 0, 0, 0, 0, 0, 2, 0, 2, 0, 0, 0, 0
0, 0, 0, 0, 0, 0, 0, 0, 2, 0, 0, 0, 2, 0, 0
0, 0, 0, 0, 0, 0, 0, 0, 0, 0, 2, 0, 2, 0, 0
0, 0, 0, 0, 0, 0, 0, 0, 0, 0, 0, 2, 2, 0, 0
0, 0, 0, 0, 0, 0, 0, 0, 0, 0, 0, 0, 0, 0, 8
0, 0, 0, 0, 0, 0, 0, 0, 0, 0, 0, 0, 0, 0, 8
0, 0, 0, 0, 0, 0, 0, 0, 0, 0, 0, 0, 0, 0, 8
0, 0, 0, 0, 0, 0, 0, 0, 0, 0, 0, 0, 0, 0, 0
0, 0, 0, 0, 0, 0, 0, 0, 0, 0, 0, 0, 0, 0, 10
0, 0, 0, 0, 0, 0, 0, 0, 0, 0, 0, 0, 0, 0, 9
0, 0, 0, 0, 0, 0, 0, 0, 0, 0, 0, 0, 0, 0, 11
2, 2, 2, 2, 2, 2, 0, 0, 0, 0, 0, 0, 0, 0, 0
0, 0, 0, 0, 0, 0, 0, 0, 0, 0, 0, 0, 0, 0, 0
player: 3 - flow: 12
0, 0, 0, 0, 0, 0, 2, 0, 0, 0, 0, 0, 2, 0, 0
0, 0, 0, 0, 0, 0, 0, 2, 0, 0, 0, 2, 0, 0, 0
0, 0, 0, 0, 0, 0, 0, 0, 0, 0, 2, 0, 0, 0, 0
0, 0, 0, 0, 0, 0, 0, 0, 2, 0, 0, 0, 2, 0, 0
0, 0, 0, 0, 0, 0, 0, 0, 0, 0, 2, 0, 0, 0, 0
0, 0, 0, 0, 0, 0, 0, 0, 0, 0, 0, 2, 2, 0, 0
0, 0, 0, 0, 0, 0, 0, 0, 0, 0, 0, 0, 0, 0, 2
0, 0, 0, 0, 0, 0, 0, 0, 0, 0, 0, 0, 0, 0, 2
0, 0, 0, 0, 0, 0, 0, 0, 0, 0, 0, 0, 0, 0, 2
0, 0, 0, 0, 0, 0, 0, 0, 0, 0, 0, 0, 0, 0, 0
0, 0, 0, 0, 0, 0, 0, 0, 0, 0, 0, 0, 0, 0, 4
0, 0, 0, 0, 0, 0, 0, 0, 0, 0, 0, 0, 0, 0, 3
0, 0, 0, 0, 0, 0, 0, 0, 0, 0, 0, 0, 0, 0, 5
2, 2, 2, 2, 2, 2, 0, 0, 0, 0, 0, 0, 0, 0, 0
0, 0, 0, 0, 0, 0, 0, 0, 0, 0, 0, 0, 0, 0, 0
player: 4 - flow: 12
0, 0, 0, 0, 0, 0, 2, 0, 0, 0, 0, 0, 2, 0, 0
0, 0, 0, 0, 0, 0, 0, 0, 0, 0, 0, 2, 0, 0, 0
0, 0, 0, 0, 0, 0, 0, 0, 2, 0, 2, 0, 0, 0, 0
0, 0, 0, 0, 0, 0, 0, 0, 2, 0, 0, 0, 2, 0, 0
0, 0, 0, 0, 0, 0, 0, 0, 0, 0, 2, 0, 2, 0, 0
0, 0, 0, 0, 0, 0, 0, 0, 0, 0, 0, 2, 0, 0, 0
0, 0, 0, 0, 0, 0, 0, 0, 0, 0, 0, 0, 0, 0, 3
0, 0, 0, 0, 0, 0, 0, 0, 0, 0, 0, 0, 0, 0, 3
0, 0, 0, 0, 0, 0, 0, 0, 0, 0, 0, 0, 0, 0, 3
0, 0, 0, 0, 0, 0, 0, 0, 0, 0, 0, 0, 0, 0, 0
0, 0, 0, 0, 0, 0, 0, 0, 0, 0, 0, 0, 0, 0, 5
0, 0, 0, 0, 0, 0, 0, 0, 0, 0, 0, 0, 0, 0, 4
0, 0, 0, 0, 0, 0, 0, 0, 0, 0, 0, 0, 0, 0, 6
2, 2, 2, 2, 2, 2, 0, 0, 0, 0, 0, 0, 0, 0, 0
0, 0, 0, 0, 0, 0, 0, 0, 0, 0, 0, 0, 0, 0, 0
player: 5 - flow: 12
0, 0, 0, 0, 0, 0, 0, 0, 0, 0, 0, 0, 2, 0, 0
0, 0, 0, 0, 0, 0, 0, 2, 0, 0, 0, 2, 0, 0, 0
0, 0, 0, 0, 0, 0, 0, 0, 2, 0, 2, 0, 0, 0, 0
0, 0, 0, 0, 0, 0, 0, 0, 0, 0, 0, 0, 2, 0, 0
0, 0, 0, 0, 0, 0, 0, 0, 0, 0, 0, 0, 2, 0, 0
0, 0, 0, 0, 0, 0, 0, 0, 0, 0, 0, 0, 2, 0, 0
0, 0, 0, 0, 0, 0, 0, 0, 0, 0, 0, 0, 0, 0, 5
0, 0, 0, 0, 0, 0, 0, 0, 0, 0, 0, 0, 0, 0, 5
0, 0, 0, 0, 0, 0, 0, 0, 0, 0, 0, 0, 0, 0, 5
0, 0, 0, 0, 0, 0, 0, 0, 0, 0, 0, 0, 0, 0, 0
0, 0, 0, 0, 0, 0, 0, 0, 0, 0, 0, 0, 0, 0, 7
0, 0, 0, 0, 0, 0, 0, 0, 0, 0, 0, 0, 0, 0, 6
0, 0, 0, 0, 0, 0, 0, 0, 0, 0, 0, 0, 0, 0, 8
2, 2, 2, 2, 2, 2, 0, 0, 0, 0, 0, 0, 0, 0, 0
0, 0, 0, 0, 0, 0, 0, 0, 0, 0, 0, 0, 0, 0, 0
player: 6 - flow: 12
1 2 3 4 5 6 7
