20 0 182
0 1
0 2
0 3
0 5
0 6
0 7
0 11
0 13
0 14
0 16
0 18
1 0
1 2
1 3
1 4
1 6
1 8
1 9
1 10
1 11
1 13
1 16
1 17
2 5
2 7
2 8
2 9
2 10
2 11
2 13
2 15
2 18
2 19
3 0
3 1
3 2
3 6
3 7
3 9
3 11
3 16
3 17
3 18
3 19
4 1
4 2
4 3
4 7
4 8
4 11
4 12
4 18
5 2
5 8
5 9
5 10
5 13
5 16
5 17
5 18
5 19
6 0
6 2
6 4
6 5
6 7
6 14
6 15
6 16
6 17
6 18
6 19
7 0
7 1
7 4
7 5
7 9
7 18
7 19
8 0
8 1
8 3
8 4
8 9
8 13
8 14
8 19
9 0
9 5
9 7
9 8
9 10
9 11
9 14
9 15
9 17
9 18
9 19
10 2
10 3
10 4
10 7
10 8
10 9
10 12
10 13
10 15
10 16
10 17
10 18
11 5
11 7
11 14
11 16
11 19
12 0
12 1
12 2
12 3
12 4
12 5
12 8
12 9
12 10
12 15
12 19
13 0
13 2
13 3
13 6
13 8
13 9
13 10
13 12
13 14
13 15
13 19
14 1
14 3
14 5
14 6
14 7
14 10
14 15
14 16
14 17
15 0
15 1
15 3
15 5
15 8
15 10
15 17
15 18
16 0
16 4
16 5
16 9
16 10
16 11
16 12
16 15
17 0
17 2
17 4
17 5
17 8
17 15
17 18
17 19
18 0
18 3
18 8
18 9
18 11
18 13
19 0
19 4
19 6
19 7
19 8
19 11

