20 2 188
0 1
0 4
0 5
0 6
0 7
0 8
0 9
0 10
0 11
0 12
0 13
0 14
0 16
0 17
0 18
0 19
1 2
1 6
1 7
1 11
1 12
1 13
1 14
1 15
1 18
2 1
2 3
2 5
2 6
2 10
2 11
2 12
2 13
2 14
2 16
2 19
3 0
3 1
3 6
3 12
3 17
3 18
3 19
4 2
4 6
4 9
4 10
4 16
4 19
5 0
5 4
5 11
5 12
5 13
5 14
5 15
5 17
5 18
5 19
6 0
6 2
6 3
6 4
6 5
6 7
6 9
6 11
6 13
6 15
6 17
6 19
7 0
7 2
7 4
7 5
7 11
7 12
7 17
7 18
7 19
8 0
8 1
8 2
8 3
8 5
8 6
8 7
8 10
8 11
8 14
8 16
8 17
8 18
8 19
9 0
9 1
9 2
9 5
9 6
9 7
9 10
9 12
9 13
9 14
9 16
9 18
9 19
10 1
10 2
10 3
10 4
10 8
10 9
10 19
11 3
11 8
11 9
11 10
11 12
11 13
11 14
11 15
11 16
11 17
11 18
11 19
12 1
12 2
12 3
12 4
12 7
12 9
12 10
12 14
12 17
12 18
12 19
13 0
13 4
13 8
13 9
13 12
14 1
14 15
14 17
14 18
14 19
15 0
15 2
15 4
15 5
15 7
15 8
15 11
15 13
15 14
15 16
15 17
15 18
15 19
16 1
16 2
16 9
16 10
16 11
16 12
16 13
16 14
16 17
16 19
17 1
17 4
17 5
17 7
17 9
17 11
17 12
17 19
18 1
18 2
18 3
18 5
18 7
18 9
18 17
19 0
19 4
19 6
18 7
