2000 10 10000
1788 294
1624 153
602 1797
1378 1691
799 1764
1125 1397
156 1005
104 1548
1775 128
912 1000
855 1580
366 956
182 566
462 434
553 1007
316 1231
124 518
467 1802
1462 626
407 301
770 1293
148 1543
1625 228
16 1034
284 247
351 1703
1293 235
1381 324
894 730
815 1490
1203 1565
767 1379
46 1658
1703 154
1835 841
1501 1194
322 1349
626 1941
821 1846
795 529
376 1897
1873 1259
1752 1982
1705 576
878 758
104 1486
1944 1551
1141 717
1351 852
1672 723
1277 1698
948 522
1385 156
127 685
1148 57
368 1848
1515 491
507 1084
709 742
393 977
684 1803
1980 1114
1598 79
991 1388
803 1731
1572 1093
1779 1219
1876 1210
846 1409
1876 1162
484 970
59 202
1022 120
1049 717
1146 314
959 744
169 681
863 1621
1511 653
1577 501
1958 1106
155 1973
199 8
1391 496
532 200
639 636
1721 1250
881 1478
139 699
888 688
1375 1011
1582 262
389 205
1568 54
114 1488
193 1619
1656 847
1776 1931
122 1486
1942 1661
1874 907
1003 1529
598 1015
1481 1089
1291 855
524 489
1242 976
1106 49
415 125
1366 658
1075 899
263 400
1182 120
490 182
645 1833
635 1913
1233 1120
809 1353
1555 957
1336 709
1635 1801
1480 874
527 1873
1924 1980
1471 1715
1586 1626
1704 111
183 1845
1834 716
1971 16
1341 1303
1918 27
119 249
676 1566
1614 1004
848 812
122 1270
988 270
123 1459
1678 1744
1382 662
529 309
1791 954
350 444
831 1662
672 512
1902 691
211 1514
124 146
1769 1680
753 652
1669 1748
32 87
549 1206
194 1570
1883 1310
934 38
422 1548
552 382
583 219
1185 1314
628 1203
992 813
1916 1978
906 929
1447 32
1496 1386
1252 809
1793 663
719 30
908 1092
998 581
463 226
373 639
70 1508
1015 337
1963 537
431 135
1199 709
11 79
1864 443
1547 85
1563 134
1181 603
1458 1563
1517 1068
1565 55
295 1724
1775 1066
1650 247
1381 1368
834 659
1759 1814
594 1777
1323 1292
96 790
747 264
1485 167
947 122
435 1694
420 1260
955 1993
1705 1321
1262 1824
704 1900
59 1505
451 1338
829 292
1286 1375
71 42
191 964
946 1935
1759 752
286 265
163 742
254 1012
1886 61
401 1978
1062 1298
1799 603
1165 1797
113 1770
1947 1887
1988 1118
282 1937
1551 1081
1336 1488
1407 304
472 98
1140 925
8 220
817 727
562 1084
1084 1516
87 630
1686 1000
605 898
1398 148
100 549
1863 999
444 194
401 1321
1603 417
585 382
589 1338
1185 691
845 71
1869 1300
376 317
1006 897
480 299
212 183
1706 853
1728 81
263 221
433 1996
1379 1528
278 411
621 1239
263 472
1284 495
1550 684
1803 1855
451 1143
1737 1334
685 829
781 1880
1583 1732
1177 187
1379 85
1762 1987
1488 1522
1593 1379
1996 806
1104 52
1842 784
419 1062
625 1179
1695 188
1913 1938
397 858
27 1757
1985 1700
1627 99
186 827
1959 1871
743 1142
998 1458
473 1203
560 1481
391 602
673 1166
452 1101
1154 953
1759 1241
826 528
462 169
311 584
975 909
1252 1668
708 501
1512 1092
1137 1260
411 287
759 371
1463 272
533 458
322 973
746 788
280 1656
1665 1706
1454 320
1560 163
1999 858
1538 1772
1215 1464
1122 345
1897 1991
387 1124
1655 1359
1418 719
1216 371
421 1169
1267 1551
1836 665
338 1493
1600 681
1096 301
1285 1502
262 347
140 780
1118 728
1351 461
127 429
1700 181
555 761
1767 570
349 32
1219 1068
1420 1304
905 1177
1956 1880
1307 108
1513 1661
1610 498
1603 1018
1807 1994
521 531
164 1251
512 194
134 1446
1537 1879
710 1044
1852 1194
679 220
1661 1223
834 647
1836 1192
1190 211
1166 1037
1963 1670
1368 148
1152 1206
277 333
232 1958
1103 1064
964 1148
1238 336
866 1484
1942 1371
1415 1532
1798 1843
1283 1929
301 943
982 889
1398 411
742 1961
1753 1533
695 820
1221 469
1250 27
1760 941
313 1862
731 1091
1241 1423
18 962
91 763
1992 1031
1701 1254
448 1912
1549 1787
1824 1457
906 733
886 1699
1398 1871
884 887
340 782
384 261
56 629
998 758
1807 902
686 230
155 1278
1899 1681
671 1183
359 628
723 1681
1726 961
486 616
751 1090
1771 113
380 1697
62 439
1357 374
563 1098
1430 1400
288 1441
596 1552
1077 1032
494 190
1123 1092
205 866
979 1378
1539 1434
1614 1053
1013 682
1738 126
1795 558
496 1358
1520 1547
897 1658
1781 1197
135 932
1839 992
1778 841
1522 1930
885 291
1942 1255
508 982
1451 62
1015 377
994 1522
577 945
1605 1434
1645 1702
178 1539
8 1124
1919 88
535 1931
1181 971
163 607
107 1044
1768 1819
686 579
242 1178
237 812
1096 1475
1294 444
804 822
1130 306
1849 1903
841 859
1347 956
1972 1553
81 530
313 466
1109 1892
1724 1895
311 78
904 773
894 697
783 281
1145 1804
740 322
1976 1547
823 450
149 918
1859 668
31 1653
1079 667
992 708
1310 518
1889 651
1835 41
59 807
188 610
1700 1696
1480 167
1047 1121
1147 227
221 839
176 59
245 1868
203 1324
67 477
502 997
1768 173
473 1793
1050 1686
455 1845
1663 1445
718 1867
1111 1220
1340 812
1314 917
1065 1083
945 84
943 1016
1552 335
1038 1831
868 807
1311 1465
767 1648
163 95
983 340
1441 1358
1621 273
19 1215
154 1727
518 1722
1869 1204
1721 16
1433 795
1011 1063
1379 880
809 718
1912 1440
1345 595
1181 670
1880 821
306 645
1516 453
1380 1091
1531 644
129 965
426 1207
732 1868
104 24
858 1996
283 848
135 853
1795 611
471 1748
1112 1216
1213 1768
1065 1812
1612 1222
497 871
626 1159
1464 831
180 693
132 1232
465 630
382 212
519 1556
479 971
192 807
848 608
1372 813
1624 1858
385 1435
240 1489
1080 1734
442 1224
344 1365
1663 1824
1042 458
30 221
1809 1126
1044 721
1604 272
793 836
1870 1015
222 678
616 1242
1955 40
1589 1749
1485 1422
580 1362
1088 1051
1254 664
1300 23
1227 86
1036 1827
830 1328
490 1761
1525 1155
938 752
1897 1071
1308 94
171 1679
1887 199
1627 694
239 122
631 203
605 444
726 1276
389 1773
1880 1355
1167 1762
1766 1350
1514 1845
35 1784
1034 798
1174 1125
1886 1899
1719 1339
1754 1805
1795 967
1998 218
1803 5
845 1626
505 1792
196 1330
1412 1566
835 1760
1621 975
165 1869
1070 1706
579 873
1059 1511
709 1662
1791 1177
1990 1590
533 1183
637 1722
1189 738
53 970
168 1810
274 903
985 643
779 710
698 1199
1433 1104
1499 850
551 1298
641 334
592 331
1201 1522
1027 842
1080 901
1846 466
1461 1217
1033 557
459 766
409 282
185 1294
1727 1278
810 1782
1080 154
948 542
1912 1592
936 444
186 265
362 918
845 1945
784 1125
169 1993
605 1743
9 834
1876 1417
300 1284
1725 232
1136 1054
1273 358
238 1948
937 1757
1634 1078
1574 257
1242 1909
1641 1107
813 1536
1910 463
1081 284
381 649
701 1562
933 261
502 862
456 1621
1189 1581
254 1571
1908 1638
1987 276
368 1546
334 1801
580 1713
324 1123
207 1844
896 1558
672 338
874 1934
7 1959
397 1376
1690 325
557 762
1923 288
1657 791
1387 416
268 1220
394 102
1724 45
149 570
678 396
522 1892
1813 459
1481 1469
1866 1689
1821 78
532 354
705 720
510 1246
428 94
1628 1403
1760 1434
928 1601
885 1026
1103 160
1201 747
350 1669
347 1869
591 990
246 997
650 585
260 16
1269 32
1073 965
538 484
1161 963
1097 675
157 954
143 49
1477 83
1578 1882
29 634
93 1551
1457 225
510 612
1450 1844
983 1790
230 169
1699 298
1934 1601
1723 1393
105 1752
859 264
1012 1728
1285 859
1829 358
189 899
1179 792
441 1166
1667 1104
1184 1344
1849 525
738 198
1874 724
867 1550
913 84
416 1985
1371 827
354 1347
1418 1683
1381 1985
99 1746
1018 291
390 1348
1987 717
1835 900
1551 1046
283 381
1680 1100
866 1721
1431 217
1950 936
315 404
1430 1638
1458 1025
681 1878
1676 1501
606 231
85 1219
746 1147
163 1738
1578 536
1665 848
1950 815
559 1973
1025 1354
499 258
154 870
91 465
1667 1844
1660 941
883 402
313 1078
272 340
1721 924
1912 379
1347 1075
502 613
1873 558
547 1726
1836 1247
392 203
806 1154
1843 1644
1772 1932
317 90
1026 909
1925 669
299 870
1687 1461
1425 343
67 852
955 1636
1135 437
1735 1451
1298 1615
885 1462
900 1544
878 1098
761 849
1961 1223
236 1857
84 73
142 1526
46 675
793 1765
1891 359
50 750
783 1484
171 117
1390 840
389 1224
1369 1436
257 824
1398 230
990 1512
378 171
1372 132
133 1696
613 1307
971 518
1727 1920
137 1229
364 435
965 714
508 1992
1684 1190
388 134
1277 1185
135 176
1950 34
1901 912
653 1628
597 1551
536 762
757 692
352 547
14 1227
1211 1764
867 1493
192 91
712 282
504 492
1978 24
41 1062
1953 1526
137 1707
134 976
1909 641
531 752
1434 590
1980 1533
1730 1224
1984 951
1698 1468
1126 969
702 1570
1519 398
231 1441
1321 1194
580 1444
1083 1629
235 1026
1857 951
623 1621
1666 241
1538 1804
546 1750
1699 652
1429 140
1151 1858
1999 1068
284 973
1176 789
1916 245
756 1748
1913 754
1518 1571
925 1757
808 900
1861 1970
1506 1996
769 1326
1529 1021
1778 376
91 856
1247 591
873 709
1286 1097
606 156
480 1306
1985 607
831 78
880 1067
1578 649
538 65
49 1490
815 1546
1175 680
1229 565
206 680
1688 624
1552 643
279 1480
556 910
563 1520
1215 741
620 1718
754 1314
353 1621
1114 390
370 816
652 279
1263 1349
1848 121
905 1187
864 1764
1653 111
1062 1235
1407 1779
163 1226
1001 524
144 1903
1107 81
1617 649
1012 0
646 1986
1202 1110
359 174
1124 1942
1759 1705
154 71
1029 424
1850 1662
1632 1679
1695 1276
827 567
1392 1701
953 541
1227 1213
672 661
679 586
1822 270
1974 66
272 1290
1763 1312
618 843
934 52
446 60
55 1160
356 114
693 836
1432 1507
469 1930
1412 131
192 639
610 1680
1490 1865
186 1574
103 1003
1939 1656
497 1840
128 583
300 1616
966 1163
1202 43
312 54
810 1257
1718 1159
1918 772
582 1649
128 701
260 1217
1274 1403
1631 1127
1107 431
1340 1370
577 1709
1044 1756
201 166
934 745
1476 1645
11 241
1480 1937
934 1966
1680 1323
80 1317
523 197
1680 907
1604 1045
1251 979
566 1123
265 1356
940 1438
526 1552
1045 1230
1221 1501
816 1896
1764 565
1928 1871
269 1026
1104 792
682 416
1577 1602
164 868
382 1191
177 450
1945 1383
569 719
1954 1209
542 882
1583 912
156 662
797 1807
1420 1286
404 49
211 480
292 782
1420 861
715 441
1920 512
1420 543
916 830
897 1404
316 798
509 1351
203 258
59 1420
1860 1706
1964 147
685 655
95 675
380 1714
965 994
173 177
11 1715
1944 1211
661 102
1296 527
33 918
619 711
1521 1157
408 1792
1036 1234
946 1944
136 1470
681 71
750 803
1415 1037
443 864
1114 1298
323 1030
559 411
732 751
1564 1329
792 1992
1341 236
142 963
1775 241
764 1525
1494 1966
619 1124
1716 1795
182 1621
1840 157
752 1863
206 1080
774 1412
81 1114
845 1299
1353 349
1196 760
596 704
665 974
352 1733
1737 1675
1116 1592
993 1770
253 1182
1670 513
514 1056
1751 872
1327 1685
959 317
202 1264
1480 782
1654 333
1270 1599
1314 24
1080 1159
728 472
170 300
1506 666
955 1789
193 1356
1500 1143
729 345
1304 1691
335 876
1034 181
789 1652
1332 334
321 1658
878 1937
496 1491
1506 655
703 718
569 816
1877 562
579 1202
599 762
846 603
1616 735
1430 1927
253 379
1056 861
779 579
1587 1241
1416 1246
1168 546
513 59
76 1343
1160 333
311 574
1210 652
1069 1758
1857 741
1416 882
391 763
1341 1264
1225 410
1527 1107
1688 517
1056 1761
1212 1312
1805 152
1860 1940
803 1285
1297 1642
793 1657
826 619
735 391
1902 1563
161 531
1697 213
1687 1137
685 1760
766 1208
1150 436
23 570
1506 845
1373 793
560 798
1364 914
1333 1557
86 601
168 8
203 1667
1014 904
1613 408
1519 1904
385 478
1541 1038
714 1746
401 1211
1794 1121
64 1792
1742 1822
593 177
718 1061
506 614
16 396
507 126
1901 5
759 106
1095 148
298 668
1405 1382
1332 442
1189 126
1640 9
613 694
1398 66
692 481
1718 696
1594 1537
1360 1467
1188 604
1269 279
1689 1977
1589 572
178 773
1538 1491
1869 1394
125 1813
1881 1062
152 1964
83 139
1855 1735
1317 275
1211 842
212 1257
180 1785
356 1935
541 1310
118 1931
131 399
956 1123
56 162
703 1955
1108 1943
1238 1932
745 1589
1351 792
1231 408
1137 229
1283 550
806 260
1597 1122
427 1741
1453 1745
867 1097
840 1418
1381 141
371 518
1899 395
1068 831
342 1078
1127 1038
1158 1492
438 951
183 1607
517 818
318 872
570 106
1575 1862
1437 1262
875 782
503 1607
1003 1179
1730 1999
1575 1764
1400 1662
1996 788
817 1225
1624 1671
733 1960
785 1118
1143 1416
1759 1212
265 924
1802 903
1099 948
538 1694
1327 1149
1356 1188
115 1231
1841 1219
1466 1463
1203 614
1789 1025
1254 1764
1693 970
599 694
1375 42
1871 721
496 1710
167 568
272 1048
1040 141
707 1750
1876 1586
462 93
1192 590
445 1228
1641 1848
1861 1725
452 1421
1526 793
704 1219
486 521
774 728
992 1888
1169 176
1220 1463
793 599
721 1775
312 1277
1292 340
323 513
1557 306
1736 93
302 1597
1863 1291
169 892
849 532
1118 3
1574 1161
115 473
1469 1161
1734 1215
1621 818
1339 66
636 329
340 855
1642 1339
176 952
1468 388
1284 883
1798 1160
708 530
592 270
144 312
1773 1666
815 671
430 533
1791 1004
1214 333
863 875
1074 1916
493 386
1067 1928
1975 939
330 1844
719 427
1767 420
160 431
1895 1395
469 925
567 1223
320 1901
630 618
1713 1401
1092 548
343 536
1464 158
100 73
1127 1359
865 1597
300 210
260 1105
1053 383
32 977
1666 1106
164 354
1678 597
1664 1438
796 786
410 1962
1389 68
284 1247
1823 1807
994 1545
185 1576
973 1422
1880 1292
1516 176
1474 1116
1687 225
875 373
873 1056
325 740
1471 582
1920 445
1109 1760
1358 1329
1297 1421
156 96
311 1953
12 1616
1966 905
546 693
1817 1943
440 1088
622 979
1836 1490
1012 1783
1229 1997
763 1818
155 723
1310 100
1844 906
1203 1102
867 1469
215 1925
200 1311
1940 1290
1291 1204
1435 1328
863 458
403 649
1804 1073
1908 5
965 1529
272 630
1037 146
1917 694
836 294
370 937
824 1209
257 1986
1688 398
1328 1373
1180 902
891 1251
1051 920
162 266
1842 1128
1268 93
407 347
1482 929
699 1711
1090 1585
453 1987
987 1866
1330 918
799 430
1184 372
1490 137
848 1515
804 1852
1705 1630
1321 823
686 1355
1195 5
451 300
657 1643
1644 1497
1330 1180
251 981
736 1090
131 235
1419 335
696 361
276 1269
780 568
1945 293
44 85
1384 241
925 97
1986 1448
745 798
1079 910
429 621
380 1230
845 686
719 635
1826 1525
264 1569
1880 1873
738 463
158 1372
634 315
727 1958
1831 158
456 1806
1827 613
1205 1138
1617 307
1087 1265
804 536
398 420
389 1286
1720 1018
1021 469
486 1460
1819 363
147 1053
1079 517
1280 1991
1419 514
332 1093
254 1225
227 984
817 1241
698 323
92 91
195 1175
557 725
1086 848
1030 1377
640 513
1352 824
1370 156
464 803
29 281
1101 698
1766 463
151 1811
1875 476
803 400
461 1214
160 409
894 951
1985 1025
250 1594
1756 1714
1202 440
1157 375
1909 1465
1999 1152
1279 1631
1647 634
1697 444
530 1829
966 1160
97 13
474 269
1678 1236
1469 428
338 708
1112 1137
8 646
1596 595
1486 1561
493 523
1969 1055
621 1934
1431 829
890 1246
1066 694
1217 1404
1953 1592
314 492
234 568
545 280
1549 592
455 1400
936 901
723 798
1639 940
1771 271
1693 3
1420 1718
985 1742
917 461
724 1699
275 522
1835 1640
1100 1782
1566 260
1687 1924
501 1206
538 1086
363 598
828 1608
752 775
1665 1718
1277 1111
690 28
560 1806
963 1989
161 1061
893 1280
1633 833
947 593
1221 234
1702 1038
1252 1993
1255 1912
827 1363
842 1677
1029 1522
1184 480
224 156
1282 637
143 1221
869 1377
508 429
429 1488
741 387
886 173
1209 24
1274 1474
1720 213
674 1186
1751 313
610 1930
936 1964
316 231
1585 1693
580 551
1425 885
1606 467
1219 1209
396 349
1677 96
423 1606
1789 3
287 438
558 70
1767 144
82 602
574 1009
425 947
1260 1677
774 499
1006 81
1353 1828
965 196
222 1506
435 1752
1164 157
905 120
756 975
473 586
24 750
1921 961
1482 272
1927 678
600 347
453 1948
383 1335
650 1476
1722 279
1009 656
207 807
412 589
691 1265
897 42
674 1281
1052 1992
274 1403
1531 1791
1880 497
1396 925
30 390
215 1837
1817 1161
284 1677
1410 871
919 213
705 1673
230 219
634 14
255 1721
1002 652
1838 418
353 1872
451 1848
1950 1333
1774 1894
872 295
208 1229
578 305
837 895
1362 197
335 345
1895 736
769 737
330 581
1310 160
1025 1804
1501 1904
937 215
538 28
1736 1278
213 1398
1850 1611
1847 613
505 1260
443 470
827 143
1199 358
1106 18
687 1589
12 1024
611 1363
1224 7
485 937
997 1507
1812 382
1788 717
1206 1619
1677 1915
979 1650
292 89
1591 955
582 283
492 397
937 1108
419 1069
206 1688
1381 313
841 1368
1284 1077
931 1903
1280 619
1049 1722
1513 120
1913 1063
208 193
1998 1577
1157 212
462 399
469 1466
66 1328
1408 1197
1146 1038
325 1725
573 979
724 1690
787 826
589 147
4 318
1748 1061
1124 511
1937 1583
1370 607
1147 1705
1158 34
584 847
902 1350
1829 370
75 978
778 874
1102 190
1276 239
347 1014
1839 298
1003 908
282 1928
946 1373
232 524
259 465
1304 1444
275 122
1985 1908
653 1500
13 1472
665 331
267 707
186 620
1492 1785
803 821
1757 1206
1946 514
250 438
375 1764
1261 842
314 1086
134 1673
1845 188
861 786
428 1214
908 1784
638 743
669 1813
1348 1652
411 652
1203 1719
92 1564
1377 1921
76 1762
1252 774
1150 1723
1858 980
1077 883
114 264
1787 1220
1952 958
1704 1211
142 870
1025 1909
1892 1709
1879 427
1312 598
1115 1902
868 993
1030 1413
1439 1008
1710 830
152 944
1528 1061
736 217
1561 1751
1310 1688
1207 1109
1771 258
1567 1994
1968 959
1820 1791
1753 540
1226 290
845 908
390 1565
1167 1622
529 175
462 1946
1046 160
697 1874
181 270
1844 694
237 407
826 745
686 182
96 1400
699 1785
1924 1564
1030 1521
1922 477
294 1552
387 1487
1821 409
933 924
284 1374
1401 1
1848 1691
1339 1720
894 957
712 1039
786 826
1524 234
1822 1950
1056 1764
849 12
481 181
1044 836
62 1677
1779 1933
918 790
315 357
522 296
95 305
290 180
1763 1989
1856 221
899 110
541 893
1131 1525
495 1372
1938 1204
1546 512
1797 1782
1476 37
1251 1399
1709 768
971 168
1134 1939
1535 639
1805 1163
551 423
669 533
52 1734
1655 881
872 155
770 997
706 359
733 380
624 1214
1574 1781
480 1984
1706 1604
1592 445
1481 1554
1491 269
1183 50
353 1775
964 927
1419 1064
946 337
547 1355
784 1301
138 154
844 659
232 366
1594 688
359 775
259 1276
1816 1950
1083 476
1241 237
1986 1109
324 1541
588 1605
1860 1318
1125 709
945 122
603 1433
571 989
1561 1129
1273 500
259 1118
445 17
582 834
213 719
326 1446
972 1324
5 1903
1707 419
762 1124
1241 682
1442 1689
1297 1375
1454 1574
1993 1582
44 1170
1347 748
1717 1545
950 1194
1254 1223
1715 1497
1883 619
444 301
1923 499
441 89
1124 1017
1103 802
1970 555
463 1331
806 554
605 1950
1253 530
673 8
1158 1489
1702 1729
1093 1432
1076 1467
720 657
978 1052
930 280
760 709
1891 1300
1073 581
857 1929
107 1747
598 1079
1198 223
688 459
501 1981
1260 1428
1112 800
1121 872
930 346
90 19
793 1378
264 1829
1570 1245
1026 1535
428 679
860 561
207 1347
322 1134
915 95
617 903
1025 1110
1520 1460
1528 1356
1114 1221
1101 399
1844 1495
660 1462
1800 1028
315 417
686 1057
1862 1651
1707 284
791 647
810 1434
1502 746
1025 1337
1211 159
762 458
900 479
847 1625
1324 1211
469 825
655 1695
548 1889
1728 538
368 1459
243 1920
808 198
1907 750
598 1451
929 533
1365 1061
431 1939
613 1502
1872 364
1122 1514
59 456
1514 889
1230 840
201 568
804 198
1068 967
1042 130
1193 759
117 1490
1323 680
838 105
1352 353
395 310
462 162
1950 1855
785 1699
115 1807
1599 1390
1430 802
833 1558
1546 1642
391 570
847 1557
1210 426
1241 742
1139 1991
1987 58
1601 1164
498 1287
68 1556
209 1788
1180 423
1399 414
929 1868
161 1942
1250 459
723 1302
865 1328
1502 513
1773 413
100 1140
1362 1095
1420 271
862 566
582 1182
301 330
502 1824
1662 536
309 255
775 1416
1567 572
1960 1460
536 1072
1858 16
1648 1758
179 455
276 1890
329 35
148 95
1091 68
1767 382
1099 575
675 1097
1759 82
1504 1643
566 444
183 1039
301 319
28 704
559 1496
183 356
1044 1974
1494 1677
30 1426
741 883
1719 1955
1897 1076
587 1128
521 1693
759 689
684 339
618 558
1616 1355
704 821
167 794
540 1657
368 1564
817 1838
1582 1843
1593 1517
1389 1261
1710 998
886 71
961 123
106 833
1612 1111
56 519
888 1120
541 457
951 1245
866 1043
325 1242
1814 590
1038 1414
1275 1816
1734 916
1270 366
1485 1972
1143 10
1456 486
833 294
1117 613
160 123
1320 991
1545 1443
1576 387
41 12
621 652
16 1933
1586 628
22 379
56 461
436 1969
1364 1248
497 1101
643 343
807 944
415 517
299 811
1826 1683
1547 515
239 1656
1094 548
76 1530
78 153
505 1473
411 852
482 1714
742 740
277 1939
1688 1837
1149 721
1382 890
1270 832
1877 615
1885 979
1830 594
1356 144
1731 220
1555 1183
1092 683
120 1445
545 594
1129 526
1482 1943
1498 213
868 773
1132 396
150 378
362 1773
1355 1556
710 1581
1234 918
794 324
1009 813
1400 621
1583 676
298 1035
1532 1248
311 101
678 15
108 782
1781 1309
661 1200
158 479
181 567
621 1284
1156 882
1600 90
419 516
682 1939
171 606
1629 986
1216 873
507 676
847 74
1794 1942
576 1652
753 1915
936 1026
373 232
1248 527
1681 1025
1316 535
902 225
18 901
9 1259
560 1595
1722 892
329 1389
909 1628
1773 1359
1213 1600
866 1365
1738 281
1984 1286
1898 425
1755 1057
1078 537
640 1056
70 752
529 472
1362 858
1396 1824
1340 739
805 468
1054 1564
286 1296
1142 1919
1998 795
1889 1795
1275 600
275 956
988 1731
455 1291
1657 150
960 1689
883 1087
1737 253
175 879
65 1456
1777 397
1034 37
1864 558
481 1133
876 1792
328 1289
415 1952
1664 1199
516 903
316 1145
455 1885
712 1358
160 1013
1284 641
1576 1637
605 1307
844 207
802 640
1321 381
288 1683
1467 868
447 507
710 1770
1028 1316
1145 1783
732 1970
72 640
406 496
1951 1703
1775 1578
372 457
294 513
1132 466
1660 214
1856 683
377 350
1072 237
584 564
519 1633
1668 74
1392 611
1781 1424
52 133
956 1472
351 1812
1243 307
668 521
347 301
1617 1736
601 116
732 947
305 1169
1165 265
426 364
440 26
1382 353
365 274
509 1011
1887 1331
629 1219
1915 1015
1225 1044
572 1476
211 778
620 951
905 1303
383 260
1751 133
1940 112
1789 1996
1843 685
1745 212
1316 1710
1282 1325
708 136
337 921
1138 1617
1055 1313
1 47
1993 634
1327 345
1902 1255
626 980
855 1014
463 1677
199 304
1620 786
1923 639
1035 226
1952 582
506 1177
1968 942
1677 279
344 769
613 82
390 1333
104 1345
586 462
554 469
676 1987
628 1523
1372 987
421 503
1628 736
1161 867
755 1027
1636 1699
155 608
985 1211
376 1044
1424 186
902 666
736 35
363 1678
429 904
856 1603
1823 1327
1577 540
223 443
1502 1169
1401 922
1465 1926
1254 980
1196 10
1195 696
400 527
1921 459
1745 344
1837 1168
772 1794
516 1472
992 911
376 1976
548 1238
614 177
1027 1277
1409 890
137 1097
606 1651
126 194
971 277
604 170
1926 1587
1169 443
274 958
1460 1215
1525 644
498 1602
1341 153
749 297
327 1760
73 1941
619 1129
304 366
273 1978
1658 229
1080 872
956 1312
1666 1358
1320 367
16 509
1679 351
988 1280
140 1117
82 35
1255 597
776 1283
747 1416
538 508
1751 960
243 333
1522 164
850 900
167 1925
183 176
1491 1213
893 197
1859 903
1408 1803
974 862
122 953
1552 202
1909 1314
56 644
841 1770
1085 478
1923 807
1088 1729
851 1775
741 740
1602 1600
277 168
1092 830
1966 241
857 1029
1146 1457
1149 1520
41 978
1762 1984
294 551
1092 276
1292 624
974 933
1323 1588
823 267
906 45
905 87
42 471
466 1828
1602 1760
1943 1776
916 211
1834 1359
329 363
94 384
1567 1315
1045 1446
48 1153
552 88
1103 918
982 589
1246 980
1090 1726
1150 1050
1937 221
1378 1642
221 600
259 1161
577 1190
724 735
1430 551
1523 784
1457 739
448 516
1593 249
294 569
1991 1766
257 1676
517 881
464 1971
1369 319
326 332
163 1066
720 1441
1329 1056
926 284
440 263
114 738
1909 688
1217 1724
1971 1141
1970 192
1116 626
1708 823
294 1160
1285 93
1988 80
939 1867
957 1410
87 1776
483 626
1617 297
1015 1768
455 1860
960 732
617 1177
1842 1339
589 1163
1327 1124
372 1170
286 1489
1717 728
911 1169
1963 492
1546 948
1865 131
1716 1246
768 1978
1012 1057
1211 446
71 62
1536 1685
1114 30
1993 86
740 1547
1358 1457
501 1637
1969 1254
1347 1619
527 55
34 1412
1922 410
624 1950
1487 412
1520 1658
509 1983
1859 501
934 1054
308 320
1107 1639
843 1361
1331 1139
447 780
948 763
557 1054
288 556
1527 17
1626 462
635 1033
1947 1949
524 1816
1507 1700
1073 282
227 313
345 893
877 680
1384 644
1147 140
626 54
136 1639
919 1244
1445 1017
1858 632
805 1370
815 1951
1076 957
1543 326
397 334
1233 740
840 1268
736 866
295 499
1384 594
1772 1010
1787 1570
221 296
523 1021
1577 879
138 544
433 667
279 493
892 1583
748 342
755 508
1790 1250
1944 1407
1839 1925
1979 428
981 12
725 1636
663 1557
1954 1176
1717 0
297 342
1370 1447
11 1588
510 1266
269 500
1802 1370
1875 903
1509 704
141 1818
179 859
81 281
1807 279
596 1671
540 1735
180 841
199 267
1797 684
1764 1875
483 780
845 1453
773 558
226 1806
509 484
1801 1641
164 66
1674 1394
205 838
1462 906
1502 1560
921 1940
206 830
719 483
1986 1889
274 1094
204 1380
1759 1691
1128 416
1027 1427
545 1244
1343 1347
565 1151
834 1984
1915 701
346 838
1324 543
1007 429
16 430
1748 1933
581 3
1158 621
339 148
1985 43
1796 932
439 860
423 181
1919 537
1545 1577
85 1420
701 71
1360 281
876 859
999 770
811 857
285 547
1938 913
1609 289
316 1385
772 1068
246 553
675 594
63 1607
498 835
1468 205
1479 1274
1326 709
1682 1358
204 455
1917 562
864 479
1298 927
1998 254
922 1977
1398 365
241 492
301 1089
1908 1938
999 118
113 1344
1931 1378
1233 776
559 1031
153 1715
1116 319
1132 1535
651 503
1610 1702
545 1988
1912 1168
1521 186
469 1086
510 1354
529 1835
1799 497
571 274
1204 1374
1047 392
306 1592
1733 739
1918 1259
159 123
1395 237
752 733
227 373
307 1749
1783 1721
790 1055
1190 1573
857 33
1844 288
1023 226
1812 626
754 347
637 230
1807 274
1956 304
1484 1925
50 501
795 949
1586 873
531 315
1135 1999
1148 1551
583 1648
1441 339
1846 1063
1673 1562
584 840
1603 188
274 1044
635 81
419 963
765 307
945 1015
1899 1126
1844 1822
1277 1252
600 409
1798 1612
199 1983
421 301
1099 812
1241 1813
285 1821
1350 1598
1888 1926
1063 1314
1394 289
1633 19
1272 1787
636 1306
879 946
1738 1076
1514 1379
1193 1103
1164 1003
1592 1453
381 1726
316 310
645 266
884 213
1013 576
1813 255
1645 1215
456 413
1586 1137
1995 619
194 153
233 1303
1441 1643
1165 1292
97 1065
607 1749
495 208
87 28
299 1156
1638 884
1653 54
1293 1005
452 1760
1603 643
1139 1617
175 1758
167 1917
570 1531
1123 1806
542 1834
1359 1240
1785 1386
1688 577
996 166
1078 1095
1214 1978
1633 634
1803 1923
1438 897
1835 1919
462 1885
1538 1748
1127 1160
203 764
973 297
240 1450
1683 1999
458 440
328 704
1410 279
1887 1390
102 703
1609 620
1871 90
1524 1263
6 100
412 1929
972 1028
1343 427
61 388
621 1510
1283 172
208 1763
393 378
1788 1082
1127 676
138 168
925 701
708 873
695 219
1271 7
1463 1985
1914 1501
560 1120
367 1765
1443 575
1001 1271
509 1719
1514 1667
480 1929
1335 1832
941 1969
199 1039
312 1263
824 1047
597 184
1891 943
1481 454
1191 1420
1997 870
924 1157
534 455
160 464
148 1861
1724 1221
551 735
319 590
1105 322
1297 1716
131 307
783 1975
394 253
1953 576
1930 615
1335 1917
33 1695
250 513
1387 462
1555 112
1920 503
1928 953
1385 853
303 1763
1771 106
73 1002
1655 1343
197 1239
1664 1268
1680 751
1509 374
1794 189
616 1010
523 799
411 179
1045 1216
97 33
263 338
1149 474
1035 1267
767 395
323 1502
1388 399
388 499
1360 1254
1086 1544
1763 1631
149 762
1425 510
1966 78
1552 1198
1014 654
54 236
1779 1293
1756 648
1711 680
1500 1573
1863 1249
1142 991
293 1769
76 1680
753 637
334 550
708 795
1452 921
266 1028
1404 229
182 962
28 143
1236 671
544 640
226 1401
1048 117
1424 780
1064 993
69 32
998 1986
1217 1595
1239 302
1435 403
1559 706
1502 884
219 1060
445 1123
1159 310
1266 1309
1189 1352
255 1353
1611 373
1311 249
22 951
28 22
517 982
982 1070
102 1947
976 306
1758 733
659 696
1137 344
961 971
802 156
1575 1884
1705 1682
280 452
1525 85
1913 389
1604 1784
513 138
1252 216
952 649
928 1981
1334 1711
458 1637
266 826
133 947
460 1405
1336 1944
115 95
1833 1606
1585 1030
1945 1375
1443 1320
1478 1535
648 709
144 1553
1975 1060
1868 244
1173 923
827 923
620 1929
1240 1690
1479 1335
1052 1477
791 564
585 785
1759 1717
92 1789
1256 321
824 825
114 1073
11 224
459 943
412 946
1135 288
1563 1672
1232 172
250 1141
1832 1576
23 1092
1609 1483
585 1818
1379 1210
1161 1909
211 1778
1282 1297
666 1753
798 1255
313 1933
852 1110
1423 1274
770 789
1710 976
1667 1017
1803 1668
336 1515
1170 1776
162 1734
1495 403
1866 853
1105 1252
368 133
1281 735
17 1939
1395 506
1098 43
357 1175
1568 97
1674 672
563 1982
279 526
154 278
1616 1877
1 980
990 984
359 1530
768 534
1413 1486
361 1542
195 1315
747 154
1616 1207
385 1647
1922 700
353 384
3 1395
1906 779
31 466
622 1005
1651 899
387 336
1400 895
252 849
945 1969
757 1985
711 1573
177 807
770 1716
481 213
1258 564
1253 348
236 1997
1431 229
321 1009
254 1110
667 1389
302 1298
1832 493
1080 936
18 231
1059 52
1431 850
1976 1290
1729 1647
156 482
1671 1800
558 94
314 176
582 1863
105 1817
1861 248
658 1188
561 863
1432 1232
18 311
1953 1538
1216 441
829 786
140 1615
97 264
945 1662
1828 1707
554 1974
11 1292
1181 463
1981 48
1268 0
32 684
586 719
932 989
42 1112
237 1395
339 1276
928 137
226 1879
1515 1325
1723 1255
388 236
949 980
1075 772
1789 1051
929 1045
353 1660
1928 1846
1223 558
590 1831
1808 1835
55 1060
1841 740
1370 373
1502 835
1500 1662
975 661
926 1437
31 1042
998 1786
17 65
1200 1456
245 1345
1922 357
1747 1974
914 1749
1265 762
1106 1416
1716 1568
310 1499
746 1795
1924 990
848 974
1486 1327
1875 1041
1246 435
1484 1660
1425 1414
957 1486
1354 751
1928 1074
1059 342
707 1655
1021 835
447 1697
1137 745
783 611
1880 389
1840 916
549 1687
1380 1
197 1458
1861 789
92 1822
393 1550
570 302
563 684
1103 1725
1870 1243
217 284
1138 1965
826 1204
590 1922
1927 1777
1054 1897
115 1571
45 1814
1500 1901
1227 1108
455 1160
1467 489
1031 1685
1776 1269
1095 769
1174 152
1401 577
115 281
290 662
23 328
1230 926
1 1416
1673 339
539 1787
1443 839
1528 1015
154 1500
1873 1169
1363 1525
121 333
1621 1086
750 829
393 1801
832 1004
149 703
543 144
462 487
1462 1815
41 1560
1836 110
468 1433
492 292
1107 472
1789 732
1566 1729
1643 1091
1705 1118
1796 549
1295 1969
1513 1721
286 1198
1370 136
846 831
1955 1177
1286 701
1139 1420
758 524
1899 176
46 1529
1036 890
1330 1533
1376 257
1114 631
678 1338
252 788
549 496
733 664
233 105
1518 974
1934 1204
919 474
573 996
1582 1671
848 1227
371 714
1395 287
1868 1983
1107 1501
170 694
217 238
443 1410
721 56
988 1890
1570 1203
176 1248
510 1894
1647 1931
96 1642
348 943
32 1534
273 197
1547 622
401 586
1338 745
629 1677
15 1187
564 1463
1340 1817
551 478
1813 1562
1996 996
1724 419
924 1785
1751 1487
1354 489
1195 1337
1419 1855
701 540
152 644
71 585
1673 1229
1018 862
1214 448
941 53
865 1450
1126 1507
646 1818
1533 1415
919 1857
172 1627
65 448
1438 1466
1103 41
1835 1454
742 207
1943 980
427 1084
1405 577
1253 1447
655 341
692 810
347 1399
1386 1684
1692 1929
1758 915
746 1801
1272 1291
218 1317
1658 537
1017 279
155 1058
532 928
202 1201
769 1874
1660 465
650 881
1386 1460
1251 276
1102 1027
1377 268
1843 989
1265 1341
893 1332
1949 1982
1245 1197
635 1800
1573 1584
1350 841
697 1432
1140 1995
8 1020
1245 1288
1981 1385
178 1212
174 619
1435 1734
158 1031
1345 1343
656 1120
596 1798
90 1405
1418 1337
965 1451
1652 339
259 1441
1618 491
310 1370
1311 279
1076 1770
1105 82
1217 363
1213 791
1261 1268
1404 856
518 1877
826 147
1140 1820
1787 625
312 1562
884 996
1554 1883
514 1445
389 143
1100 1156
1097 174
778 387
1076 62
1541 1007
1402 261
1028 1585
753 551
1272 15
1034 107
1852 1957
609 1787
1762 517
474 948
119 1223
1662 868
736 1460
1331 1401
152 1255
733 650
1784 337
398 1548
39 1979
250 1237
270 1458
1301 389
1690 499
351 37
1445 1066
1752 1290
5 1461
47 1202
1400 1254
1355 1053
396 341
1951 479
1603 262
650 1152
1533 467
545 1835
66 118
1134 1899
738 549
923 1924
130 286
1854 786
555 1946
1970 1072
216 759
599 48
1354 910
257 555
1990 272
1516 1938
1193 890
799 1947
1751 1190
759 1267
1564 486
262 1923
506 1850
468 949
539 9
1093 1924
1409 879
157 1645
1998 1855
169 848
563 1881
144 379
1413 994
1642 430
1477 1401
1867 912
319 546
1121 454
578 1505
734 265
485 470
1486 1678
924 849
391 1908
1503 160
1697 1570
54 80
153 1222
1798 1457
1877 686
821 677
908 748
268 465
287 1082
593 304
1974 1049
340 799
1300 405
436 1577
292 1929
1701 231
1805 1788
1570 966
219 55
1806 63
548 171
963 1675
1384 869
1416 458
279 1594
468 106
589 1875
1302 1938
1780 444
585 100
1815 208
149 24
1221 1705
1141 1772
1352 327
1267 196
63 1616
456 687
709 1468
109 169
742 125
1033 1512
1894 474
95 286
1214 280
1148 1374
965 1415
1300 773
1026 1744
1859 943
469 1069
142 1867
1884 1069
1162 310
67 1461
1157 1168
976 129
1039 141
258 1150
1454 227
1145 1070
1992 1913
1395 553
435 186
1643 254
1109 695
769 1471
738 1468
269 247
354 319
1094 1869
336 101
646 1700
939 109
1768 1523
424 140
606 269
200 1335
1299 1261
424 1018
969 477
257 1748
750 1364
1596 798
92 94
1947 1831
13 689
371 819
1805 578
1221 1699
559 285
520 912
908 1451
327 5
1936 1151
746 1794
578 840
482 448
345 666
1256 751
1762 1990
135 1496
614 1854
176 1807
606 1444
1141 1492
1345 441
490 215
1302 1964
168 558
300 1825
991 1696
1989 230
1324 1578
1566 168
526 1166
235 1218
1548 1839
949 830
1950 1586
873 1525
1385 1860
1576 1429
945 1394
1482 170
708 1587
289 1018
484 1437
217 1443
21 600
156 1422
1731 1848
555 134
1564 636
199 1284
96 669
342 1036
1468 494
1077 22
1520 224
1808 977
1873 1448
1351 167
1089 367
1095 1837
1075 730
1754 1946
296 1836
6 674
1664 1091
782 649
1344 100
1476 996
64 1002
952 622
1457 1121
1553 339
1611 240
1733 1482
1591 1430
1611 449
1479 918
1816 528
1809 5
1586 1260
619 1617
1213 968
1798 587
253 1995
1216 572
170 470
821 1989
1632 0
1157 1611
1389 967
1431 961
746 1728
1900 628
65 295
1341 346
1611 1612
672 555
950 1412
314 1888
1819 1149
763 237
716 765
629 226
1170 930
609 1205
1259 1508
937 1951
134 1160
654 1482
840 1347
1126 1424
1618 3
1810 1466
1547 1459
542 1802
1951 511
1913 226
100 752
1438 875
1268 862
97 766
448 1856
1945 536
1141 1039
77 406
1141 164
386 1595
521 641
1489 567
1710 389
190 538
1762 1584
18 1941
1365 914
1657 867
524 705
603 1757
1740 1475
349 1191
1086 1223
1658 1036
1889 143
1426 1548
50 553
1130 837
820 1688
1376 703
687 1387
1769 1217
1913 336
1179 83
38 1743
1209 1146
1837 1125
613 237
1801 1276
1249 1524
618 419
696 71
763 104
1776 1316
304 1941
46 1698
1645 975
252 1463
825 731
1415 1731
1611 1432
1597 245
424 105
954 1863
1882 1660
444 1861
970 1712
1007 1986
964 1507
1812 1883
1281 803
826 1000
1180 493
565 1842
524 254
237 1260
805 103
1710 215
1181 760
164 1749
809 198
1939 1685
469 1088
1297 59
1582 734
1030 851
1562 425
1252 577
756 1348
752 1691
1001 1100
839 1372
1482 1921
180 292
1102 1321
1268 1821
756 1080
757 438
1548 1730
771 1667
1012 982
1339 268
887 1125
1227 1768
387 1765
1728 1208
532 1151
1740 1262
1851 303
1573 565
177 628
708 369
466 1135
643 1209
327 1004
959 1855
1683 765
1591 1084
1566 1353
1478 1043
128 1324
103 1911
79 271
1279 1341
1702 168
40 1680
383 1416
1453 1231
173 266
648 1275
157 1760
653 863
1765 1089
505 1542
1265 1037
309 1933
1112 1270
1809 1022
1218 917
451 413
908 54
1095 240
1639 1767
1158 701
1121 1896
703 209
731 765
407 499
1961 399
1848 583
51 1529
686 822
354 1198
858 1608
899 235
1203 384
60 615
917 74
488 865
1465 303
1696 912
1115 1864
581 388
681 1795
1178 1659
1911 526
1677 432
1987 1575
1685 165
1237 40
123 445
1147 249
1561 1363
524 468
1960 154
1407 303
113 823
1404 1527
849 1084
1361 1898
1674 559
453 1843
1483 1716
518 1615
846 1144
642 1423
782 1246
377 1858
956 1584
915 1620
1213 943
1159 1554
1471 1544
45 241
1495 244
433 467
699 1763
1912 1792
1382 801
1391 1564
1682 1191
888 1583
13 903
1515 1387
486 444
952 818
854 1250
1970 1506
663 948
1781 1246
1217 1707
36 174
353 130
520 496
1333 898
1471 1054
1428 1633
1615 397
1856 1778
175 678
1860 258
651 737
507 92
1944 1243
459 941
1132 1757
1743 685
1443 404
292 1375
682 1675
134 1716
1540 363
747 510
1200 1908
1949 1265
81 1660
1583 433
345 1426
1616 1925
1587 9
401 317
1512 1339
897 1222
586 1491
1068 75
1249 1577
182 1842
1965 1628
272 1428
834 615
1388 1736
298 294
219 1246
1930 38
1383 1861
685 215
1086 386
1406 216
722 1745
258 1040
1246 874
614 490
1805 877
38 29
362 241
1793 408
123 1495
1880 1787
1435 793
1780 560
1288 1417
138 1533
1831 1488
1242 897
591 673
1340 875
1263 743
1018 1483
464 1334
1145 911
537 1319
106 1879
1450 1397
1370 1153
1590 1113
1283 1871
1805 102
541 1651
826 25
1027 1369
152 489
1982 1391
67 639
1937 1035
382 1041
231 1182
975 1523
669 1267
440 1383
1657 1913
1269 1469
828 755
1043 1530
1157 992
927 1856
1973 1755
792 48
1257 3
270 320
932 1064
1681 221
1447 454
198 1335
239 1054
1541 572
499 1485
817 1690
1153 460
1720 9
1130 1628
1237 712
298 1712
166 974
1134 7
447 1194
1848 1007
1935 1007
1437 9
1757 601
875 748
407 647
669 1651
889 717
435 418
452 1493
179 502
1405 370
734 1710
1113 480
438 156
1034 255
1124 1148
1768 642
389 268
1154 1391
1742 856
34 622
1860 988
895 1930
1893 1089
205 198
491 516
1355 1229
55 1322
759 890
1063 708
442 1512
302 806
1025 654
515 1937
1883 218
179 243
166 898
1378 1233
68 851
1083 1381
1420 995
817 881
451 1009
1284 1996
1050 398
1477 591
661 302
1837 1534
906 1428
1836 1978
895 1348
501 160
1725 1998
1619 1878
945 1018
53 559
25 447
1926 631
1539 101
622 1268
1079 139
1312 369
870 521
732 917
1826 867
1442 1755
1273 1356
1341 859
1665 1629
195 909
814 768
382 311
79 1970
361 397
947 311
1030 1348
1619 663
411 1805
1894 1419
1043 1118
1848 349
1407 821
780 899
965 137
837 1253
929 626
1330 177
1846 102
677 735
931 1895
1832 1544
1549 93
1344 982
1052 34
1951 529
1128 1788
687 1851
898 1689
129 1650
1429 1262
536 1524
1506 519
1328 1201
46 592
31 1970
1374 376
253 1150
1413 274
675 1773
1265 656
1214 187
887 291
1137 899
549 1285
1075 303
143 1821
215 1530
286 939
1300 340
1356 317
1306 40
1703 581
973 1836
1034 89
44 1947
655 483
1780 63
482 841
1943 703
1856 1404
1452 447
616 1877
520 684
322 1833
208 1271
1013 1642
1733 791
611 1575
1947 1182
618 1879
1928 992
126 1209
748 1454
1425 1824
140 22
106 1838
1477 1438
1658 762
482 1680
617 1274
364 431
430 643
736 1377
1415 1341
778 1950
1384 1031
1663 1558
1343 1169
947 285
1227 1109
1600 867
433 1390
1246 1696
181 719
1856 1139
489 1504
1008 1077
949 257
1586 1022
1166 294
500 372
1287 521
1899 317
1313 1415
87 385
1729 484
137 1381
1570 241
347 132
1869 368
242 1359
40 244
1435 21
5 1622
1576 275
24 636
1388 243
626 872
1293 715
971 1063
1110 604
360 923
1269 1134
1435 64
144 1198
1940 1714
253 509
1710 165
1008 350
1016 1294
171 1480
687 840
1373 1473
1648 638
1174 1211
542 814
783 322
570 1178
861 1121
749 1584
820 119
891 1353
803 1544
914 1847
1980 1259
674 1875
295 1429
477 1310
1988 1548
587 1460
228 1247
1393 1056
149 1557
1212 271
677 1891
1251 1389
935 1887
131 113
1550 86
1001 220
292 1277
590 1467
1342 690
669 543
364 209
682 1070
1569 680
1768 871
422 757
1750 1613
1910 1902
1896 475
1496 981
751 346
1873 1365
814 119
1684 1039
1112 582
877 1806
1056 291
1592 223
729 600
800 452
291 1540
1496 497
1587 1852
1961 572
337 113
86 992
363 875
622 24
207 1960
268 52
969 46
381 613
1608 470
459 146
972 389
747 787
367 52
1483 1142
289 1535
106 375
1064 76
153 582
1961 744
1581 1676
1512 541
87 989
1175 644
921 150
103 352
1973 371
1473 1530
721 1381
1804 701
907 1547
1390 743
1155 1402
1672 1869
1735 735
416 51
613 905
942 1891
706 422
1781 300
658 1036
1695 736
1127 974
379 1669
164 1124
1273 415
1555 1668
860 1415
1140 791
867 1772
935 927
1452 1750
1147 327
826 1794
1637 939
1153 625
1722 554
1 1017
1548 275
601 1932
177 924
1549 445
1777 638
213 1500
1173 538
97 333
1975 1501
866 165
1481 1443
457 1300
914 152
751 1474
592 912
1280 56
1471 819
1992 568
601 825
338 1194
1754 1616
1691 200
316 804
455 1618
873 655
1088 1257
1150 777
416 147
390 293
1654 1327
1409 140
1379 276
716 1061
510 756
477 781
1208 495
115 309
571 1071
146 1940
282 1517
1470 539
674 422
587 1084
320 1867
632 326
1750 1386
874 858
1183 1826
1365 1545
521 1898
1516 1364
824 726
1889 1670
1886 259
619 897
1226 1071
1975 1307
817 1172
1504 1610
1814 394
281 15
1364 1029
505 987
1147 1513
412 1221
1116 1090
1714 1565
759 570
532 886
1717 1621
795 1679
1053 1421
1896 513
992 444
1921 1363
1325 1811
1188 1428
1473 1312
614 1938
1243 543
391 1216
1018 1160
233 684
1429 489
1846 999
1441 75
1979 1852
129 1381
221 226
55 1031
1826 782
116 358
549 289
986 1745
284 1732
1444 1158
565 334
79 373
193 1544
1726 1608
818 1564
605 1399
187 243
1813 447
461 825
940 35
1038 539
227 123
226 1594
25 1934
1624 686
730 650
1770 602
1020 718
87 5
14 1285
28 489
156 1047
825 2
636 878
271 1898
142 1604
571 1390
1691 147
1763 1658
183 1270
1711 1457
493 508
1900 1592
1421 1546
1111 1178
774 1193
194 1315
681 617
956 755
978 593
1431 317
224 1727
945 1834
1272 1347
254 531
866 1240
1796 1761
417 1587
673 1453
193 959
107 207
40 1519
855 624
291 1706
327 1742
195 490
1956 531
286 1661
1609 1632
1410 1233
1320 648
1178 1774
638 412
1832 1405
327 266
1862 269
198 721
740 113
63 755
1057 1469
710 1491
1078 471
1756 1836
1950 1610
1751 1369
1874 33
587 1893
387 1802
708 286
363 1744
609 1091
1467 1067
160 170
1635 317
1881 419
527 84
44 536
272 1511
297 335
97 658
1207 951
1662 1525
1345 1492
874 739
201 1386
1819 1003
420 1864
610 553
777 176
192 218
79 1872
1118 182
111 1608
414 1710
1275 502
1390 135
1190 994
424 804
1084 553
416 1395
1654 848
894 210
1231 1741
1986 1073
100 619
1265 1701
1537 727
591 1104
182 229
1500 1172
889 712
1761 1463
195 1503
1653 1749
1793 895
2 761
1779 904
1532 1413
491 1241
1431 169
1659 432
1524 1760
969 1870
625 799
1355 1918
1047 1239
85 1190
654 187
413 1296
1813 65
1097 206
1697 417
43 1630
47 305
144 1404
1806 443
1165 1786
1293 1523
936 1160
200 1648
1247 487
68 1906
1362 1959
1350 409
338 18
834 394
1605 740
942 1629
1363 618
1656 676
432 1458
255 611
1582 1194
286 458
1777 1946
841 1145
1710 657
1838 1108
1471 288
644 915
560 1303
1762 459
1596 848
763 367
637 1324
537 1499
633 982
384 1923
562 1454
1549 1985
409 874
1887 1571
1449 379
1259 104
1985 349
967 647
1317 649
1058 1923
488 1841
391 441
62 1782
507 1459
165 946
553 615
174 249
1303 998
384 1443
1014 1985
1481 1820
929 1643
1834 376
476 1425
33 1719
1928 871
748 1049
1614 1479
431 227
275 1437
113 425
1085 64
1473 685
1898 583
339 622
1059 1425
1107 117
1338 100
1428 1794
81 1798
1289 188
168 1210
1752 1564
225 648
1737 1861
1329 1950
1592 1553
303 154
1183 1766
928 141
253 965
1035 360
1486 964
264 1715
1899 563
1650 1237
399 1257
1962 754
1456 1928
1897 337
725 463
253 919
1084 1130
887 1450
528 1452
957 762
528 1871
1162 621
1693 1137
836 638
860 930
1631 362
1060 1321
831 1511
378 1891
1387 1894
833 1570
0 528
1729 1603
549 1549
282 260
1376 952
1959 941
921 1380
280 741
465 899
1226 999
1104 1191
410 140
1987 243
1716 854
1813 847
553 1021
1317 1324
576 400
1476 1577
465 1122
943 396
35 1457
1706 526
48 1020
1378 319
1129 198
1639 594
941 165
1867 1525
527 298
965 1460
933 28
638 725
1187 1968
1311 27
441 1539
430 1319
1296 1469
693 1440
1876 473
722 1304
822 956
1281 1942
460 32
168 1436
1196 1116
1478 307
1236 912
1835 791
97 618
818 748
589 1790
915 662
1846 1949
1638 1364
851 1201
1315 795
1102 835
90 1075
1704 851
529 1544
1893 1085
1354 34
181 1683
1154 978
959 481
1361 1222
1934 761
1803 867
1774 1017
1402 1078
1490 636
1488 1784
1345 946
1742 205
234 1899
1479 742
876 93
1006 1185
35 1414
278 421
571 1492
1954 923
734 1294
1631 367
43 560
1457 240
413 1842
1154 1984
1287 1527
275 306
1965 114
53 334
1662 621
1595 370
1571 834
789 1346
941 1710
274 837
1327 177
1832 1523
1123 507
438 1866
337 86
1854 1641
1185 1589
110 884
1117 449
1816 1576
583 368
696 273
510 1713
1206 504
121 252
1032 1111
1090 942
987 1223
103 131
1282 742
867 20
872 1978
1239 1291
1146 797
356 271
488 251
1834 1490
1033 1374
1707 797
232 1995
1000 1756
1081 1272
512 461
744 1842
1413 1270
1316 1396
1423 43
1844 368
1405 868
613 1795
1329 589
1475 1389
1852 1310
1344 1683
510 955
182 1461
632 1766
702 200
595 1502
24 776
135 1259
410 563
8 32
1245 1475
421 1248
110 580
736 1022
1400 923
360 840
1544 852
89 44
1790 606
153 583
780 1405
1566 1618
1794 1957
1702 928
1803 1349
1201 582
1394 1362
1167 315
1718 426
538 430
334 692
1153 1637
1019 776
1992 1475
1452 797
607 1237
428 1405
767 1664
895 527
594 434
1844 1763
474 1925
655 588
861 348
466 426
1425 1319
738 1258
1211 1869
1115 500
18 1059
1551 1420
1889 1327
836 496
1987 616
643 1884
1860 1380
1058 536
237 1803
1002 1577
1626 1477
1326 1437
564 585
1525 1089
1698 1015
1004 800
540 311
179 249
808 13
524 261
1705 140
1295 1289
471 516
1619 168
1051 969
1909 1032
582 711
652 1355
834 959
812 1252
1256 1193
1751 1150
961 1322
1134 1907
1544 1195
473 783
1498 601
1534 865
1454 1397
1885 296
618 411
1317 328
1830 285
1225 59
1567 1230
345 94
1788 1918
1071 1398
1036 1895
1282 1653
1928 1219
596 113
1491 151
1752 455
1055 765
1832 792
122 270
1689 25
777 1447
1635 1618
968 642
535 1933
1426 1167
996 1690
1802 1460
519 292
1787 1454
468 1526
1699 1367
246 1941
1649 527
1717 523
401 346
1686 1981
483 133
24 1934
1337 1754
1964 1715
690 1871
517 1095
1181 491
190 1119
1764 1547
904 137
410 1025
980 688
439 1358
780 1060
1851 485
1442 1487
1942 1116
801 742
1739 193
1356 1707
651 1690
1772 1306
1868 606
1597 1708
1579 760
34 512
333 1129
1991 673
502 758
571 1585
278 629
788 1598
1965 1712
1812 923
1133 1202
20 1773
1924 303
34 286
653 1110
188 1144
1814 1524
1551 1063
1555 171
1406 1847
1699 1809
1938 668
1043 547
159 610
298 640
355 363
1729 1708
33 1022
1683 12
1612 1485
1511 256
1130 272
1349 342
1474 1409
1999 458
1911 1120
1499 1397
1033 1206
1354 1405
1257 1314
1157 1621
503 966
1107 1139
1748 767
1651 1238
1152 1631
438 527
1420 599
460 1503
454 658
1867 176
63 46
1026 1600
1503 1039
1388 422
1335 1707
740 868
706 865
510 677
677 60
1655 562
1387 1645
1797 1360
835 1109
922 1304
609 120
894 1390
1386 1772
849 1241
1671 425
536 963
1690 1680
1806 1612
1763 1111
1535 817
755 946
1512 1710
666 1235
1741 1999
71 1866
1099 525
1857 449
1074 250
1291 1649
1675 1315
1599 313
1000 617
1106 743
1425 1450
1184 383
505 1081
688 56
1747 1402
1463 1241
1553 459
1268 906
1979 1909
1759 1598
943 480
808 146
78 1228
1029 1498
1821 467
1240 361
861 1494
787 743
890 317
218 1343
1691 1803
1348 806
1457 1213
1203 1235
1243 1510
215 1989
766 1548
334 1482
792 963
1433 498
662 204
1249 378
600 1497
612 1344
18 114
841 1882
63 1257
1304 629
998 880
416 625
1887 271
1476 135
1298 1883
710 1993
1491 1237
1637 123
986 1364
1236 1919
1749 1515
116 140
1500 798
1850 70
217 122
1604 264
1070 340
992 838
1815 1957
595 714
447 690
841 1367
761 917
531 881
1390 1062
1908 121
471 895
436 278
235 296
382 522
1475 1114
220 112
980 946
1708 650
817 704
1463 820
491 1239
144 1666
1267 1188
157 1615
846 1528
1785 444
1691 362
380 1461
223 313
289 188
235 1677
683 1373
364 971
1303 1158
1238 1964
25 282
234 836
1630 1522
1253 512
800 163
1726 557
1312 1694
836 589
1614 23
1058 1360
723 1449
1925 1066
1733 456
994 1041
255 1221
1920 1877
1286 1263
1896 199
269 1828
1402 1426
286 1092
216 1687
108 1063
1984 393
1437 715
900 1635
417 1895
1752 1259
49 1641
953 201
1257 1625
656 1897
1372 1136
1242 1115
1372 1502
644 1991
1160 383
1016 1872
827 902
669 1079
371 311
1376 398
1469 785
1953 838
1867 1745
722 140
1011 890
1378 6
1509 723
944 684
1428 1600
1802 1592
1010 674
428 1095
1376 375
1816 1703
1430 493
86 618
258 214
650 1090
1619 447
1119 1263
19 76
579 1703
1964 413
1389 287
1575 510
561 1641
1794 1403
1269 729
1943 1498
376 590
0 1955
770 1596
270 1707
1169 1605
104 1937
1941 741
737 1659
228 28
416 1224
1232 967
340 899
571 912
619 1749
1875 1124
225 1217
1857 1567
538 542
1444 1063
1931 60
1696 833
82 333
1986 707
501 899
458 283
524 980
1905 1135
1174 1048
1793 762
232 571
431 1438
1637 1602
1070 1028
1897 939
445 517
1242 515
1764 494
1680 384
1260 468
554 496
1094 841
401 959
1681 1489
308 1626
1277 1566
1345 1327
102 1035
1993 1358
1545 369
1396 74
83 128
1589 953
1791 430
636 1493
1681 975
677 1438
1856 872
1966 75
1837 334
1886 1692
1350 1781
1811 904
1423 998
1524 318
836 700
1460 1142
451 296
557 1000
1338 248
386 278
1454 1722
683 287
994 1871
540 1158
1755 1376
1948 1019
1255 1477
175 1268
839 1461
1148 1205
1704 834
1323 733
120 1383
1923 26
445 471
541 1236
269 1279
1299 1042
718 436
106 620
1264 1888
1599 479
33 1408
991 47
1683 595
573 1116
1343 828
121 214
1623 652
1203 906
1886 1081
912 549
163 1817
1915 1095
882 82
401 1433
1531 1393
1187 1057
274 1966
26 884
1492 621
1384 436
165 435
1876 1118
1018 1944
473 535
801 1836
1439 44
844 245
1647 1654
1864 1391
660 259
1351 1895
696 1102
715 1775
974 926
1339 1028
1650 1145
1506 197
1814 421
797 1496
767 1059
1147 1229
1390 1924
790 243
911 1347
499 196
544 1878
571 1883
861 1122
1752 281
1130 1355
1547 271
862 1126
61 619
1695 1724
645 953
370 833
100 1827
1189 1862
119 537
1679 1065
1478 659
1346 564
1492 1557
1813 328
1378 1027
135 456
460 1706
526 2
1529 60
526 979
742 885
366 1639
1619 1988
353 1263
277 395
1141 1059
520 290
900 1496
1497 1509
294 1607
1217 976
1534 1149
1990 675
1148 392
1776 1797
1638 1692
1161 1167
1558 631
1116 1322
1865 554
1247 635
1686 230
823 1459
1799 776
1481 1612
1284 512
855 772
1401 205
67 1998
1033 1364
1051 1048
1214 1603
1186 1026
1189 1473
632 1773
1454 1919
883 1389
516 1920
185 1852
1357 1142
1354 1870
1002 750
1853 1926
561 728
1266 338
188 122
543 1520
1628 1402
980 1311
199 431
1404 113
1862 300
117 1995
741 61
1306 701
985 352
1627 1584
1076 1988
1272 1072
733 827
1236 1585
933 139
1978 887
1730 836
1824 65
519 1500
1236 1683
189 1853
1067 1624
1820 346
372 575
789 201
1525 1172
296 438
875 766
1060 676
1606 1736
1873 1001
313 1195
1747 1787
1880 877
1445 805
655 352
1762 1753
1059 18
672 996
60 359
1648 113
1826 1128
538 701
1317 48
1055 656
1628 118
904 1391
1295 1
1350 509
367 982
1593 1541
1504 1800
908 96
207 462
1389 277
1701 1132
1361 1333
639 1755
1450 56
1311 227
243 1707
268 829
1700 1432
1253 1585
976 1637
1500 1428
1115 3
108 746
395 239
746 451
731 553
918 1245
1603 422
287 71
1425 168
187 1754
30 1203
1687 458
1814 328
153 925
439 1658
1098 923
652 226
1051 1012
1610 1373
1395 730
1648 1274
899 740
849 1221
1132 1045
217 432
515 855
1556 273
1125 875
751 349
23 1234
1308 1815
1472 1380
1466 681
1999 385
1689 286
36 1129
503 264
502 597
1375 628
1778 1600
1322 1849
890 911
1939 771
323 198
140 76
311 47
1651 1777
583 1734
17 1803
56 696
528 1278
67 204
814 1052
1681 839
1425 946
790 339
768 270
1205 1
1120 1963
126 1802
532 715
1311 223
401 1918
1344 715
1635 1985
1894 193
1718 909
1451 757
1979 173
838 510
628 1302
67 1875
223 1563
415 6
1074 1371
1235 589
1542 1642
118 1456
1093 1175
133 1901
1024 1863
1105 1702
982 1217
1490 1391
574 971
1353 1059
1881 436
904 84
1824 199
106 1973
580 1738
741 1350
1439 1928
1118 1604
1040 493
33 288
224 911
1236 1377
1691 1439
158 665
340 107
744 132
470 1440
1556 1299
1215 806
946 689
354 57
1036 31
1371 1336
860 500
503 674
1874 1985
1894 493
1523 1860
557 1722
235 548
1130 149
599 251
1824 1103
1181 1237
648 876
748 1892
121 1364
789 354
1290 276
1705 374
1798 849
1894 1180
1652 737
1142 722
505 1569
13 79
222 1251
540 778
86 533
1273 1869
1226 660
505 1859
1015 156
397 41
963 250
1922 1440
787 553
335 743
775 596
948 1599
525 751
394 773
145 509
1382 1702
817 527
36 331
1858 523
1142 651
1607 1644
1133 239
979 1123
928 867
537 1078
1625 70
677 154
325 1414
675 1212
1538 1659
1907 1707
1177 1340
1511 1993
1276 406
671 1186
721 1431
1481 1344
1995 1300
1395 606
543 1417
20 1226
687 322
379 1072
1077 1711
1297 1584
1865 139
388 1873
1261 1666
1038 802
858 1658
673 270
1353 545
725 234
1661 1467
28 798
761 1037
1961 1587
777 1283
1125 9
73 863
1874 605
1965 1337
304 739
1714 655
1275 1920
747 560
548 1909
1390 411
1200 1703
1163 64
415 416
1991 1179
1527 1251
1841 896
333 1892
1236 204
636 1307
134 37
1751 1904
774 1022
1572 420
351 344
471 648
1561 1387
1703 1072
983 942
732 1512
564 1737
609 407
1090 1848
302 1679
1300 1851
218 354
1372 1308
1662 1694
121 1011
1442 406
1981 1921
628 1717
624 1862
262 1361
1630 1946
511 808
1952 43
1251 400
277 121
1246 1828
460 51
71 505
662 1219
384 1817
26 21
285 608
472 1748
740 1404
88 678
449 1430
1781 1921
373 920
957 1311
1599 358
41 1518
1243 1539
1941 1362
1588 623
1975 1427
1694 897
480 86
1988 1114
219 1346
622 1321
1855 634
211 1332
975 1529
126 1428
1244 56
1741 1707
1102 26
615 1487
1779 203
1502 1344
162 65
934 1718
48 1392
899 1099
1975 986
210 560
3 1818
35 11
189 1057
1585 943
1189 268
1685 1833
768 520
1194 825
268 1414
459 1312
103 1574
1654 38
852 1448
685 1409
31 947
1565 1835
1452 670
194 1104
1574 1866
1902 1508
389 551
1783 884
562 843
171 1667
1335 1975
1515 499
738 1652
1151 1154
883 1661
1884 1987
1887 109
796 1561
1530 335
1922 781
1361 1546
1873 1353
668 747
1304 1201
846 948
258 315
45 1477
1400 996
275 1375
1535 168
1404 1841
1942 1002
1732 619
87 175
320 871
1638 1030
328 949
871 1908
714 1402
544 1741
358 1815
246 881
1939 642
547 555
1827 1219
1509 556
1396 775
924 1595
150 1326
1183 437
1383 1800
256 407
1892 195
1337 404
1342 338
169 123
747 1497
1781 1443
148 1283
1325 1065
1392 1025
787 1915
1399 419
642 1214
1237 1575
1711 233
321 1090
1301 157
1405 1455
1805 752
1365 724
1559 560
235 991
307 1433
119 1299
520 1265
1315 466
1539 1068
230 1576
6 792
864 2
552 685
722 799
1634 1254
588 892
635 1321
1531 1961
299 1214
385 450
293 1301
272 130
855 1671
1613 428
740 1003
97 194
1205 1247
1564 1496
1275 1526
275 474
1291 967
1152 1437
1065 1072
271 623
861 98
1756 536
719 828
676 476
1100 1687
1395 1054
1311 918
1724 1624
1219 1863
1475 1530
303 1228
1914 1102
1178 1099
545 120
1766 1494
1532 538
1417 809
1352 1615
1810 1852
1957 769
1147 708
359 1314
184 295
1447 384
579 308
1578 1614
1933 253
637 363
198 1060
1331 1751
840 1282
325 1785
1523 1566
600 1730
920 1538
806 315
117 398
1839 419
1947 987
717 1638
1417 1733
1423 183
1460 249
483 560
252 503
1688 308
963 734
1233 277
1329 911
322 738
247 1240
1741 1621
1980 1626
1803 374
1268 885
1609 1214
212 682
635 1519
913 1983
1270 927
572 43
1188 1155
1357 324
400 1991
1631 407
1049 640
812 1066
136 1622
168 410
1091 867
626 194
1845 1861
118 311
1055 727
348 174
1213 1427
1182 1350
662 93
365 1199
1958 922
1431 1128
284 890
337 926
851 116
1515 49
914 1449
775 928
559 1013
1963 1498
412 1714
549 668
985 599
888 1908
1464 1834
586 1681
717 1751
1844 1373
876 1497
1047 23
1012 1680
1154 1238
1696 1237
96 1099
320 1641
1508 348
699 1020
969 48
105 525
986 248
291 171
1063 1117
572 1161
1130 567
1064 1692
147 80
249 941
865 1342
1707 680
1795 744
1286 136
717 963
659 397
137 325
280 144
1857 551
1023 1541
1980 1542
182 1227
463 1627
1374 1306
149 225
1913 1812
1395 610
128 510
1911 978
1075 117
672 815
518 617
805 1091
981 1107
1900 1028
951 375
740 841
161 1332
121 1084
1640 1602
692 980
616 887
1293 1960
607 729
1352 275
1580 231
56 1609
1797 1792
736 1257
1164 939
249 357
1869 111
1474 98
962 213
1694 703
40 1740
1528 1673
1778 1804
1586 669
80 295
355 565
1713 1147
103 623
1324 51
1860 1918
288 504
1221 977
397 390
381 805
729 1428
857 291
1296 1192
722 531
44 1697
28 1258
787 574
1156 697
83 1544
1037 1415
760 638
45 1180
944 1686
657 207
1204 474
1220 1322
1475 1534
1173 1124
243 1393
1398 1296
1712 1824
1140 416
144 4
45 1573
1525 1270
612 725
846 313
1562 1383
1176 1252
818 1446
415 1062
1439 815
122 1018
547 1702
110 933
1152 1364
1765 817
1561 1002
1832 1652
651 1821
712 1223
1701 479
1488 371
353 174
621 894
1402 1844
1911 765
665 636
1219 1642
1803 1664
602 1544
1440 1626
245 1434
1092 1833
745 1442
20 1733
12 1877
723 1684
66 280
966 1178
245 1933
1266 1832
97 931
1513 1243
482 955
338 222
568 1053
1069 1439
1519 1363
1940 904
1883 343
1517 543
1962 1356
630 517
10 1171
492 1322
1062 1093
185 1635
217 601
82 380
434 1029
1442 650
876 1226
1677 1325
990 1530
993 1220
1638 1792
813 1167
1793 587
389 680
897 425
1194 934
231 1211
860 633
390 1601
425 1958
1437 228
723 430
1858 602
1210 1950
678 1110
1707 1572
654 313
57 566
386 1718
902 1290
1778 1209
906 1646
880 560
1697 653
1240 1461
608 133
792 123
938 1898
933 759
151 626
1083 1180
1751 764
1296 1213
717 938
1971 1033
1585 1533
357 1545
1211 545
360 1574
176 1115
923 307
1271 1720
533 354
1910 1526
581 350
1864 439
751 1006
209 1731
1953 1893
340 320
237 86
414 967
1524 161
411 695
1154 419
152 1142
767 876
1350 638
1412 1089
1704 319
1779 517
687 444
1243 978
498 532
253 682
1670 1750
446 1231
245 333
1000 1593
1140 222
568 911
166 1333
107 1460
1136 1073
1158 43
1848 71
1355 649
1441 936
1299 1284
1777 779
1086 254
704 1955
762 1077
158 1249
1246 1455
1008 861
1697 1193
855 655
1506 70
1880 1784
715 1714
707 1902
1234 106
904 1568
38 1156
1061 166
1280 1564
1992 1497
1164 850
1771 654
1556 715
463 270
1011 1485
1645 1670
1098 838
1538 644
1236 1235
1839 522
280 1876
1210 629
810 1190
609 668
1252 366
239 609
429 5
526 1908
277 296
1356 532
780 474
281 841
724 757
1545 1297
1115 1888
1340 1983
1171 299
1182 375
1977 1850
1779 940
362 48
977 1115
1660 1273
144 1486
1525 919
758 1362
997 1801
528 319
1811 632
1271 1922
233 956
1596 343
1819 1567
1456 1772
1886 1192
1387 1374
798 732
282 64
70 251
144 288
346 1902
1532 27
1910 573
1368 1505
750 1241
1524 1309
568 1371
1087 586
1419 1780
509 777
1073 733
1753 1005
706 1233
1863 993
982 1397
1318 1152
1876 1260
113 329
354 1131
623 1477
1086 1368
963 678
1119 1727
1362 974
787 555
332 552
788 1312
586 998
1057 163
662 211
371 803
1096 1263
857 256
1497 1785
291 1785
65 1876
1912 1240
1360 1356
839 1650
754 1552
1859 204
122 1562
673 1957
1151 1079
555 540
1830 423
1416 1937
1030 1339
234 326
644 271
596 283
1515 985
1711 62
1184 1334
346 1532
1792 1514
113 1653
191 1736
1255 482
369 1147
1740 1305
1453 1793
1756 1007
390 1577
1417 1946
1634 1321
1878 1919
536 868
294 65
557 1315
702 481
1326 1643
1556 1389
300 73
898 1499
1709 1042
108 1537
1742 1400
600 541
1321 971
1124 1301
1456 1916
521 1683
416 461
965 1977
979 557
326 1228
1427 662
1817 1769
1584 381
1759 606
1011 184
1869 471
276 1635
700 1038
1178 593
401 1173
498 1661
386 255
1808 1507
1133 1870
1873 1456
1578 484
1429 480
873 123
1178 1259
119 58
943 600
1938 340
1933 543
362 1062
154 612
1198 388
1994 145
839 1647
1902 547
704 1567
1457 1964
815 1902
712 753
505 1673
880 871
1858 1748
112 203
1062 175
1637 254
1696 216
57 1077
1088 780
966 736
1414 159
875 1383
1125 1556
271 997
1092 1604
1131 322
974 1844
188 769
1853 510
391 234
775 1454
1382 867
468 489
1239 1205
1538 153
1428 336
640 648
781 1872
108 502
684 286
796 679
683 293
108 1380
84 1188
337 1986
110 1291
692 109
1138 828
487 589
97 774
152 1614
67 1011
251 812
459 640
875 428
90 773
1593 446
1761 1972
510 974
1560 183
1121 1151
52 809
541 767
1112 928
1680 615
1115 1882
923 820
818 1546
922 1395
1913 1238
1815 674
1165 1612
318 667
1895 1387
1137 234
1155 1418
324 429
231 501
702 1957
502 543
1207 1065
582 1771
598 755
1101 54
406 1209
609 532
840 1543
540 915
90 788
1417 136
501 1893
566 1622
1527 812
1194 673
1076 42
1132 636
206 1313
1175 1995
719 53
408 1853
1960 1789
1795 1933
893 262
82 1141
801 374
911 1301
921 1202
194 1525
623 1261
717 1292
1229 404
464 629
1153 1050
1823 1061
281 990
112 1954
1604 98
1457 932
251 1390
20 1156
1776 1749
590 881
853 136
142 209
888 1230
963 693
736 986
1620 1963
1740 1260
445 14
1140 830
782 1714
1243 940
425 340
1153 1769
147 1164
1781 911
1499 1077
606 1862
455 1246
1773 539
130 1228
740 916
1431 1607
1603 1507
87 142
1982 753
354 1716
1825 886
447 1644
352 482
695 775
1357 101
209 953
778 107
548 1911
623 628
122 1897
1076 109
1459 217
781 870
305 338
785 1582
1688 20
971 404
1537 1343
4 1142
61 1297
1678 1206
1915 1779
1572 1027
885 572
1783 464
174 1306
80 1608
1021 99
1479 653
932 12
1008 1882
743 407
1122 604
1263 649
909 1923
1126 1258
1530 1857
1621 1199
1079 972
1376 457
458 1979
821 838
1134 1852
547 1451
778 1363
18 267
1436 1269
1826 1023
638 676
1406 1393
836 110
74 1097
250 1657
458 342
387 1305
904 607
1513 388
1399 1402
213 1723
1062 322
841 162
736 60
603 617
1008 1117
971 1579
852 235
782 402
610 1202
895 618
799 1957
1725 1459
1892 1901
1893 1600
1279 1714
56 1348
627 859
84 1482
917 1528
1407 1026
1174 1577
1985 1582
741 801
1607 961
1499 1537
193 1570
452 317
621 483
1890 1533
101 1165
351 1657
566 1602
1850 2
1673 1054
379 260
456 826
666 927
1100 198
746 1115
631 60
1843 1052
1776 553
485 923
765 1750
1616 1775
635 1805
979 1145
934 315
380 1667
499 953
299 1903
224 971
388 1398
1984 1578
1358 726
1189 120
1455 1686
1791 272
1813 660
883 1844
1157 1049
356 909
8 1379
1369 436
665 411
309 655
1176 1078
60 1205
1819 676
1861 251
1996 481
706 1088
1752 248
1434 837
520 31
1676 1306
423 378
914 1932
485 1017
198 1474
429 940
1812 1109
1730 1067
1815 526
166 1307
568 1122
1707 1368
382 1650
727 1393
509 1169
368 577
1765 1929
1437 1699
12 53
427 957
60 1670
1670 1060
1799 1783
635 1461
740 1613
231 1705
1114 618
937 1125
947 1291
1877 1239
1354 1242
1100 588
420 172
978 88
858 900
227 1516
1671 1642
1539 1547
448 1781
794 1323
1601 1918
1985 1935
159 1296
129 774
1758 1041
1707 1108
1914 1730
1075 1735
560 1604
101 929
1972 1359
406 653
1036 1793
1281 267
760 280
114 1810
1630 1829
491 1858
1648 1392
916 340
1957 334
1062 126
1767 1545
248 980
117 1934
1695 1021
394 1411
1838 1259
993 174
1629 761
1267 1145
905 1586
1597 130
1898 903
628 1311
1220 1580
634 1371
23 618
1402 1102
872 1954
753 569
1411 272
906 1046
448 490
1393 267
1950 946
1993 1749
1228 95
1548 1553
1286 1167
277 951
1752 1304
1258 834
1726 1005
1591 1217
259 275
1841 1172
213 1111
1977 344
125 597
1223 348
1802 650
690 466
1011 1977
1039 29
274 1062
1826 506
970 1790
455 656
1811 583
532 498
1213 488
47 748
76 1671
746 1263
1680 1822
1291 1643
591 368
892 1611
334 406
1622 1533
1340 74
1315 11
952 1712
1790 878
786 1865
1914 1285
1661 337
1550 1576
434 1643
1944 1719
280 1693
1708 13
843 1209
371 1944
1300 1205
305 1642
1753 1584
1008 1661
717 1430
383 1646
551 824
1016 1017
62 298
101 1203
1558 1358
1377 1128
1010 1694
107 40
665 141
594 1907
1552 1382
1066 234
1897 352
1809 1046
1813 435
1797 1984
83 1323
1182 1831
1190 781
587 10
888 932
782 240
678 1272
558 737
121 272
945 1863
1502 1273
1095 1386
315 1174
663 1955
432 365
1717 77
1023 1399
22 1521
239 92
554 1025
1263 758
487 798
591 50
100 1176
492 1125
1006 662
292 967
1187 614
954 1567
453 1478
1527 506
1453 1460
684 1692
528 263
191 1630
1573 1230
881 306
640 457
1970 1058
1333 1689
1746 770
598 1068
439 1376
1556 767
480 246
1009 1094
314 725
1643 550
644 1553
961 1820
919 383
58 1205
130 1954
1138 954
1789 966
1650 931
375 1928
345 814
1504 587
1840 201
771 1539
621 1991
798 1447
245 1767
464 946
572 1213
241 1932
162 1152
58 1202
1201 1033
1900 1135
28 1648
1444 1113
765 402
911 447
700 1
460 130
1257 4
144 309
183 109
1106 154
606 487
1500 913
382 1003
1302 771
1083 1874
1687 289
1620 147
259 1863
1199 1557
284 256
447 1477
14 1734
1871 595
388 1654
638 80
1159 1645
1570 479
1110 797
1339 950
522 1390
284 802
817 1280
356 1729
118 1174
1287 1767
1065 40
1481 162
627 1844
616 1375
910 1926
1886 1570
1342 352
255 705
264 1456
911 1808
567 1664
439 878
1907 179
999 778
1464 740
719 1482
955 1866
39 1565
1950 1557
1872 806
1222 1469
398 1963
768 1937
1598 1978
208 879
650 1731
576 1057
32 195
1276 35
1512 714
1435 450
1121 1305
1818 188
842 1109
1997 626
1685 1734
1571 1253
362 226
590 362
1778 1255
870 1305
347 905
528 654
1974 1154
412 1402
875 1643
222 425
699 1818
1772 1134
464 1202
704 1943
1211 577
565 1888
314 1321
1823 1810
432 188
333 219
304 1755
1790 904
1046 437
1498 160
865 1404
1125 1920
932 61
699 863
124 724
455 1082
1447 953
1916 1497
784 1267
332 760
860 1545
243 1901
80 1266
752 1478
925 63
590 209
47 1140
1800 1175
1240 443
524 1737
1271 726
906 1479
875 60
378 1161
793 771
1116 799
1453 1557
1633 1664
837 1356
1861 1807
677 1576
1485 127
72 1014
414 80
1004 1806
768 934
1596 962
1499 1174
1134 776
1195 1232
1105 1603
105 1032
1082 1925
94 843
118 1506
1645 33
1054 743
1454 88
1423 141
1167 1159
1151 122
1583 1246
1691 1849
1551 1326
248 323
1249 1328
341 37
391 605
874 2
1321 1332
1053 1300
1409 1984
1685 395
105 784
314 411
1890 1920
1165 425
1505 1666
1754 1582
296 731
618 1321
201 1615
1491 1835
1594 1637
1051 1973
1827 76
1145 67
1956 1220
1732 1934
1533 1454
1197 984
1752 1187
1 1157
1679 406
1858 1028
29 1402
809 1326
1661 1936
225 716
1316 320
397 1585
60 1122
1239 1267
1210 1544
321 205
1296 1636
1086 967
1356 1807
1257 1163
1402 1866
299 1934
1235 1117
324 1369
163 797
1600 1856
847 840
32 776
1043 781
115 673
272 374
913 268
1544 1700
321 1635
400 124
1057 631
1770 374
1838 294
48 1636
1575 143
601 1487
1062 835
1489 37
1936 531
240 360
276 802
950 1307
554 456
723 1178
1662 1352
1804 1766
1245 179
730 1144
1802 1066
486 443
429 1039
1070 1124
1516 1914
36 1707
963 1014
1644 216
325 1493
541 548
1036 1157
641 653
1813 1573
328 818
872 1216
807 10
1986 1543
1699 1405
1095 1411
462 1723
1419 527
782 495
8 254
656 93
1612 1316
37 1437
1140 107
1550 56
1344 161
729 862
1079 1779
1323 1885
1804 1517
1307 500
281 206
1235 139
85 1338
1871 563
1560 180
1915 1477
1188 1597
1002 900
674 1783
1737 1285
818 1832
941 1643
36 1228
434 1875
1233 320
1125 1484
841 188
879 1104
502 1052
629 1880
1702 802
1478 1300
1144 833
1086 1852
368 508
175 815
1506 747
1667 794
101 969
794 1588
1792 1447
952 530
792 497
867 1489
882 681
1926 722
70 1281
1798 1009
1607 1961
1488 904
997 1137
852 81
681 413
1982 355
1435 1519
1631 1517
25 17
1084 520
701 81
907 1240
1645 501
507 185
665 1094
1651 550
1241 1170
673 314
839 726
476 1312
1198 1898
1493 1157
981 733
1836 1059
776 637
750 1976
1661 1864
1194 1967
1702 1730
1508 398
1012 1446
500 1837
1873 509
433 1509
47 90
972 1844
975 586
1403 922
1946 49
1934 402
523 1869
789 316
1793 635
1481 1308
1469 301
901 226
1894 329
820 781
1496 631
707 365
1194 1968
1228 1479
1446 1190
969 855
15 813
328 1514
560 465
744 1398
432 1381
115 1879
1050 1697
1042 985
1779 929
446 1918
886 1340
1050 1248
1171 1897
966 196
260 1841
297 1349
1802 633
120 1728
993 821
1954 1674
939 1263
617 343
264 1
1100 410
103 1400
1318 435
874 1925
1941 497
1786 1920
1058 1126
1742 4
27 1091
533 6
1396 810
1395 189
771 1743
702 301
928 373
729 1029
926 307
1954 699
16 542
1573 1664
1438 857
753 25
1218 1336
820 336
635 1798
318 627
1321 1185
1918 1801
1208 1884
1364 169
139 377
1614 669
1405 250
379 138
1119 224
1623 1370
1183 37
1625 1833
710 1201
12 1987
1944 1621
72 1566
1858 1354
1372 301
356 1918
608 416
585 1522
72 1691
1419 1133
1162 1508
1024 17
1266 480
1482 1034
770 310
1010 294
1136 230
1523 772
791 753
54 1240
216 1809
1914 861
1850 1268
1584 1338
253 756
170 1060
1235 570
1742 103
1960 188
1378 1282
570 596
501 588
744 1629
1614 1657
743 221
1224 1703
791 536
1746 1469
151 784
609 849
852 1914
1020 1814
998 1353
439 1989
468 397
1427 278
766 665
1355 1794
1105 1941
1756 1788
253 1186
753 1192
1347 1240
976 1949
920 1783
55 610
1628 207
1901 1505
1590 814
702 1390
947 754
988 238
1661 1564
566 924
1612 626
1747 487
879 74
380 1433
632 1161
1708 1574
941 1800
1290 1125
342 1803
1125 179
133 1382
1522 1783
732 46
1869 787
363 456
293 6
1069 1175
810 1059
14 1357
1564 717
1313 765
1519 218
447 1422
855 596
152 178
1251 1732
1033 923
1024 427
1834 799
58 1178
739 551
1575 75
1275 786
909 109
96 691
1301 1122
1779 1572
957 789
845 200
472 820
1977 33
772 1386
1039 1806
302 205
1747 1551
1881 240
1409 1606
1850 422
1990 527
1467 1781
8 1961
845 1357
1996 633
1135 1535
1876 316
1606 882
977 93
1154 1373
1457 977
1127 1728
4 1221
1031 763
1354 1540
860 452
761 1584
586 1412
1535 261
847 415
257 1674
325 1148
1672 1918
1675 1601
935 1670
1046 604
555 257
186 820
1804 1653
1282 122
1124 639
1243 1916
1728 1063
1693 487
92 1204
281 939
515 906
1610 468
476 612
1276 1439
1569 1992
1518 1032
1779 612
1481 301
402 1795
1955 1341
1968 1037
534 936
1750 1202
139 1595
1342 1757
1518 1143
551 91
551 65
1004 1807
527 102
534 1437
1365 76
96 949
1308 1989
1993 1337
1579 151
368 1009
167 621
1153 1519
408 1099
1708 1716
567 729
1760 25
1099 1886
1116 1425
1913 504
1212 843
1303 678
106 1034
1854 1080
1017 699
649 829
154 1866
1048 987
1425 1350
835 248
1940 267
1618 510
1852 667
310 465
1464 114
525 1972
1666 1007
1071 71
860 890
1343 1349
1357 1238
281 654
204 1571
293 1152
689 1105
1894 1772
1526 480
730 1609
1615 523
934 1194
1074 1479
1964 17
1398 1022
923 938
1946 841
655 145
1823 1568
66 477
1290 876
666 1490
1485 322
1410 1688
946 211
429 1136
1778 1379
1802 1138
1364 1953
1113 183
156 326
143 1816
1704 1863
1810 1933
707 677
572 1635
55 668
1788 1647
1891 982
1760 1011
1012 1676
1122 1255
1922 617
1111 1763
1592 1209
795 1570
1191 1209
1024 493
59 993
93 1049
752 351
1610 268
1435 52
1666 1762
1455 1953
414 292
1437 1990
1124 1459
1451 1982
1706 778
907 591
139 51
1918 853
736 1087
17 26
973 1568
1827 1494
948 1802
1440 1130
471 1857
604 1435
1970 1777
1753 1238
1320 314
321 1627
158 1470
428 972
1230 1963
52 1275
1716 1178
1430 1309
1595 1360
757 547
1825 1298
267 1632
569 17
492 14
899 1118
1701 569
146 574
1199 1556
459 1941
1046 326
301 7
274 1497
169 192
1296 1369
997 1813
450 1138
845 969
1428 1645
852 911
1648 689
194 1893
545 1460
1800 1713
1425 1403
358 1482
1102 1410
1886 930
1955 37
1343 1046
317 881
223 104
797 481
753 1774
243 1004
1593 114
232 452
1484 706
1255 1488
124 134
1401 278
893 1331
1507 1954
1083 1981
1730 1601
735 1611
479 1152
578 655
1639 1244
597 1038
50 1772
239 1410
1053 244
1488 1177
1109 41
1319 156
129 393
1203 1549
1181 136
384 1652
853 1495
1108 1341
1786 529
1434 1994
1129 605
1136 1956
1156 1986
329 1038
136 840
648 986
1814 47
1266 726
95 542
383 1984
1268 202
558 285
193 1189
1760 1674
1292 634
103 1588
123 1653
1935 554
1072 1740
658 1997
1996 833
1701 851
1887 207
555 89
1860 1569
722 1387
1741 852
907 1565
693 1504
128 1950
1364 252
1465 964
719 331
1444 1249
1505 943
1060 438
1855 115
858 616
179 716
1369 1460
911 639
1426 320
1893 983
443 1500
1272 1960
162 631
997 1143
814 110
1062 1340
1074 163
1847 381
1020 85
842 1149
299 1889
1681 302
1871 1518
1677 789
464 1088
1335 906
1767 1282
168 780
928 531
1053 738
43 332
535 1598
786 1698
278 495
347 262
1617 463
744 1802
1431 1426
1700 1983
1910 1670
1197 1912
536 376
1733 1607
1899 1546
1564 544
303 1898
491 1250
40 366
1465 348
1797 876
1687 1413
60 179
1957 816
107 980
1690 704
1204 131
984 274
1559 1935
971 975
373 902
1652 494
412 1067
1863 1351
1471 1787
1728 1269
1779 684
1988 1074
199 636
287 114
1402 484
1418 788
95 1866
774 1399
1737 1224
1929 1285
1316 932
1916 826
1987 847
1565 965
1632 128
1705 10
467 1476
1273 1833
1681 1179
667 974
1937 2
404 371
484 1033
1135 750
1110 1664
1819 969
300 373
324 317
1295 928
558 658
1389 843
1871 588
520 1156
1291 1611
88 160
354 1224
1078 491
1755 620
1503 100
1274 680
1971 1145
1515 68
122 1601
1441 1231
1331 1173
777 1789
1468 75
1100 32
1042 580
730 314
107 785
1173 408
761 1610
1682 1246
1646 870
1437 157
1825 1042
622 1246
1844 920
1201 1126
216 677
1057 586
624 634
29 1580
1567 1328
1680 1467
1890 833
295 365
1836 1064
527 270
48 579
438 728
1636 135
1854 1557
1757 1811
77 1462
1066 1204
1835 1053
85 1339
523 1173
163 574
591 459
1137 667
1834 1972
655 146
84 953
840 1116
458 477
1269 45
1278 1943
737 837
1558 1605
198 651
1186 1344
499 1465
778 761
1479 1103
1614 149
227 947
1262 713
816 1267
1618 645
1553 1665
1840 280
382 1970
865 657
1489 410
179 845
463 735
1200 1144
1615 1287
1350 959
1989 1419
1054 732
486 932
1915 643
814 525
31 1296
1917 888
668 1077
341 867
433 1435
1270 1781
322 144
321 974
1114 443
825 889
1774 648
220 1132
1528 88
1592 104
1677 1395
315 1116
779 160
1817 169
851 1016
559 504
1743 600
561 1484
471 1553
661 1038
1262 305
1925 852
1241 1983
1050 934
512 1550
393 1337
789 1316
1329 1701
1696 1232
838 1966
1631 280
393 658
755 1983
1186 300
753 1070
636 318
1162 203
598 1092
1563 1860
1416 451
1664 1712
364 360
380 1278
582 1144
1145 1831
1855 1783
1529 114
1792 1479
285 877
1611 773
475 1839
1090 1656
1949 340
297 65
364 1829
1907 1513
569 939
691 1819
1063 1826
1601 111
1633 587
565 1480
1610 706
692 539
1733 1813
1693 1283
345 1625
1738 497
1338 182
1733 1484
1372 744
497 713
1961 1001
896 336
1405 214
950 656
436 662
418 709
1383 627
979 177
505 789
1401 1775
1540 326
1386 187
1858 540
194 541
1200 1564
277 1765
544 1950
361 1683
1096 1009
443 668
1950 621
1263 1228
1248 704
307 806
1432 682
39 1631
572 839
1285 800
1520 851
918 884
1129 1869
715 1705
184 1571
623 177
1770 1282
770 1
306 1457
1210 737
1812 1807
358 920
1393 1858
1384 1939
25 1221
1644 1905
1915 1625
1154 1300
1976 766
994 6
1219 1545
678 1354
1374 1830
1673 775
1953 196
91 338
1970 641
338 504
402 1438
383 806
1038 449
812 1803
1460 626
576 1397
1297 1073
534 1589
629 1799
799 108
619 1427
490 1314
333 1299
488 65
1222 1603
695 1684
863 310
1797 323
115 858
1507 564
1012 1843
1758 1799
672 1334
1154 1288
1238 118
1907 1129
351 1456
720 92
531 290
526 1719
1853 289
426 1805
623 627
1825 483
1836 1095
1129 645
980 513
1535 36
1801 1539
580 1808
718 687
330 1750
1070 145
1904 364
1123 1288
1406 1467
1607 1207
1985 446
981 1326
1272 122
1362 1275
378 352
380 1159
1855 1313
526 1912
991 615
1955 1344
1072 1546
448 1008
1614 1947
527 1331
1950 1709
1339 690
223 923
247 1464
1329 815
1035 1349
1944 1280
310 1921
961 1432
1859 835
803 1145
1379 1636
246 396
1510 321
8 541
1069 1608
662 1889
1867 1202
1641 715
1522 1981
85 1413
1326 1246
1754 441
1126 160
902 279
1481 281
1002 3
1649 205
1510 1470
377 58
1862 891
813 279
913 1649
493 564
968 1378
604 1491
194 263
164 1290
1566 1952
1038 1334
1222 1114
1937 1389
1664 845
902 478
1677 1106
252 1831
1875 1011
1882 304
1253 1772
742 17
1070 93
86 554
702 477
1022 1944
641 798
976 961
75 1124
1689 1938
232 1918
882 662
1809 1947
296 473
726 878
610 1724
1782 726
1876 886
1132 9
1749 903
1750 1806
1440 1986
12 980
1582 931
1408 668
1351 216
697 1783
1784 1813
655 429
1557 1921
1521 1629
1438 1925
76 939
572 1977
1167 420
1382 1482
1866 1833
1810 289
543 435
968 570
1174 1309
1904 1836
1443 11
1586 853
1857 222
764 1540
524 375
839 1034
1810 956
1425 534
348 726
1263 140
1854 1668
1058 36
1291 203
1389 794
1447 1384
224 759
462 1353
645 824
455 1129
1591 927
1986 966
638 384
1794 153
1165 1018
271 1700
1256 308
1536 1923
492 894
1723 1257
1699 278
1470 1631
134 1190
442 921
1574 940
380 1809
868 574
1977 1644
92 142
1302 137
998 1660
1862 342
1999 1220
1783 1254
429 1548
546 1004
873 588
1374 1319
1616 826
316 866
1619 1401
1418 270
552 910
1094 1316
1315 1062
473 602
1005 1146
670 1191
1329 683
44 1892
1947 1882
760 270
1742 738
438 875
1933 1096
851 1365
473 715
1249 573
725 837
1725 1481
765 1349
906 266
1425 216
1610 1491
563 16
1812 1508
235 1948
1121 1575
1612 884
1088 1711
1392 1250
271 1012
744 646
178 1027
498 363
397 434
980 1748
1048 359
483 1529
1908 261
15 1233
1614 1364
654 937
1240 1876
650 722
429 1466
1808 34
1503 1442
153 884
973 731
433 1348
1242 404
494 631
799 1977
203 974
746 139
1780 1288
43 1077
143 943
1848 307
660 1336
959 1819
1318 1066
271 251
233 933
1012 1928
1440 1861
719 158
310 1877
1966 53
1373 907
218 264
527 76
121 1565
867 1138
1370 177
1514 1549
1307 1788
1662 1908
1992 71
1356 1338
721 1664
1733 326
1559 724
262 570
482 1754
157 307
16 630
919 532
1824 1375
1485 208
1915 1633
304 678
572 1414
1882 689
1650 876
614 1477
1048 1610
497 302
122 45
1978 917
1314 16
738 1970
876 233
1719 257
580 398
70 1042
1510 1304
1466 1762
1150 403
104 141
1016 1853
483 1472
633 1359
1242 1617
901 369
742 454
1023 1586
148 322
947 990
1947 403
1475 1540
1621 1279
520 1266
1814 1763
588 1754
1568 1978
528 665
1785 1702
1795 1198
1361 1042
1502 208
495 1963
135 865
1010 650
1034 1868
748 952
1981 477
1335 507
268 1731
180 404
1206 753
530 887
924 586
1669 468
304 360
70 1871
695 1118
440 1022
1669 1072
1576 917
1168 1102
27 1159
1349 892
959 703
166 1416
150 72
356 1858
1898 113
1025 942
1683 1125
323 1395
1811 536
211 1034
200 237
455 124
795 942
1083 489
365 148
375 107
1103 17
1059 928
165 1509
878 1001
1697 1397
742 338
1762 316
1033 1617
753 833
1074 1477
1358 1249
122 648
404 135
1778 1816
1685 482
1311 363
1040 1804
1642 839
1015 821
1188 1739
148 1375
1486 48
163 227
1017 1088
1390 441
1327 1811
1732 1469
1773 767
829 1036
1513 333
486 1330
766 388
847 802
1953 599
369 1484
213 1927
1268 1837
1619 60
647 510
1883 1158
1587 273
1635 1067
893 1519
1909 359
1944 236
1781 249
1152 1695
996 1445
1801 974
101 1967
1053 168
1339 1082
1302 1164
830 109
713 500
1859 387
638 243
1660 435
1079 1965
500 869
642 1076
653 287
1823 1100
953 1156
1175 1062
669 1483
1678 1990
371 337
417 746
130 1759
441 889
1684 817
1910 71
1695 1013
885 1669
1242 812
1440 1527
379 450
1754 1878
1184 1500
574 758
522 1074
375 399
1491 288
1747 1224
270 625
771 1470
98 1940
1946 271
839 384
1050 1046
1805 901
1742 1932
1182 223
677 1337
646 1783
1039 169
764 1392
1837 1280
1581 652
1243 322
1354 647
1448 1843
779 317
291 1497
277 672
767 1663
1948 104
1814 73
1442 1756
655 1901
931 736
779 418
258 1909
989 1051
1547 785
89 665
1112 1430
1954 1973
1820 1929
1526 1024
141 760
1743 550
188 1979
1428 833
499 365
1069 451
1072 449
1884 501
818 933
400 733
1428 69
1529 824
141 247
79 1283
1859 513
1066 1158
218 671
696 1374
1838 136
996 1203
594 276
1705 193
1940 1389
1027 884
1032 28
507 949
60 852
1431 882
1957 194
630 759
538 1261
559 1969
1957 1300
1428 987
1435 784
919 425
724 1179
1826 860
330 1080
621 704
596 1352
290 217
335 1203
1889 1985
1723 620
1732 505
370 767
68 444
96 413
1657 223
753 633
194 1948
1202 679
2 1356
346 36
600 1403
1131 1269
232 1751
1128 516
1131 763
1307 392
995 1396
538 462
1941 653
0 1862
1414 1336
1990 937
177 103
527 234
1884 619
1515 904
837 1000
484 610
91 1711
210 838
574 1175
774 414
796 74
1607 1714
932 1760
1775 1885
282 1802
1276 210
905 777
739 1667
14 1994
656 1552
863 251
812 1178
1571 642
902 981
1913 1526
1817 409
1497 1287
1027 1807
1509 1965
1191 1849
377 896
1694 98
1907 1705
215 795
1934 1470
809 66
372 238
1663 726
668 1814
512 66
1524 982
1055 1309
570 823
1464 1328
1521 709
238 1599
1615 1950
625 1810
910 1520
663 387
1632 860
756 1456
167 1218
1780 1443
1711 1303
1983 1122
1844 1909
612 976
65 753
883 1748
1398 1738
151 404
22 833
156 640
1387 712
120 1434
788 1170
1031 1119
1928 371
1846 793
415 1710
1903 169
524 665
347 984
1096 744
1510 315
924 911
1905 1900
1539 1305
897 191
312 1365
1127 88
726 738
1441 1906
1606 367
241 1455
649 734
480 52
951 1309
880 1431
1206 1973
653 283
79 784
281 446
1871 1116
950 1928
1025 600
831 257
1245 1563
1418 110
597 394
762 96
49 977
1454 871
1425 1205
61 1793
357 106
1630 1763
360 393
1526 636
1711 190
1531 1844
1674 907
140 1441
1591 1331
1776 1484
1686 24
366 1746
1537 1479
414 1775
599 1370
205 613
1788 1886
47 1574
510 1574
1754 1480
1011 1669
1223 846
1933 1919
1406 115
326 1193
1710 872
580 1557
193 1795
647 1266
468 1288
252 1558
1927 205
1347 1563
555 1940
850 1380
996 1398
556 409
1893 1861
1927 1327
499 377
1417 1043
1626 1662
943 1967
1011 572
364 1344
1867 703
385 170
510 1402
793 1592
1411 194
1572 729
952 1052
1362 1316
630 824
792 1350
1732 1672
691 976
1068 122
1759 941
174 1587
252 1693
1086 122
642 1690
893 1811
1009 1892
576 1049
589 18
242 1710
633 426
1762 1679
261 176
1966 957
1316 181
1573 737
569 61
1726 487
426 154
1854 103
1005 657
1197 1307
691 696
489 1667
1415 283
1405 1881
1931 751
1675 13
271 1100
1114 1372
1544 1343
1290 1574
1243 481
718 69
135 1544
11 903
1529 1765
434 690
1474 1482
1437 1417
1589 1660
415 916
741 732
1426 590
13 730
674 628
654 638
500 1291
1477 1896
1532 494
1296 1370
800 483
1050 596
1061 106
608 1847
666 93
1289 710
1122 775
1999 790
397 1879
383 1754
1657 375
904 1263
1126 1825
1182 308
838 1144
1612 132
173 708
1729 1543
934 1732
426 1910
340 1173
1702 1042
1427 268
551 543
1292 1192
1113 1887
432 116
1750 1764
1413 328
397 1632
1917 1616
883 2
1115 1855
307 1095
1481 1908
1525 496
907 1654
1662 995
1019 381
947 1905
1849 237
1467 161
925 1603
520 1929
979 182
1062 1366
767 284
1700 1614
1418 1150
1068 1678
1740 660
725 502
1812 334
1427 1596
1968 1395
296 223
802 44
1882 15
1334 1769
990 1480
1368 692
1253 234
2 338
816 1233
942 767
1724 1656
26 90
1753 575
1650 1262
708 657
1528 1056
613 1387
54 1443
568 276
1542 1588
189 613
442 216
1688 1585
363 152
1059 1389
1727 314
1152 1996
1380 1030
1852 648
1213 787
909 1550
694 477
803 1911
1105 100
1672 1183
1492 1613
165 1025
634 1078
1077 987
673 34
1352 1539
1180 1775
943 50
1843 111
361 1989
1926 1541
772 1112
1619 1692
1129 1147
697 997
1995 810
377 1526
151 44
1049 1282
1492 1467
32 510
1000 1709
1121 350
296 386
601 1180
1133 1418
73 39
1301 1205
1098 1195
190 825
1622 1655
1815 1339
615 645
1343 933
631 1989
1994 21
346 1221
1522 1656
1901 763
1813 1553
1748 1252
979 1394
548 1075
519 1921
530 1910
31 89
313 1517
1955 738
793 1779
858 1640
1066 1085
119 934
786 570
1164 1983
1677 1811
799 941
1420 481
779 1356
1984 62
613 285
1293 584
841 1957
1329 344
157 1798
1927 18
1965 707
1791 1040
327 1844
772 153
1831 1915
470 153
358 1846
33 1320
1975 1024
484 594
993 1384
362 476
451 280
854 798
261 208
1821 523
1094 1465
646 834
1853 104
1105 366
605 1250
1234 1052
67 783
32 145
791 751
1562 1162
503 108
822 1782
1902 1886
1197 1586
443 1073
38 67
587 53
823 66
1463 1908
1550 872
227 982
1409 31
200 467
1908 1107
1002 981
999 1945
428 811
1033 438
288 356
1872 841
785 583
496 1865
1333 307
1934 89
55 150
1111 1194
597 116
701 654
1544 802
1390 200
819 821
23 638
1268 1217
821 543
74 467
893 1962
1735 1123
1506 1592
1200 181
236 1846
926 189
1879 247
651 459
1419 246
282 1713
1883 947
1661 60
26 1612
726 1843
1905 14
403 1949
1220 589
780 1473
1472 77
121 666
825 346
226 1178
1132 669
545 1645
1070 242
709 1973
1791 512
110 948
1188 1489
425 1252
259 1050
48 1287
1540 1531
109 539
1970 1852
861 1432
478 1788
779 1483
1864 1654
1222 545
1446 493
1774 1978
931 465
816 621
489 16
1644 1265
392 1280
1458 462
108 1875
564 1666
134 349
836 1655
1267 19
565 1274
635 1584
1005 1302
1307 515
645 60
446 703
1142 1216
1300 1633
246 1446
1855 1286
158 1131
1021 1023
1017 1242
1417 1851
393 1458
762 1171
1205 670
39 866
660 1275
1244 649
660 1259
1415 550
965 1802
1380 1625
1794 824
1945 1336
39 812
1136 1552
1022 1114
790 177
425 1849
1190 1348
1575 1176
617 1924
1389 464
1424 544
928 1228
681 1632
1525 1090
1068 481
1737 922
1278 1378
1487 1559
143 409
621 945
669 994
1138 1290
995 748
893 711
1407 716
1410 1489
1943 1548
755 1326
1946 1938
465 1457
272 1046
160 337
172 1966
265 1812
444 570
880 1435
1277 1790
1305 1481
611 253
1866 491
700 1156
557 1112
1649 1147
325 450
1015 1642
1494 390
933 502
267 461
501 1007
426 1502
1551 1033
1785 1630
616 932
290 119
501 1657
416 128
574 1615
1121 468
1991 1978
1086 961
398 645
1515 842
441 905
1615 863
1265 1462
1606 605
1299 253
1029 569
697 487
719 1924
1912 196
1148 1412
81 1901
713 135
1970 762
1459 1185
938 1003
834 215
932 940
564 1901
1260 813
28 311
1089 1444
1749 1596
1255 444
638 1115
265 1384
1195 270
1422 935
1386 1028
614 985
1380 223
758 1034
890 437
1916 1135
163 683
515 1811
244 1689
1719 1284
1689 115
324 1293
702 1855
1501 1433
491 1079
1421 1308
454 770
77 1783
279 1536
1270 704
304 1998
1997 997
167 1394
1734 1498
1827 81
636 1262
1666 1282
539 973
171 66
1414 947
1045 716
219 1811
547 1181
812 1142
1336 1586
884 501
1608 162
601 1504
769 1064
1150 1076
1993 1574
990 480
1507 910
903 49
1094 1133
99 1495
1068 1078
780 582
351 198
164 1716
731 44
1021 520
1 1910
467 208
651 1976
1510 1999
527 235
913 1476
1406 1160
1261 1832
527 297
1403 1046
483 919
1948 819
585 1467
1444 1829
1861 678
1131 1680
793 894
138 516
625 539
966 1574
1745 1034
117 1215
1223 1838
914 1189
471 1658
1786 1169
1499 1405
1769 1123
1518 159
1214 1790
57 1161
1155 1983
1774 1456
1264 1640
916 1217
780 1567
197 1765
1302 1974
449 1441
764 774
1626 628
1460 459
1938 1200
1568 1332
572 565
759 1154
1652 1321
636 681
1512 1182
1282 939
1519 8
1988 857
173 1099
982 1873
1925 1011
198 1806
195 1339
1652 486
716 1421
979 10
1948 849
1240 962
1209 1242
1018 47
1310 1790
1373 1438
1123 387
884 253
1063 648
1153 1838
27 367
1880 1077
828 563
1008 1632
269 328
414 1950
563 1409
1768 1484
578 1742
1434 965
894 1281
634 265
1597 668
1262 5
309 118
82 385
1504 1893
1123 1054
1640 1912
930 143
508 1248
1747 470
1620 1532
874 481
805 445
1619 1597
1968 1181
320 661
1659 846
1615 1759
642 1659
1284 1486
1500 1757
1585 1086
1329 1514
880 1434
255 1297
431 1249
1577 885
1272 1829
1331 1612
376 274
583 605
1704 1812
580 119
293 581
1030 629
115 874
1974 1874
807 846
1898 165
240 376
1773 204
6 34
1575 1100
1124 735
1636 517
1924 1428
866 1652
922 1987
1909 1195
1036 1774
1726 105
818 1572
195 1299
1141 233
767 1086
1412 1019
769 1239
612 1096
607 536
1532 1380
1322 223
666 332
1438 1565
1085 1701
403 1503
1999 1754
327 1400
884 1928
1808 878
1627 375
1098 796
1140 1002
638 1372
703 1468
615 614
342 533
761 1878
1224 535
1631 1394
1256 1544
1627 1971
347 918
1992 887
182 1195
1621 1625
1382 1555
351 1427
1509 1125
220 1641
1874 1772
206 705
1658 1448
1418 1562
1058 851
1238 795
851 451
376 404
1608 573
1558 502
1994 1122
614 1127
653 851
1224 152
1764 1357
83 509
78 1679
1748 1876
1146 913
1633 1311
84 577
981 568
855 1815
1700 1247
1694 1038
436 92
469 1309
78 640
1232 25
995 11
1903 559
1063 183
1134 1010
873 1715
1103 963
1162 1689
1479 1307
880 230
816 948
229 4
489 1141
1033 450
817 1046
1759 1785
555 541
1680 1949
944 1367
1442 1858
1128 351
1382 81
357 1319
110 421
1607 231
1222 948
977 1905
1954 1289
238 1895
736 248
1134 1946
633 1895
51 349
1198 1780
1284 1944
224 1320
1625 441
1390 829
10 1938
191 1669
1717 491
160 1747
221 1375
684 871
279 590
1356 88
539 59
1258 1574
125 573
1760 684
693 983
1391 1112
1468 949
1819 533
1290 213
917 1082
286 550
1992 1880
1310 1908
355 668
935 1177
567 203
1302 739
1021 717
413 601
1696 17
923 558
1783 552
524 609
1468 1370
1704 879
1822 787
198 532
1379 1853
1260 665
624 1667
697 953
6 720
1016 31
489 110
1928 1889
1855 157
1981 924
1133 1805
1964 1938
724 602
414 966
248 1815
1392 848
395 448
263 1361
1485 1958
596 589
1194 1338
441 799
132 921
1219 1583
1867 1038
532 1643
1397 762
786 1539
1589 1888
177 510
1090 216
1740 476
912 1937
1948 1900
1657 659
753 408
442 850
1884 220
690 705
1275 387
650 1365
343 1527
1288 488
243 1620
839 802
1986 1148
469 1516
987 104
1360 1336
1617 1222
1939 1415
985 438
1722 1529
749 243
1717 1543
1706 830
1729 1629
1774 375
1244 1636
1396 1110
1080 107
81 1125
1263 1177
316 249
694 228
495 1991
1914 547
977 1962
1717 1077
1122 1886
262 762
1972 1992
1113 1368
1699 997
1493 32
1965 1038
1564 1333
1204 843
1661 390
1284 1592
1869 993
691 181
1138 645
1348 1656
1242 1062
1056 1484
256 1147
1872 6
198 1299
859 1171
1393 1040
165 1644
432 1966
1472 181
13 625
180 1082
886 10
1091 441
908 1254
1010 554
1118 1742
1341 62
864 1493
492 1174
1433 305
1684 6
1728 786
1342 1429
1394 1365
790 231
1010 1549
1595 1151
1177 934
93 215
739 829
1031 416
468 402
443 532
1151 396
235 48
1184 171
893 1617
1076 381
1553 47
488 638
590 1398
666 1219
1650 1999
1191 445
1612 1135
1127 1084
342 769
1662 1322
1230 864
350 380
1462 1469
1359 761
1421 1948
64 779
203 1939
1728 787
1385 165
1294 1937
1702 42
1965 1195
402 1524
1628 726
710 1226
1644 307
1587 1435
199 1522
650 1682
73 1589
979 1939
159 1541
1787 1643
193 1090
366 1527
1327 328
521 1170
1041 43
86 251
1929 1583
360 1699
1067 1263
1555 533
967 1127
1669 1954
60 1843
1532 265
1144 970
1261 645
853 1093
1012 796
1559 812
1198 565
1353 547
277 1183
676 814
1074 1002
1430 726
1161 1945
1424 250
1268 849
921 5
1109 1605
708 1889
777 1027
1692 134
670 343
1123 1593
164 1404
1788 1812
74 1547
1747 323
1669 1466
1716 1211
615 787
172 1265
1201 452
675 372
1586 1833
879 267
1669 1727
1511 635
228 565
345 336
821 710
449 378
61 1488
1240 757
80 381
1606 1842
842 313
485 1872
1266 1054
1217 909
1362 1752
257 42
619 61
1580 722
1128 1096
545 167
615 1931
1559 669
880 1217
1065 1125
193 1318
1822 1381
1482 218
1191 1852
975 226
1021 1901
594 373
1989 390
1919 1888
309 781
769 1521
394 189
1854 743
1053 717
1307 180
803 1518
846 1406
1771 944
1901 1951
1765 34
761 1954
1843 1823
460 910
1517 1613
493 1439
845 682
1235 720
60 425
1778 693
1674 422
1481 1303
174 768
9 644
1779 943
220 1622
408 24
719 173
895 583
1771 374
1070 1925
1407 1013
1062 532
886 219
53 438
439 1941
1618 1613
454 1151
1383 1785
806 1423
860 126
1375 1496
687 623
1495 1350
1462 620
629 1858
479 1598
490 1052
1172 1366
173 1941
187 1684
1476 536
1865 1745
1334 1951
1309 1678
1305 756
1187 1089
1925 437
1888 1843
1173 1041
1928 314
1985 556
780 455
1875 1296
1941 1558
885 504
492 1277
1863 1526
1842 1763
1454 977
1484 133
48 484
1354 1457
1053 1923
1203 570
1306 1935
1069 358
304 1447
1833 882
1267 1194
1785 1376
1049 361
1512 589
218 816
832 453
276 176
1549 1050
1351 1036
1370 1912
1108 1375
696 716
1035 436
1863 1931
1552 1100
1325 1891
145 529
1814 1326
1433 356
798 167
1305 1760
371 1080
1789 1224
1458 1114
295 808
1714 1270
601 1876
1881 1083
23 414
690 1986
339 160
1500 956
461 1689
1608 1751
528 1940
1900 1831
97 1584
723 794
861 1528
559 646
1464 1841
672 1461
1737 1333
1707 847
1570 992
1014 1492
816 892
951 311
1347 879
151 553
506 1464
1415 653
1832 601
1980 106
1529 1898
139 1802
456 1796
649 847
293 1951
1399 1043
764 1496
484 1272
591 728
1331 1719
30 1622
1602 888
855 1847
1121 1264
1317 668
1155 1251
187 1346
77 199
1991 257
1534 17
1590 890
966 1891
1531 1704
168 1773
1196 1603
317 890
1341 101
1415 332
1116 1469
614 1587
1876 950
149 1311
623 198
277 38
54 745
1033 1181
1230 1484
539 1702
282 11
990 1928
597 1105
1245 312
1708 1034
720 578
221 1158
215 634
629 578
1558 470
1573 4
260 748
280 1829
1782 718
1180 467
433 1674
1770 1846
1212 1883
660 57
207 15
727 951
307 1709
1883 170
1699 948
927 1814
203 356
1474 1156
1934 198
364 1386
1674 1142
303 884
1494 1308
761 1259
1017 1930
1812 304
377 1657
1493 1710
1076 15
883 251
563 809
638 564
187 1020
410 1733
1279 463
552 898
1551 1483
1010 852
774 1701
1197 1363
1408 559
1846 348
1022 565
1070 721
328 325
967 1919
882 1838
176 1631
1230 1782
713 1323
341 19
1142 419
1230 526
793 1198
1150 842
1433 1244
552 1574
1244 472
1235 1823
77 88
1877 1157
51 713
1467 1808
1679 1055
656 930
128 1646
1639 880
1321 252
781 167
1924 184
1077 325
401 1591
279 1843
336 1902
1107 21
1959 422
1017 435
1585 478
858 1837
1895 322
1134 1266
244 569
1027 1251
735 1627
749 1184
1102 317
47 1576
56 138
1415 1813
37 1735
1953 1087
1675 661
583 192
321 1580
1114 343
1535 623
1214 638
1877 1030
914 1828
1733 1371
1256 1050
1259 1855
1932 1691
160 166
1917 240
1566 984
1256 1067
344 360
737 1613
1511 444
163 967
1456 1023
1065 766
980 1414
1938 1900
73 1525
502 177
155 741
1528 1630
7 824
905 1953
1362 906
1230 1319
1294 481
965 339
1540 597
1806 1299
1532 1320
1197 918
1508 1026
31 47
31 1292
581 274
1038 100
853 1292
144 1319
1031 410
564 1542
657 957
1685 1850 45 128 1033 1440 998 1148 762 1419
