2000 5 2000
1401 1219
808 243
1152 1907
475 1168
47 1771
1102 1336
1534 1202
159 1246
791 1738
1587 668
1533 887
702 1259
897 949
1594 571
1981 528
106 429
998 1045
1392 793
1219 1544
798 1833
12 10
50 650
38 510
511 1290
664 1516
1763 582
1147 417
376 1860
558 1415
141 370
1337 1804
1488 671
1500 1317
1922 924
1604 1514
1779 1564
1581 1288
131 1372
527 1197
965 297
254 1261
1136 1745
440 591
957 1730
815 619
564 35
1967 586
721 990
108 1005
430 1405
437 439
310 1289
1943 747
1241 278
461 613
1466 931
1887 948
99 830
533 616
667 60
1433 1850
502 1072
2 1385
668 51
485 1750
1799 1404
1712 1406
1129 176
1811 440
704 1908
815 474
1438 1635
1812 657
1098 1999
1513 926
647 332
1915 1397
554 1264
676 1346
1484 895
507 256
290 1463
327 1718
1268 1581
1732 176
800 1611
159 1311
1995 1870
1083 1726
402 1408
24 1199
453 117
1583 569
1852 1615
61 1973
372 294
353 1637
6 167
1459 1432
614 1251
851 1456
1856 1359
883 1409
1354 779
1374 627
1184 443
1707 1803
1400 1055
128 1195
1604 393
572 848
747 443
655 369
118 1160
602 1318
101 738
1963 560
998 1979
229 1623
496 530
1610 1614
229 1277
1719 551
1804 199
672 1806
1059 1040
1401 1266
765 1799
579 1118
1891 1459
1881 533
1740 1386
365 1879
1515 1341
621 1474
982 82
901 173
1560 164
1947 1240
1051 119
323 774
571 289
397 1181
1228 1786
1654 1684
415 1099
543 95
973 1077
514 1725
931 1276
781 323
838 1274
1682 1388
1283 1348
953 496
527 125
351 1768
271 1980
1194 1364
1669 521
1779 999
714 596
1573 1516
1959 776
1689 310
609 1354
1203 646
1253 32
1194 985
1599 430
397 1361
539 1956
647 1845
123 1563
1102 150
168 1930
1183 1408
372 1572
275 735
298 1539
731 700
689 200
1981 938
144 281
1146 225
515 181
1714 1914
495 883
346 1794
302 95
93 34
1254 963
538 954
997 443
727 808
541 137
228 294
351 176
806 1084
152 366
424 391
951 588
1399 535
454 1412
716 1518
160 832
1527 938
723 62
776 810
769 630
1728 1910
1440 452
1831 949
914 1774
1710 1501
1912 110
595 204
931 1327
1149 1765
203 807
1275 160
439 865
58 1705
239 560
1332 201
216 1611
1834 438
144 2
1158 1376
127 1434
205 698
1475 1413
1172 976
1526 898
1359 1444
1635 109
1034 1297
465 1766
202 1531
1155 790
143 45
905 1418
1143 891
1105 352
1914 488
498 915
31 556
1702 701
556 840
1059 1902
892 863
1424 290
1565 520
1609 1179
42 1423
28 840
1002 337
992 308
851 941
1128 293
1672 1792
1700 845
1902 449
1812 379
1644 299
97 572
590 1438
814 998
1618 1696
533 1761
548 741
948 165
1999 1706
39 1024
944 1055
348 893
612 623
424 1997
1565 926
1347 1146
1057 991
628 273
35 1612
439 1003
730 875
479 232
1712 1606
1116 330
1050 645
1621 77
109 1812
849 1186
706 1552
1004 525
964 1656
260 926
1305 321
1819 1831
1467 63
1470 584
801 1438
1480 179
724 1175
681 512
1832 1776
1212 416
977 1628
1682 1174
195 773
228 203
1987 62
681 1160
1909 1384
1433 341
75 123
1114 262
190 1534
1895 1189
1191 1808
1230 1428
1212 1419
1436 1177
1186 896
276 1922
943 1222
993 1611
1367 1959
752 116
836 1898
306 177
405 827
455 1887
324 208
1503 1423
1783 529
1768 174
660 609
1058 262
994 1951
560 1843
1383 793
1153 1914
12 381
821 1639
1421 1449
559 1196
1907 200
527 170
358 742
637 1311
177 1146
277 1861
1432 717
1686 1808
1608 695
310 895
1754 1756
411 1222
379 1757
852 1419
944 1830
819 1271
1516 1882
1147 1119
1432 32
327 901
45 3
127 1761
482 1384
1330 897
1395 846
1862 1148
212 54
1326 472
1952 1881
230 1094
84 508
739 468
479 1912
705 500
1096 1654
1889 746
1461 1413
883 158
745 758
1273 768
1141 594
247 1610
454 1606
910 879
428 1587
1086 1835
939 146
911 804
1076 120
758 1032
1142 1302
1680 740
861 1758
1482 1336
1928 534
1395 373
907 1808
1379 286
1284 1226
810 1392
223 1288
812 1417
1635 1793
37 605
1328 1193
807 965
491 1158
1601 13
848 1468
997 764
1732 1914
1909 1838
319 43
583 1656
236 43
923 1784
1100 1056
1079 118
25 663
1485 1144
484 196
993 173
963 783
530 1151
1325 800
240 181
1806 1052
1121 1512
1499 1015
1601 508
666 769
921 111
982 31
1364 418
1870 1442
1706 558
1236 199
1679 816
1992 310
1158 1416
328 645
288 1905
670 72
117 40
1549 1339
1541 411
645 279
1299 1054
1722 1609
1833 1264
1213 905
840 1858
1636 1355
421 646
1635 1658
1305 778
730 1176
1771 591
940 1100
628 1230
72 1709
1214 1201
1445 1862
646 457
118 477
772 1472
1190 155
823 1703
832 479
1548 1069
1026 646
554 1081
1500 1018
1272 1081
1868 412
472 692
1216 456
700 1641
1643 190
1718 1307
702 1323
751 652
984 1180
1977 72
439 725
1558 719
58 620
789 1322
813 225
1091 38
1017 1964
1783 846
224 347
1086 858
892 1070
1157 1289
699 43
302 1788
1483 1127
912 881
954 1864
1814 509
314 176
1873 210
879 48
1617 1533
607 1679
1444 1383
1696 967
1111 1092
1602 680
446 1065
229 1002
1943 1065
90 665
2 513
780 363
566 6
238 1468
92 1413
630 267
298 329
1939 1419
1121 1418
408 1120
1188 840
142 309
426 1114
1260 785
1175 1933
1180 1096
776 833
1858 1658
1586 1687
1390 1046
711 1081
1561 1497
1542 1999
1129 43
1718 707
968 1410
1020 1776
1822 1867
1788 322
1922 961
1833 404
478 1508
1928 1765
1436 1456
475 825
256 1557
1947 1316
1805 267
24 1857
753 695
994 1327
1935 1249
1439 37
585 614
736 1835
1962 1127
401 1690
337 1849
1444 1348
891 893
356 596
571 910
1033 591
1736 1985
1807 1134
427 517
342 1157
1141 528
709 31
1574 1021
145 1585
1355 1073
290 1462
1264 333
605 1328
1302 1212
1160 1220
1622 1168
729 470
1260 443
1968 1091
23 1890
575 370
422 887
1601 173
1235 507
742 978
1315 217
1070 823
1097 57
1474 36
841 1259
946 1006
1698 518
651 923
304 1266
1709 1837
561 313
486 882
965 1781
1319 14
1622 839
1027 281
1095 641
820 1486
1764 618
1211 127
1688 1473
1296 1717
917 540
718 598
1052 1083
693 492
1374 1393
1846 1489
1850 757
1166 953
1431 866
1922 1864
1117 1284
1900 854
585 4
1833 397
1923 235
926 1617
1986 1004
1556 612
1400 314
1425 374
1830 1822
1035 642
544 1321
1314 267
748 846
224 768
423 317
1884 262
1263 847
1442 807
1935 581
1248 578
903 1479
1162 861
1819 1881
1404 1907
1277 736
573 707
387 1938
1888 246
1853 112
1289 81
1699 1242
40 567
1883 1482
582 220
240 1509
741 608
573 1797
1090 1018
1900 1329
1912 1081
1204 29
1308 1033
1802 1154
66 270
1079 248
1883 189
1281 278
22 780
1323 1934
1813 511
90 308
9 610
98 1389
11 1672
1249 660
518 101
917 831
543 7
1244 964
509 741
1351 633
528 1162
457 1265
1541 1746
984 1888
1027 256
906 623
1326 543
1064 1441
1339 340
1627 1376
703 776
1724 764
978 405
1512 1456
1377 1372
1097 248
777 469
1821 144
1246 1568
440 490
1631 440
547 807
1465 1017
103 1116
828 719
1360 1303
1454 1870
1731 338
991 1753
1094 261
2 1139
741 1163
1864 1583
544 958
1874 864
246 1942
447 469
1460 1724
1000 1943
572 1541
267 1780
531 907
622 873
1223 825
1431 116
689 1849
1055 440
1438 564
1370 927
456 859
957 1023
72 1902
28 987
1211 244
1307 1178
984 1691
572 495
1735 195
1988 1086
552 916
1167 873
163 1570
1843 1179
8 1914
231 1302
298 942
866 1376
46 756
216 1032
1342 27
435 627
683 23
1151 288
790 1627
44 1861
464 429
1656 1383
1829 592
1881 1064
876 594
343 895
1857 790
1651 1354
1432 580
1736 230
1626 1634
1530 1104
1557 850
1027 1407
1638 1003
1044 997
1501 1475
158 278
1701 1798
1145 1866
1886 1103
1026 1384
1816 454
478 1390
604 223
1277 507
913 1260
131 421
957 1677
355 1348
1849 1094
1687 427
1796 1440
1552 1318
466 1132
1685 156
1683 62
123 207
279 961
401 789
513 1155
1025 452
1261 1936
1053 62
760 789
858 658
1465 782
1293 836
260 763
766 1278
1751 45
1306 331
1915 943
714 605
1520 456
1075 309
999 1333
1808 1243
4 601
717 218
1507 1603
1368 457
1857 828
1626 277
1674 1986
1673 962
60 269
870 62
1279 644
329 434
478 209
651 1831
1044 1775
1618 1118
1160 978
1090 1992
1768 1106
627 1652
1993 155
345 1972
273 1042
1842 1569
187 1768
1020 1985
1880 1398
56 671
795 1864
768 1104
74 571
1511 402
639 368
1549 539
972 249
493 889
1497 674
90 554
467 1808
460 869
789 1297
1099 1402
1186 1608
655 1343
1139 398
1913 357
1443 1974
1167 872
160 1575
275 935
1276 1294
391 839
324 1018
1417 951
441 601
1886 1222
922 1453
1621 1555
1069 427
295 1348
1114 1558
1102 105
1663 1928
1819 121
63 155
418 1401
837 1406
354 246
997 442
580 430
729 243
283 99
1788 1413
1942 1183
1995 455
404 623
734 1837
941 1849
943 551
325 305
986 38
917 1851
1587 628
1143 1296
793 1094
497 1049
1273 1371
1208 122
677 237
255 1206
1761 627
774 55
174 1531
1164 395
1201 1775
1218 1839
1335 1834
439 1823
1408 1563
613 1729
1536 812
332 1342
1743 1106
340 557
76 449
1722 937
1716 1925
746 18
1690 1612
1351 548
138 1851
929 811
1604 845
1054 180
417 1196
105 1416
856 1916
1425 1475
943 1497
430 1081
392 172
1212 56
1825 1021
1677 746
1292 983
499 1254
1207 349
209 181
499 1971
425 1587
1149 1805
397 901
1632 594
1213 612
1012 579
78 1387
1659 859
360 861
1750 135
465 908
1125 1174
1725 1832
231 1578
1562 495
1134 1889
804 1035
1471 1799
1443 1821
393 516
353 1064
698 588
574 1983
1888 1672
1330 64
1741 46
1040 490
1706 1204
615 1237
1332 1832
673 1702
316 637
341 1828
22 868
1109 1143
1440 1227
28 461
1265 1760
1553 270
1540 437
1595 13
1888 1622
1403 1984
363 1430
672 1156
1652 1042
168 100
636 330
236 863
1672 1234
967 815
1105 211
1060 1766
683 572
354 1794
1081 5
1431 23
1653 706
451 1239
1226 1894
1558 1024
484 1242
52 1783
781 1147
43 1794
316 1704
696 228
952 1128
784 940
853 162
769 725
473 773
544 158
1535 1938
1704 1815
442 771
177 1252
708 1432
135 949
1062 1322
782 1783
810 75
1662 1866
1869 1731
494 131
1543 965
1063 380
1593 755
946 1063
717 1467
674 1225
706 1905
1102 1576
100 368
1361 1146
1581 300
1669 23
1050 122
738 1354
1000 55
1769 146
994 1977
480 719
1963 701
1438 1847
1885 698
1458 348
734 621
1191 1413
1078 1329
1348 575
230 855
458 1021
1775 493
1871 1780
1124 1834
853 566
1784 1984
1170 1303
1522 1750
1909 753
365 521
680 1839
625 686
1388 1774
431 391
1812 1464
594 1665
808 1084
295 98
880 810
1259 1096
305 1053
1958 1468
1362 859
849 407
306 902
786 1494
510 630
61 1583
1722 1477
1435 707
1412 1144
165 240
643 965
816 803
1650 1491
991 1110
115 249
1153 414
65 876
42 1862
1686 975
879 28
1669 1284
1562 1818
1298 1484
1514 266
1793 1914
1449 878
751 79
22 843
554 660
42 1686
402 517
243 1086
1915 1754
613 49
57 1181
55 1282
1850 1887
265 358
1485 497
786 1438
1576 1983
135 1321
719 1517
227 343
594 1766
537 114
1342 939
1140 712
1239 137
289 1253
1156 1001
1831 1231
1095 1393
852 1726
131 1881
338 7
627 1241
84 181
798 400
1298 1988
1080 553
1588 143
1763 263
1637 397
1702 757
1776 1521
1214 1125
372 1539
1403 1779
1766 1304
1237 1707
1484 54
406 112
1631 1710
799 631
1491 679
1685 798
753 1782
485 1074
641 502
542 1228
1918 1710
1969 1308
487 745
55 1380
576 256
277 1411
1382 1125
830 1511
295 66
1042 433
244 717
359 995
1365 1684
1898 1199
1341 219
1491 315
763 1540
625 1823
981 1561
1259 433
260 1109
495 543
10 1354
1479 351
1834 1647
1454 1840
894 1448
278 736
1113 862
1213 658
399 432
136 1856
1851 1955
1240 118
71 674
1563 1061
1462 1998
421 1165
1386 1766
1862 591
689 311
1769 736
1620 946
1248 282
269 887
174 1621
1250 1182
211 1900
949 204
937 1313
1287 918
971 652
1433 1915
1606 1
962 1429
1421 815
1779 794
1417 1045
761 1844
1093 1900
1913 1706
551 894
711 1432
1574 912
1969 1003
1317 1089
229 956
906 1245
886 492
731 121
1866 1800
481 997
316 610
1404 463
1928 699
1761 976
1010 1898
668 870
1823 184
537 498
723 1420
1036 1994
580 746
1761 1880
1113 169
664 832
123 1382
69 171
713 910
1154 440
777 1079
1082 476
1967 1957
382 950
921 1569
1416 1407
791 184
923 844
1294 1729
10 1129
1396 1323
72 1216
1767 602
1591 1132
494 1407
186 1141
1827 650
539 894
1653 307
147 509
1956 1954
795 593
1078 5
1410 1942
1393 296
389 1374
1538 1660
1034 1220
1335 691
1302 64
211 1612
1844 619
1052 1139
103 356
1430 1531
1787 769
1339 1056
1225 1433
83 353
1694 1849
354 899
1931 37
1243 193
932 68
1835 981
424 1401
688 1280
1693 1087
1413 847
1716 1478
1603 480
494 1989
1324 1607
995 589
576 946
1207 1326
642 306
1812 843
1925 1707
5 1791
1456 1630
781 475
786 1439
1692 381
880 521
1737 322
1818 1062
468 1471
972 692
41 1008
157 1527
542 1210
1683 353
255 1298
1763 30
402 1007
1651 606
1102 1067
897 615
1341 1172
1934 1750
884 1446
421 1076
731 513
1367 1980
1850 936
398 753
817 1143
1109 41
1701 1889
5 1031
1145 81
1852 381
1049 1028
269 81
654 1404
1912 888
962 1984
1739 1513
920 1596
589 1117
389 1053
1846 700
155 1941
810 314
404 1399
864 1834
668 21
102 529
1353 240
1853 962
857 1128
921 371
1548 1817
1648 260
375 1610
1813 964
1704 816
886 156
1992 399
1046 196
1415 1560
1469 13
382 995
1618 1335
1234 1926
1162 1631
702 507
1717 1577
1352 1062
982 1663
1184 344
1302 882
1032 1209
842 1837
1755 943
1870 761
997 1587
606 887
638 375
1856 1967
1414 1085
396 1255
635 1156
816 28
1578 1944
666 243
1214 594
808 328
924 18
592 540
1054 1855
1797 683
1928 688
1165 594
307 1302
1416 1618
1866 1880
1071 1674
108 1453
375 1889
112 1378
479 1121
1985 40
1020 1047
1509 550
1917 1901
376 1405
1160 368
1695 1044
1436 126
465 352
1778 208
1200 111
663 1768
749 298
624 1936
1633 1743
1211 894
1391 1312
159 1472
533 181
1035 167
1997 220
536 423
1408 687
320 1970
1802 979
1672 870
480 1885
1150 600
1747 1627
1607 826
683 977
173 1166
1083 1632
1728 1363
1184 1715
1395 1862
570 506
1398 630
1899 620
1951 1903
290 1052
1205 1083
512 146
1366 1596
1769 882
763 1520
800 1901
1113 1595
1807 909
518 1902
980 1307
606 613
841 1146
1025 1753
514 1494
952 121
23 672
1123 109
1773 1409
1176 101
401 788
74 1463
940 916
569 346
1891 912
246 694
1583 248
731 685
501 1779
141 1850
626 459
657 121
532 644
410 841
706 188
764 1847
1817 1592
375 1619
655 1974
1955 1147
1922 501
43 1097
1582 1142
1474 514
89 1140
1768 208
229 240
744 969
1197 1264
1820 1918
1167 294
1865 778
397 1147
1937 476
1216 1390
251 1710
1055 308
1581 297
1920 657
1826 1639
1470 860
1000 556
1767 1533
916 1126
932 879
492 23
777 1617
970 1754
151 667
645 10
75 1508
1400 409
870 1443
1418 1333
1587 1861
650 244
1651 1066
837 635
676 1361
1110 195
695 1540
879 753
537 894
1673 1780
1169 518
1958 1741
1033 1356
120 1339
1703 1843
1172 1227
547 1143
374 655
1816 1981
505 1575
1607 1251
142 1151
1941 67
1306 698
1529 1129
1104 1003
138 1258
239 549
1966 737
894 291
667 987
1229 32
94 1619
1299 114
515 853
778 1097
898 385
1556 1270
1980 1656
1573 561
51 947
57 1924
575 557
159 1525
1228 1660
1242 1644
677 595
1992 123
1459 81
713 894
763 929
972 409
842 1105
1605 210
211 1464
568 1320
1367 590
1130 765
133 1446
1673 1138
1835 1624
1924 951
156 797
927 489
610 796
1970 1840
780 361
611 345
994 173
655 521
1235 1834
828 185
790 903
114 812
1844 596
1907 71
1756 199
1866 1288
632 1329
676 557
856 906
1850 1445
269 1677
808 37
415 395
1034 145
1406 535
677 1709
93 500
857 1514
1771 100
1901 345
1532 512
675 351
1476 441
977 1478
1572 1500
724 985
1083 1560
938 1447
578 832
1576 786
46 798
844 167
794 756
227 1530
92 1358
14 1505
1940 1488
476 1297
330 817
1891 326
1820 103
1658 725
160 317
64 1609
1237 730
1493 981
148 1256
855 1990
1320 1089
1141 1205
531 1359
691 1985
1066 814
1764 450
686 1919
1885 1322
1814 1201
1596 1825
1241 1230
569 1698
1878 129
180 262
154 1061
931 1781
146 1643
1033 1917
203 1957
784 1706
519 619
1167 44
1713 290
1366 553
974 1815
776 942
527 622
323 1693
1772 173
640 774
1034 1715
1150 941
414 1005
1131 1481
738 673
419 1891
389 1607
1570 852
383 215
11 627
1087 1912
814 214
653 566
236 1651
564 494
354 1211
1520 1786
928 56
769 33
406 1870
1681 1726
637 1672
1854 421
189 1796
1439 593
198 459
1989 530
1222 513
1414 1205
349 119
1564 89
1517 188
1064 551
889 1932
758 553
768 1864
890 1369
1647 1732
648 979
228 1641
1119 1245
589 763
1852 16
1842 1966
1696 1449
1299 755
137 901
866 1686
1457 830
369 1968
1067 878
1798 1964
1370 1236
1220 215
515 1156
972 1304
612 1264
564 1991
669 365
153 58
1621 741
1758 879
165 1617
1438 1855
669 742
1496 1722
1221 1202
724 197
308 1336
971 1499
1260 1601
1577 1425
1919 1032
148 1312
1410 788
1068 375
850 1926
1443 364
1853 560
1826 188
576 622
934 738
469 532
76 790
1178 481
791 1307
549 25
1986 836
632 1095
1521 36
755 513
1122 1995
1561 1221
1228 1873
1794 150
1527 1700
397 1938
1580 724
695 1092
1748 1482
912 1670
1935 1614
1138 1530
812 1374
1399 1650
1052 1492
390 1306
12 1324
436 1773
194 404
942 1506
1553 1375
1966 1417
361 310
831 1256
331 1312
1788 623
919 101
1929 1891
1768 638
1942 1671
1977 1694
111 1320
818 157
1605 312
370 1969
391 637
553 1076
1337 313
8 504
396 620
1727 554
1696 228
695 686
1376 755
1593 651
1431 696
1119 362
457 742
515 331
1805 1851
106 421
829 1773
214 1864
1176 215
1102 808
313 691
1103 306
1509 919
445 1252
487 1570
1980 1548
368 1029
414 198
935 1059
659 1321
1457 419
1482 1751
1025 875
1494 1033
1291 883
165 1494
3 777
842 1729
725 654
1981 1013
1813 1081
1428 246
719 1753
1992 1879
345 306
1374 1185
1173 1275
1657 125
368 1210
1820 1475
902 1656
65 985
247 1571
1168 1654
769 1397
647 806
1100 1508
1116 384
1696 1459
57 1184
899 1049
55 161
237 789
556 1684
1361 894
1745 759
835 1416
279 138
1825 616
704 1201
43 301
1086 229
1318 1936
1132 21
1902 1909
1671 796
1716 657
232 1609
1733 603
1478 1399
1564 1804
1437 1781
64 932
75 1534
1030 611
1097 144
53 1212
460 575
1576 245
295 1398
151 1516
422 1621
937 958
1596 72
166 931
164 637
1335 1369
1129 1615
59 1116
1028 1135
900 775
332 1973
189 1637
770 806
922 1621
355 681
1302 559
901 1612
1453 1910
1463 1022
1011 423
1648 1931
1471 153
1243 1138
558 1424
1965 1236
188 1924
1539 1879
1432 1949
1988 269
212 976
243 804
363 1935
1247 300
1776 859
87 1781
235 1010
1373 424
942 1106
365 607
1215 337
1622 1009
772 1979
1065 789
709 1956
1779 1094
719 727
1805 453
1779 472
1969 850
732 1802
1027 457
1889 390
1706 1684
1967 1702
215 1327
126 1176
972 1128
345 58
1134 1389
949 1129
1124 874
1352 267
581 1032
931 1672
438 396
981 914
1671 959
665 28
860 139
1858 256
352 561
905 449
677 1925
1643 1117
290 1253
1200 214
1844 491
1828 206
700 1196
1098 580
967 1264
1254 1500
941 119
1169 736
574 1254
70 49
321 1395
635 1209
565 424
1782 347
1389 1565
1745 1113
374 2
1521 321
1410 1467
1391 1807
1549 1412 721 1078 153
