923 70 39
173 2 543 261 557 908 13 401 564 532 280 665 539 414 287 801 674 804 551 296 221 456 301 175 744 177 369 436 75 799 440 441 698 571 830 566 833 524 839 840 653 843 890 506 466 724 469 472 268 93 862 226 356 101 742 232 617 509 748 239 752 241 499 411 374 632 762 507 893 894
644 136 778 651 536 781 494 785 530 920 25 416 545 676 810 109 307 827 700 449 582 587 204 77 847 83 853 733 734 607 225 610 362 877 750 754 629 42 255
6 34 362 532 20 342 906
10 865 195 740 393 171 204 240 115 22 94
7 913 324 37 167 465 185 94
3 676 774 848
1 621
10 162 551 232 781 625 436 54 409 379 316
6 518 232 330 470 288 774
0
8 260 326 266 43 332 880 311 222
10 2 359 585 178 661 601 309 221 574 383
7 387 648 809 525 372 350 383
7 450 519 487 44 240 146 412
8 289 808 457 747 750 431 816 174
10 3 292 198 585 627 911 78 371 663 670
9 259 807 488 904 110 789 600 91 93
4 419 76 254 732
9 481 321 805 38 257 18 629 601 124
6 867 39 648 874 840 692
7 834 591 497 658 344 542 192
0
1 308
8 268 39 907 664 365 152 313 573
6 483 166 45 271 442 222
0
4 92 839 383 304
5 777 646 443 902 318
4 849 826 679 279
6 900 590 79 693 347 61
0
0
4 451 540 415 480
7 241 391 331 718 399 913 340
0
9 417 834 39 648 875 110 368 625 192
2 183 136
4 505 913 140 908
1 375
7 458 811 461 847 298 187 619
6 33 202 756 889 315 830
1 238
8 802 37 745 778 79 663 539 62
2 38 15
9 530 138 464 306 467 149 606 895 832
7 837 744 495 690 915 700 191
6 359 446 786 731 542 763
8 1 871 168 235 468 794 61 607
3 377 58 748
7 34 454 386 265 52 118 767
9 44 357 140 622 911 435 565 662 380
1 30
6 98 582 354 717 507 320
5 312 584 564 814 432
1 630
6 738 806 842 847 118 728
7 748 175 722 726 411 699 480
5 729 42 449 70 863
9 645 200 873 616 528 757 87 821 720
4 105 282 523 394
10 864 28 678 413 715 849 634 92 29 384
10 65 322 900 66 73 10 332 756 667 28
9 867 7 622 559 114 341 23 190 192
9 104 173 335 271 437 886 121 893 318
10 743 873 170 587 145 917 537 885 829 95
3 225 697 269
4 43 19 123 72
0
4 684 509 132 390
7 386 876 79 341 54 378 411
8 516 296 878 271 435 256 189 736
7 419 229 399 369 709 412 735
10 2 132 646 572 8 427 589 276 188 447
8 581 652 145 626 436 215 504 702
8 259 38 909 237 816 537 112 486
4 234 262 95 698
9 33 550 490 850 151 314 283 732 230
4 530 579 268 480
5 586 380 373 719 728
3 145 581 344
7 353 546 327 617 129 437 384
5 642 56 278 294 602
8 487 10 62 49 436 821 24 574
9 6 39 618 685 646 634 923 574 806
7 98 426 305 210 694 266 156
4 402 413 829 655
5 841 410 729 359 120
8 868 359 360 204 46 182 217 542
0
2 589 53
1 564
6 326 263 424 810 651 473
6 882 883 537 859 477 863
5 41 650 246 199 151
0
7 130 419 366 851 629 727 896
3 299 734 815
5 41 341 27 301 194
5 289 187 621 174 679
9 67 44 42 236 658 426 669 318 863
8 707 904 426 76 110 849 92 383
4 697 395 766 72
0
1 453
1 805
10 515 295 264 274 559 402 500 495 408 186
2 214 110
8 609 476 677 230 263 680 685 92
9 610 681 650 332 205 110 623 113 596
9 581 265 748 623 159 216 511 222 479
3 120 541 24
4 707 901 71 472
8 643 677 198 327 716 526 754 702
6 770 100 581 486 332 832
5 457 610 603 12 204
10 290 355 55 650 558 783 240 725 759 444
0
7 620 888 241 408 317 670 608
3 329 498 676
1 21
6 42 209 23 58 604 62
10 354 164 391 200 331 911 304 402 824 690
4 634 491 244 679
5 361 378 851 3 39
1 802
5 137 305 677 758 776
2 745 21
1 728
7 423 552 73 139 857 156 573
6 34 677 744 234 26 861
0
3 329 218 140
8 903 455 363 374 250 509 287 832
8 421 458 527 243 20 373 666 634
8 489 268 717 629 634 538 192 32
3 193 898 904
6 894 305 629 854 665 542
3 306 846 831
8 578 9 522 299 879 336 754 723
6 1 130 41 912 117 858
10 161 392 874 877 174 719 690 756 507 444
1 609
1 102
5 697 264 246 559 736
4 497 874 915 663
6 780 176 914 723 693 731
1 611
10 743 519 520 489 877 334 15 211 567 380
10 675 580 583 231 873 459 856 628 824 254
0
4 745 470 687 416
7 868 586 853 152 857 885 234
9 357 232 714 11 716 563 84 28 704
6 36 360 813 430 118 766
7 321 482 39 523 303 438 23
0
2 499 103
0
10 706 291 836 550 873 780 909 620 374 254
3 124 116 56
5 593 706 44 761 41
6 583 877 77 687 541 319
6 647 235 751 240 241 187
10 36 144 593 755 831 922 700 541 511 32
0
7 148 422 424 221 308 440 605
6 74 395 751 502 317 758
3 417 770 473
10 293 678 818 110 18 179 21 58 796 382
3 49 709 360
7 833 771 328 331 72 50 699
7 741 742 520 381 176 29 358
3 114 324 164
6 805 422 458 13 604 512
0
0
9 882 436 89 243 308 599 793 730 763
0
9 578 34 265 162 136 145 850 507 348
7 577 873 812 627 820 446 224
0
2 260 157
2 209 811
5 810 859 522 13 128
0
4 761 923 740 19
5 36 565 718 719 104
7 229 844 403 308 25 351 128
5 377 892 68 493 608
4 403 365 435 208
7 772 367 817 21 344 537 922
6 737 38 297 439 890 219
1 811
0
7 804 389 363 558 659 854 25
1 315
4 545 465 262 920
10 708 581 582 274 884 181 696 164 539 319
6 321 269 399 630 249 672
1 566
1 398
4 657 629 718 71
5 485 211 192 157 512
9 680 330 110 814 789 662 889 378 310
9 642 842 909 463 307 687 282 317 830
9 876 751 917 143 631 920 473 891 320
0
6 644 651 478 598 190 864
7 103 10 907 568 347 636 733
9 540 418 100 450 235 716 755 852 444
6 156 72 785 850 791 764
9 193 359 818 654 562 20 374 124 478
6 846 81 468 309 858 543
5 770 443 596 453 94
5 787 500 148 768 168
1 64
0
4 514 212 246 880
1 131
8 516 7 760 698 796 798 127 128
5 317 860 517 638 808
1 5
2 775 288
2 458 874
5 209 530 315 340 72
4 686 700 214 864
5 355 332 813 719 120
4 346 435 462 606
10 708 332 269 399 371 917 443 412 318 800
2 883 173
5 905 474 355 102 359
10 450 291 293 523 464 85 823 632 571 624
2 909 894
6 38 105 302 87 185 736
4 41 354 5 216
1 559
10 2 164 684 781 857 217 183 185 828 62
4 746 403 707 352
6 650 592 626 249 538 764
6 873 660 85 252 574 640
7 610 98 112 530 469 187 350
10 385 420 522 434 115 310 759 825 314 349
2 444 230
10 706 412 6 439 234 397 211 374 23 668
3 554 603 858
10 34 483 804 744 874 622 144 81 277 478
8 741 178 361 433 626 727 888 380
9 481 549 585 170 401 658 853 630 669
6 225 836 197 527 408 830
9 514 796 41 623 207 182 632 410 124
8 515 818 393 913 633 597 151 313
3 613 405 406
9 881 136 364 429 433 499 694 824 697
7 195 807 20 789 380 541 192
0
10 388 453 455 73 15 496 594 126 351 896
8 289 709 688 798 474 26 221 894
1 239
6 258 355 774 203 468 314
9 579 295 521 143 83 244 917 59 443
8 614 397 110 401 818 23 889 703
0
2 355 318
4 762 501 742 175
3 458 149 510
0
9 481 386 919 527 307 567 730 318 63
9 481 321 515 653 722 919 641 542 448
10 898 322 200 688 369 562 787 249 923 765
10 33 614 711 877 652 77 757 565 285 256
3 106 904 658
5 378 491 383 415 320
0
10 161 772 645 590 404 920 249 804 29 223
7 293 904 45 654 785 506 640
1 552
8 289 387 452 234 747 114 538 415
4 481 746 355 214
2 761 285
9 228 261 486 435 15 115 374 887 696
10 135 231 232 330 205 655 789 54 510 278
0
2 386 758
9 225 517 871 814 912 277 537 229 156
9 197 685 783 467 155 58 730 667 734
5 762 11 80 118 456
0
10 824 909 366 689 146 255 671 381 319 416
2 194 42
9 579 719 471 472 412 125 62 703 416
0
1 616
4 124 890 636 464
5 185 770 678 367 438
4 274 747 843 439
3 589 535 352
7 200 779 623 175 463 699 475
5 746 468 478 831 718
9 49 422 674 424 401 440 601 316 894
0
2 237 96
8 1 161 868 807 171 333 750 892
0
10 328 363 462 16 561 759 857 336 287 768
6 709 646 491 14 722 326
2 850 182
2 166 608
6 837 50 467 869 795 542
9 572 388 846 464 660 598 855 860 29
3 904 607 128
3 306 563 902
9 100 389 743 72 240 562 147 148 660
10 708 775 104 714 715 751 690 634 93 446
8 69 38 587 14 495 243 725 470
8 290 356 903 818 79 114 757 128
4 381 45 911 535
10 51 518 553 650 824 910 369 883 376 26
9 869 135 266 811 882 533 118 767 192
2 9 373
6 65 263 10 715 48 714
9 867 135 106 299 684 307 469 534 58
4 235 307 495 448
0
3 355 444 373
4 765 203 69 595
5 137 66 355 522 144
7 484 326 615 522 753 372 671
8 355 836 902 35 431 718 316 319
5 402 572 103 231 72
6 166 104 332 38 479 870
2 844 446
10 2 149 631 686 782 819 725 599 218 605
0
8 356 486 266 844 812 153 922 447
7 161 901 903 554 534 408 922
6 581 362 273 341 473 799
2 889 496
9 133 870 585 298 817 312 220 509 702
5 106 851 443 639 656
6 195 360 459 559 656 82
5 675 40 883 327 376
6 515 388 75 463 151 636
3 622 807 864
4 107 908 797 55
8 516 204 286 625 788 568 445 830
7 919 306 914 85 789 538 730
8 674 551 521 761 19 85 728 89
6 870 362 491 852 119 824
9 545 209 839 458 273 281 211 183 121
8 900 613 168 73 16 804 251 830
5 753 250 443 117 830
7 4 133 680 787 731 192 800
6 4 38 295 204 118 448
1 293
9 323 678 175 624 498 214 600 252 895
2 61 510
4 881 787 839 88
7 164 391 426 495 848 828 703
0
4 473 797 302 318
8 33 355 141 656 500 117 570 477
6 113 81 362 495 433 384
7 553 692 820 376 186 155 223
6 486 202 84 854 121 92
2 533 590
4 242 739 365 592
7 900 710 557 595 191 27 319
4 219 196 7 479
5 268 666 772 558 304
7 810 459 82 115 660 566 604
2 851 126
2 17 262
5 585 683 469 135 296
7 482 392 332 749 177 919 670
4 33 266 611 407
5 529 138 452 767 144
2 196 870
1 846
5 865 434 276 79 775
4 227 40 94 856
9 578 649 430 241 150 631 732 541 544
7 580 601 13 882 537 478 672
1 555
8 705 258 134 588 143 758 573 63
2 721 432
6 131 904 654 308 55 916
7 547 133 361 717 274 21 224
9 707 389 808 296 657 661 904 197 480
7 587 913 276 853 598 219 411
9 357 264 717 48 594 340 283 575 416
4 148 565 526 478
0
1 356
2 435 448
5 15 123 460 878 159
3 795 101 654
0
3 305 850 575
8 327 231 842 592 118 408 635 703
9 418 515 485 647 877 911 89 379 540
7 777 555 589 53 279 90 220
5 1 626 515 134 86
8 418 426 866 618 184 370 504 346
1 99
7 289 107 684 719 821 570 95
2 773 632
4 153 155 238 766
7 353 582 527 16 114 286 518
2 355 428
6 517 393 745 340 544 896
6 262 681 813 788 437 474
7 234 299 812 22 152 252 831
5 649 20 624 95 728
8 169 556 879 754 756 383 510 31
5 881 11 524 63 407
10 609 641 869 258 73 687 374 664 441 22
8 801 3 711 648 650 387 570 768
0
0
3 594 596 352
8 897 580 262 712 587 622 143 512
7 770 899 399 915 660 542 895
6 387 844 434 597 342 157
0
4 210 61 407 306
4 577 459 759 144
0
1 871
0
7 912 166 268 399 848 404 604
4 442 35 885 827
1 108
8 737 262 426 307 757 279 56 30
7 585 203 862 809 506 766 191
4 272 341 855 40
0
0
0
9 129 802 518 71 75 434 61 875 735
8 107 463 400 820 758 663 412 863
5 785 473 75 344 128
5 33 674 812 230 919
9 641 645 839 488 300 141 374 505 224
8 133 262 8 684 337 345 640 326
7 452 107 755 117 127 892 447
9 134 232 299 910 751 88 733 606 159
2 107 620
2 738 711
10 515 364 389 716 739 914 307 250 892 30
10 8 906 44 913 210 627 599 920 668 861
9 524 586 234 856 655 184 548 760 158
4 627 28 239 751
6 305 822 183 217 507 893
7 419 309 823 696 505 572 416
9 678 712 588 336 338 443 16 667 832
9 802 583 706 14 174 850 691 382 670
4 923 396 143 764
8 3 199 839 841 594 692 59 861
1 143
1 237
9 291 389 263 232 234 392 429 498 562
0
10 737 675 390 80 464 383 475 892 667 703
7 323 748 455 876 436 24 411
8 329 650 171 62 439 24 285 542
1 728
4 292 863 119 407
7 454 781 143 723 916 655 668
8 364 333 494 466 472 89 826 827
1 862
2 25 435
6 581 520 330 75 47 121
5 305 577 814 343 102
7 198 712 338 374 439 920 607
4 449 618 819 247
1 748
8 67 580 298 748 269 178 318 127
1 901
7 294 459 81 90 411 542 742
3 329 659 252
1 350
8 515 591 798 175 791 600 157 286
5 98 659 828 827 223
4 613 83 653 429
0
1 584
9 833 279 201 76 561 691 87 536 763
5 649 706 579 597 373
9 481 833 803 164 679 331 196 150 669
7 84 424 323 52 921 477 736
5 858 92 61 846 407
8 545 610 589 112 506 219 124 795
5 466 612 274 576 250
6 161 770 167 181 507 288
0
5 505 609 804 566 488
3 210 735 306
5 681 25 745 682 480
0
6 805 838 617 18 51 128
8 354 676 490 333 624 600 826 700
7 387 37 681 362 526 818 340
8 259 716 293 588 823 59 860 383
3 819 316 382
3 410 804 246
5 826 371 259 373 310
7 198 840 683 396 431 276 791
8 803 869 878 179 120 441 893 158
2 777 152
9 865 401 611 36 681 170 779 113 51
0
8 451 868 520 339 597 88 89 127
3 188 207 823
6 130 835 776 265 89 410
10 412 300 366 656 505 854 121 697 732 246
0
3 817 741 855
6 227 805 456 303 55 445
3 518 903 872
0
8 578 679 780 687 791 312 923 640
8 836 262 749 757 22 122 251 374
9 561 452 838 305 786 563 25 411 383
10 593 803 388 389 746 145 853 699 798 128
10 546 835 104 332 751 86 442 123 862 896
7 545 177 244 409 348 733 480
10 482 36 551 807 809 781 366 401 681 438
7 520 272 882 789 151 312 671
3 747 875 326
4 922 236 279 764
9 71 760 526 495 880 856 761 26 381
2 686 910
7 807 714 749 559 562 148 733
4 241 16 456 496
0
2 455 608
5 81 345 531 916 504
8 381 12 816 537 826 732 573 606
0
10 325 552 521 8 756 773 763 668 93 320
2 398 430
8 162 41 364 13 529 84 497 599
6 100 678 365 754 601 800
1 352
7 550 750 626 853 384 479 582
5 185 170 773 582 423
2 33 111
8 354 133 746 305 52 533 282 384
8 900 517 358 460 725 792 379 732
4 849 594 575 752
5 369 673 499 207 200
1 153
0
1 572
7 707 488 42 237 505 339 729
2 411 566
8 641 615 715 179 694 248 796 544
4 332 644 919 272
2 315 223
9 835 233 493 494 174 888 25 156 350
0
4 186 102 743 278
0
10 737 449 166 266 683 462 782 273 511 390
3 498 868 784
7 740 72 331 303 821 248 96
10 707 580 428 131 371 468 759 58 445 288
0
7 99 548 105 364 270 62 63
10 484 840 905 874 523 716 685 210 374 889
1 602
10 897 135 168 553 138 331 813 399 495 472
7 229 679 139 560 21 824 474
10 483 645 39 265 814 84 854 631 862 96
2 203 656
6 833 742 688 315 668 416
1 620
4 913 410 309 655
3 297 326 224
3 331 347 875
0
10 771 133 285 110 47 21 23 537 789 733
10 706 293 617 522 270 585 20 182 605 224
5 585 353 843 149 11
9 289 709 841 459 617 916 85 154 799
8 711 680 459 910 496 467 855 779
0
1 197
2 130 39
6 545 419 13 568 671 416
6 578 195 650 587 564 888
6 550 423 524 621 855 700
2 682 612
9 418 900 636 530 889 475 288 542 96
7 777 748 686 304 920 544 800
6 865 617 427 527 17 287
5 219 792 838 476 462
8 873 701 532 306 371 244 441 413
6 356 555 272 243 85 316
3 577 633 691
2 169 894
5 49 635 160 77 440
2 307 892
0
7 161 263 440 499 854 280 700
6 161 70 747 756 766 768
9 321 2 807 44 272 146 245 216 411
4 300 772 799 626
5 642 643 430 231 682
6 610 391 10 244 764 127
3 313 445 63
3 409 44 480
7 897 354 519 40 683 627 188
0
8 898 139 529 401 500 661 413 159
3 784 680 624
6 708 6 874 212 793 126
10 129 521 874 143 305 18 377 506 734 863
0
3 706 219 719
10 60 711 875 174 911 625 531 340 343 316
8 867 484 197 295 555 467 853 538
6 387 171 236 153 243 89
1 139
9 612 166 75 757 191 248 414 383 736
1 425
6 609 226 2 542 408 126
10 268 905 524 398 777 804 373 567 920 637
10 767 456 777 113 393 373 374 155 575 287
1 802
2 17 117
9 290 643 203 524 469 728 251 27 798
4 210 797 886 576
0
9 712 361 234 875 563 533 123 832 512
9 803 434 824 688 882 663 760 444 125
4 737 268 765 319
5 778 746 223 367 920
10 35 870 459 685 270 96 187 640 798 838
2 194 140
1 321
9 97 258 548 872 233 172 265 147 922
4 485 309 382 550
2 100 512
6 294 392 618 53 316 447
8 547 804 390 617 111 820 504 806
8 357 9 139 749 337 901 27 477
9 97 593 195 871 746 369 659 372 512
0
9 642 107 588 849 84 697 381 863 192
1 218
7 899 199 11 483 783 402 792
4 696 94 727 888
3 921 814 798
5 100 836 196 461 48
4 106 35 94 303
3 917 223 728
8 362 300 51 660 138 121 60 128
5 90 576 229 510 392
1 273
4 242 187 443 600
8 769 551 361 618 397 373 121 557
5 737 562 256 319 794
3 905 803 196
2 23 535
8 675 394 376 45 21 24 507 734
6 353 419 389 595 734 832
0
3 58 604 623
7 771 582 13 689 697 573 32
6 259 100 381 144 113 221
5 482 451 189 559 240
0
2 364 863
5 922 228 806 807 144
5 644 508 237 750 510
4 45 747 685 647
3 539 551 615
8 778 492 494 591 307 276 854 220
10 779 909 270 687 401 280 281 797 767 352
2 871 224
1 197
8 801 226 483 541 337 628 440 797
10 361 746 749 590 558 308 245 727 184 384
4 666 611 38 854
6 517 140 14 80 152 569
9 129 450 228 589 270 307 694 249 573
0
7 486 746 279 408 602 352 896
0
7 9 427 369 626 85 25 797
5 451 348 416 239 400
9 484 581 679 583 370 658 517 795 477
3 681 884 55
10 328 772 424 555 172 402 819 884 22 828
1 659
1 149
8 801 840 491 559 48 213 854 184
6 258 420 750 881 565 793
3 121 346 594
5 761 90 201 142 312
2 325 327
5 683 606 59 823 480
7 69 425 93 656 532 421 861
6 353 802 171 257 885 318
1 899
6 290 739 615 619 174 505
10 770 514 856 499 468 245 664 411 668 126
5 642 179 278 263 122
2 39 272
4 10 96 639 154
4 249 371 327 808
1 85
2 364 39
8 914 258 722 525 466 725 699 190
1 170
2 73 214
4 26 656 582 568
9 353 322 741 615 524 336 276 567 606
6 609 41 684 792 94 287
8 375 619 625 402 759 186 189 63
5 69 914 149 485 382
9 452 421 296 74 179 709 566 677 735
0
2 270 272
7 545 456 632 436 666 858 606
4 65 443 285 695
10 194 134 428 821 598 409 60 637 126 614
3 674 75 806
6 513 257 421 497 709 638
0
7 325 230 648 712 404 31 832
7 161 869 551 44 109 560 347
0
2 135 704
10 609 838 201 592 307 597 824 57 415 608
0
0
2 709 797
2 9 242
10 513 581 905 74 782 783 627 810 573 670
2 276 476
2 172 63
3 810 470 490
1 884
1 891
2 869 46
0
2 609 529
8 292 679 104 52 695 216 764 31
10 897 833 901 391 546 237 85 54 245 704
7 103 109 334 847 50 728 125
4 738 259 829 870
1 310
2 493 392
0
1 571
9 330 427 716 463 82 883 55 522 889
5 801 826 844 325 894
3 556 644 664
9 674 292 390 392 786 751 818 221 734
4 261 347 517 358
9 732 618 64 179 788 312 348 349 192
0
9 709 43 142 277 726 507 893 331 384
4 417 429 158 128
4 113 907 860 326
7 643 268 301 658 87 568 188
4 213 587 509 590
5 734 61 598 71 192
6 642 7 329 785 9 570
3 401 380 677
6 610 13 496 596 440 640
0
5 851 653 878 623 486
1 118
5 281 803 524 357 491
6 165 550 427 177 467 857
0
5 751 813 774 359 694
3 563 92 603
1 621
7 705 38 392 443 448 29 896
10 353 900 680 811 876 494 719 639 218 543
8 647 201 237 493 846 851 404 920
6 713 747 367 625 789 342
5 97 729 339 390 778
4 755 620 701 7
10 387 676 582 12 909 339 86 795 542 864
7 388 198 108 276 860 190 192
2 897 643
7 449 145 457 271 753 695 600
6 3 874 779 914 183 669
6 772 171 914 282 893 299
3 417 786 164
4 244 388 404 887
0
9 457 46 592 691 405 87 792 317 63
5 273 403 316 605 600
5 627 31 381 899 103
5 435 589 878 831 328
5 393 282 739 55 632
2 497 201
1 374
6 417 674 138 243 314 544
6 899 492 559 567 376 446
7 228 870 903 906 683 272 917
2 851 319
7 193 138 179 567 728 190 352
1 637
6 323 838 911 89 27 285
10 579 101 455 268 912 625 341 854 344 255
5 714 813 439 135 790
5 737 748 493 630 71
1 42
9 801 322 98 360 329 203 685 465 467
6 393 715 434 502 380 381
6 226 902 491 599 312 794
5 481 595 616 542 160
5 2 91 701 903 424
5 882 763 920 167 48
9 547 36 746 588 141 624 150 634 858
3 323 852 310
9 449 548 556 909 820 534 889 730 894
0
5 276 756 518 110 864
9 705 612 39 169 717 760 729 731 95
2 579 766
9 292 423 523 524 13 497 722 853 412
4 40 444 718 176
9 835 196 684 783 148 149 175 151 634
1 389
3 56 702 624
1 485
1 519
7 485 903 423 9 235 572 864
3 522 774 608
2 257 121
8 458 364 848 118 185 304 573 350
6 196 44 18 563 91 32
10 327 71 615 395 179 533 637 350 70 192
6 107 556 17 406 30 640
4 769 227 861 7
8 225 292 361 913 666 256 31 640
3 577 98 82
8 99 580 743 552 809 362 424 405
6 770 713 171 745 507 639
7 869 400 633 659 852 281 191
7 461 753 723 757 503 286 800
7 418 459 755 78 467 206 701
9 738 164 392 458 843 655 563 379 799
7 801 664 462 209 853 503 856
7 292 39 777 559 297 47 382
1 301
10 68 453 372 910 530 851 564 726 165 758
7 324 645 650 268 439 282 191
7 44 847 80 433 15 24 923
3 58 69 74
2 543 32
9 673 901 870 562 308 23 677 765 767
4 329 765 790 24
1 176
0
0
9 712 780 141 910 238 18 756 503 667
6 138 207 753 693 566 857
3 362 643 72
5 338 275 826 31 248
6 485 349 913 216 284 253
1 72
2 632 600
9 484 873 649 852 597 343 379 764 254
8 98 681 845 287 567 411 316 543
0
0
7 869 391 464 273 85 725 862
5 800 508 501 814 56
4 210 588 438 614
4 626 548 222 231
3 892 357 319
6 419 422 214 345 766 383
10 34 424 652 270 240 881 450 181 120 220
3 465 4 167
2 497 800
4 475 308 798 287
9 358 237 78 623 211 54 759 858 541
6 869 751 498 851 118 160
6 868 459 818 915 796 811
7 866 194 204 111 144 629 477
3 273 125 317
5 473 705 915 820 360
3 627 284 646
4 378 195 236 568
5 381 445 799 47 552
1 15
2 163 756
3 892 654 783
1 376
3 851 724 190
1 557
9 418 356 681 780 494 751 719 761 91
1 281
5 860 603 627 315 310
0
3 614 14 136
3 842 118 150
3 698 797 463
6 452 904 365 180 345 475
5 505 649 868 759 112
8 771 292 457 139 574 676 731 91
1 425
5 555 444 173 315 24
8 69 522 299 728 721 374 280 286
10 741 522 142 591 690 725 87 634 224 544
0
1 284
4 441 770 705 218
7 37 72 52 794 901 796 382
9 738 770 714 555 813 816 689 279 605
8 199 814 144 754 755 570 827 192
2 669 864
7 874 780 815 306 627 271 598
2 790 734
9 68 134 489 661 598 122 411 540 447
5 601 785 220 790 80
