567 48 43
2 131 133 261 130 13 15 17 18 531 404 533 536 281 410 165 173 563 433 307 54 316 189 448 69 334 381 471 217 474 475 480 145 488 125 365 282 240 370 501 246 106 249 123 253 126 255 512
132 138 399 153 20 278 25 285 287 32 289 292 295 296 541 557 558 306 437 543 311 312 442 445 319 324 453 328 459 337 466 420 213 223 224 97 4 99 235 494 242 503 383
2 275 287
3 306 197 354
6 131 260 101 489 332 16
8 452 9 10 463 48 145 382 478
8 355 196 40 300 142 91 63 96
3 258 404 183
5 107 220 14 239 62
9 290 408 11 12 464 84 119 344 91
7 385 453 554 309 293 126 127
7 34 549 358 327 170 183 224
9 5 422 487 236 174 176 499 533 144
0
9 289 546 324 197 98 553 493 400 215
2 246 383
2 378 60
3 185 284 495
9 193 11 560 114 121 186 475 444 383
10 97 195 517 390 559 49 275 501 412 134
2 341 431
9 193 166 492 77 209 343 504 313 542
1 23
0
9 194 324 127 47 470 215 444 349 447
2 321 506
10 66 260 8 52 470 23 381 158 447 502
2 561 239
1 95
2 59 422
10 516 167 551 271 144 370 215 57 23 6
10 36 518 168 550 178 339 123 64 351 256
10 391 140 558 175 147 308 47 376 254 160
7 481 365 174 180 534 186 222
9 12 329 42 139 172 338 309 313 190
0
0
6 450 165 490 280 88 285
8 99 44 559 466 182 441 539 61
5 81 522 507 517 167
0
3 513 515 456
9 37 102 392 424 144 246 90 379 406
10 225 258 483 459 193 147 367 14 307 312
4 36 324 79 202
1 147
9 226 228 133 300 368 249 5 348 285
7 136 234 272 281 318 415 128
9 291 498 521 367 41 435 91 28 157
9 418 486 482 393 398 177 338 211 509
10 323 100 198 387 430 143 324 407 124 30
5 459 24 557 94 414
6 545 518 152 79 440 478
7 551 456 525 398 246 217 253
1 185
1 516
10 67 68 168 426 232 141 3 108 341 249
0
6 162 308 118 344 474 155
6 449 388 553 459 143 310
5 218 324 437 486 162
1 458
1 424
5 284 552 548 78 432
6 1 203 300 177 251 286
4 445 227 388 173
5 3 116 158 215 368
6 290 262 560 500 471 474
4 97 174 423 560
6 2 230 204 302 242 221
9 417 364 358 423 425 332 368 280 510
4 532 357 444 360
9 87 199 463 496 402 436 309 151 344
9 290 423 265 202 12 240 275 373 26
5 537 344 228 391 392
2 118 503
2 43 471
5 209 418 291 371 96
7 98 132 463 153 346 319 448
9 353 547 401 18 180 127 187 510 479
4 355 108 446 432
1 552
4 149 413 518 344
5 137 427 205 406 79
7 226 106 408 174 280 57 61
0
6 547 463 400 20 504 123
6 227 67 393 195 54 476
5 466 132 263 215 96
6 516 337 564 406 121 188
0
8 227 487 521 330 431 499 182 218
1 519
0
1 377
0
4 74 477 263 514
0
0
9 67 390 423 362 16 52 25 156 480
7 35 358 138 364 531 221 550
6 35 199 297 201 344 318
4 241 114 500 376
7 422 521 554 427 143 86 409
9 484 267 462 559 302 210 52 23 30
4 73 225 501 402
0
5 49 20 52 454 218
8 451 486 458 140 173 241 178 74
6 193 188 332 60 445 543
7 398 304 561 408 474 509 255
9 196 166 296 463 210 56 25 90 326
7 200 425 170 299 178 185 285
1 519
3 186 556 40
5 550 525 518 463 526
10 455 327 424 297 77 206 399 563 535 445
7 229 390 264 556 302 85 96
6 515 105 234 29 57 413
6 359 299 45 149 151 61
0
9 481 161 99 489 365 13 209 403 506
6 491 242 309 536 507 384
8 292 424 462 146 115 437 566 412
5 501 332 452 229 23
9 260 69 424 392 170 108 4 172 504
10 325 358 232 299 172 175 465 308 313 541
5 93 554 333 361 312
10 321 418 380 229 525 209 532 508 510 480
4 425 452 212 264
5 201 259 236 67 191
0
1 148
9 163 420 392 335 147 292 566 441 246
5 52 551 406 279 407
1 549
2 15 144
5 51 474 227 540 411
6 197 550 304 565 312 537
1 314
4 68 381 159 151
5 450 50 446 487 384
4 514 380 167 288
1 485
1 220
9 164 296 280 237 563 115 309 504 508
2 431 192
5 561 373 5 550 525
2 250 307
8 130 74 111 401 234 156 478 319
6 545 235 303 85 346 159
7 103 267 152 209 344 122 192
9 33 392 394 461 366 304 179 185 506
5 73 146 188 50 80
5 129 114 389 399 320
6 3 12 174 240 502 349
0
2 386 559
3 341 294 14
3 437 143 80
7 44 180 24 153 59 412 29
0
1 227
10 386 364 293 200 362 456 183 138 538 156
9 385 321 230 300 494 304 344 224 352
9 289 100 359 142 310 247 312 122 31
2 269 301
4 372 59 212 309
5 18 411 389 175 479
7 481 518 81 499 89 123 478
3 482 91 504
4 153 250 67 341
7 5 454 522 365 343 216 540
6 261 240 530 340 501 442
4 267 22 31 344
7 1 289 203 80 24 154 64
10 516 455 136 459 140 465 372 90 203 319
8 197 520 178 499 565 438 373 32
4 463 251 214 167
7 98 295 361 365 506 382 32
5 553 194 403 13 509
4 473 57 100 407
3 445 373 550
5 411 268 110 439 280
4 477 308 325 526
1 214
1 15
0
2 435 379
8 225 164 552 11 360 537 469 89
8 515 4 518 456 557 305 376 222
3 531 440 136
10 451 100 392 332 291 398 243 371 411 531
5 442 68 141 366 220
6 7 136 555 364 272 542
3 338 236 158
10 225 114 221 237 304 402 181 285 255 96
8 353 322 205 191 86 443 415 480
1 145
3 266 85 159
1 144
2 305 455
2 244 495
6 355 44 446 315 112 222
0
8 162 387 137 74 43 336 306 217
7 198 203 560 304 403 476 128
0
9 145 428 165 263 34 460 337 119 349
9 357 360 140 461 179 118 485 59 543
5 465 514 218 69 402
10 433 3 69 215 76 145 274 115 407 348
2 362 381
10 549 74 472 239 318 436 56 485 155 286
4 26 467 306 122
10 385 290 515 108 240 338 54 25 251 543
5 441 498 204 557 112
0
9 162 515 260 101 562 25 84 473 285
9 225 514 452 267 367 530 564 478 224
6 516 334 271 243 180 85
6 483 491 236 440 158 447
10 449 65 326 327 9 362 209 313 191 512
6 481 360 460 275 284 254
0
1 185
2 85 509
1 180
5 466 484 565 22 346
0
6 550 465 151 313 351 326
0
1 531
2 161 48
7 419 171 496 273 150 120 158
10 424 488 43 76 525 179 207 17 467 251
3 426 503 24
6 66 552 495 112 241 377
1 333
1 152
2 546 32
3 547 125 411
10 6 300 557 144 434 19 20 464 313 48
2 164 279
4 371 103 111 223
7 169 12 269 14 529 242 60
6 195 42 402 246 377 540
4 540 398 472 456
6 386 487 327 271 313 285
4 384 298 268 472
6 457 176 147 343 345 26
5 506 132 397 525 252
7 355 5 203 364 248 218 446
8 421 9 174 335 494 119 447 192
0
1 561
7 545 546 132 392 73 398 345
2 435 286
6 262 167 299 492 239 208
0
2 345 532
6 358 139 562 87 120 224
8 1 211 175 400 18 499 283 383
6 291 166 331 496 181 343
6 7 285 177 50 279 157
9 290 131 293 425 74 562 212 151 59
10 2 36 38 39 555 306 484 189 415 6
0
0
2 114 168
6 133 136 143 503 120 315
4 105 10 188 231
7 514 451 101 432 498 56 124
1 473
1 25
3 251 196 335
8 66 68 424 125 461 115 377 541
3 141 143 240
0
2 199 111
4 491 349 374 496
4 242 139 471 498
10 65 453 343 41 523 428 302 528 211 503
5 225 10 268 73 200
1 322
9 260 134 77 404 46 366 356 85 348
1 486
3 243 503 312
10 546 389 40 106 109 559 304 202 412 479
5 356 378 444 494 487
3 538 19 69
2 548 349
2 481 141
3 29 204 229
10 130 4 290 396 77 80 177 210 56 505
9 513 291 330 270 495 306 308 246 202
4 433 43 76 117
2 93 206
0
3 385 346 492
0
7 195 327 11 559 112 476 381
3 273 21 30
4 181 77 318 39
8 322 325 41 236 273 566 344 505
0
7 103 488 11 144 178 473 186
3 540 277 167
6 28 203 526 371 245 124
6 226 327 200 183 346 383
5 225 322 473 255 496
10 451 324 421 520 138 141 22 397 415 288
6 421 8 314 282 94 319
6 390 466 376 249 412 30
3 203 51 430
1 251
9 322 99 5 550 34 498 279 133 542
7 289 70 560 563 564 149 188
1 517
6 97 260 175 243 314 315
6 161 4 336 88 542 447
10 417 474 68 463 372 31 216 250 251 351
7 252 104 484 21 56 220 255
2 554 256
4 99 340 518 440
1 440
6 482 131 37 527 453 251
9 264 266 243 528 307 58 94 31 288
9 421 551 460 271 83 85 347 123 128
4 498 59 30 87
4 9 277 159 183
4 178 427 172 421
1 278
4 306 180 261 304
9 263 361 336 275 182 411 540 317 224
5 137 114 124 140 338
8 514 196 375 206 431 338 535 187
4 484 164 447 128
4 100 221 380 397
9 545 38 347 403 343 219 443 477 126
3 459 53 247
4 560 303 87 416
8 119 552 362 398 82 308 535 248
1 551
1 549
1 332
1 76
3 451 180 399
1 204
1 134
5 321 51 524 278 303
1 205
1 507
3 300 37 270
9 3 516 408 396 465 108 117 24 453
8 227 297 370 564 438 408 60 63
7 209 198 426 312 81 211 234
2 38 135
0
7 322 259 5 463 465 350 31
4 395 236 446 488
7 514 391 258 297 332 442 27
6 199 363 140 85 248 477
0
1 164
5 556 452 245 39 16
5 306 383 342 55 536
7 417 518 233 271 297 309 249
0
6 514 492 210 55 60 63
7 291 133 326 175 50 517 347
6 338 24 249 157 223 352
2 565 183
10 290 99 104 332 259 303 401 271 153 374
8 36 389 358 235 174 271 339 378
1 552
9 172 307 147 469 566 567 476 61 448
9 353 517 71 554 305 308 437 253 414
0
5 393 546 151 7 321
1 389
6 391 362 301 527 347 254
6 386 66 107 25 315 32
3 92 445 86
9 486 392 201 141 328 77 51 152 320
2 530 13
6 161 106 459 270 436 248
0
7 482 517 244 202 562 468 448
2 535 208
9 444 392 296 556 147 183 124 61 510
0
3 441 565 398
9 260 453 487 391 491 436 20 216 75
7 293 326 138 248 398 503 56
1 204
7 355 429 240 338 246 314 507
10 166 73 363 81 338 115 150 471 154 350
1 444
1 405
8 258 517 535 426 14 437 375 512
3 551 231 456
0
6 133 551 74 435 279 478
0
8 198 233 42 48 25 347 382 511
0
3 305 175 352
9 98 356 486 360 142 398 561 498 342
3 563 184 472
3 273 3 496
8 148 519 138 115 84 314 92 94
9 353 516 398 177 180 22 120 123 448
2 362 291
8 131 6 40 297 48 406 316 253
10 260 164 199 139 109 307 516 150 344 122
0
0
8 257 140 555 44 173 494 110 25
2 514 354
7 129 555 270 15 17 379 475
10 5 6 519 10 78 79 49 306 111 159
2 308 496
5 103 224 159 303 272
9 226 413 15 500 337 180 119 125 30
9 37 391 233 75 111 499 26 154 221
7 323 516 296 13 109 303 543
1 50
5 9 477 30 455 504
9 322 100 550 461 333 270 465 531 23
7 291 36 270 495 464 209 192
6 481 322 202 564 534 252
4 341 61 390 352
8 35 43 355 333 238 433 434 511
10 258 291 74 335 436 95 504 157 479 384
7 545 163 145 278 218 414 406
0
0
6 97 420 362 211 376 125
8 257 459 268 529 473 377 319 320
0
0
0
3 305 387 351
0
9 291 197 135 13 564 405 549 479 224
2 99 224
0
5 475 532 93 126 352
7 290 551 233 406 344 249 476
2 525 192
0
9 289 98 426 562 245 474 92 286 288
8 162 163 197 204 494 402 309 313
9 455 12 400 498 373 150 565 91 128
2 9 466
1 87
4 98 372 54 312
8 33 421 268 510 338 118 30 63
9 199 403 413 243 47 464 531 251 221
4 546 30 86 152
10 65 327 551 552 337 83 116 408 39 478
10 482 227 517 170 79 404 278 439 133 350
7 516 43 335 209 20 89 252
4 525 47 511 488
6 100 5 521 267 441 316
0
3 409 308 229
2 522 552
2 218 60
4 137 178 412 389
0
7 514 490 165 394 438 362 249
6 394 431 433 180 501 447
0
8 241 390 487 418 10 369 564 254
10 293 230 458 440 527 433 338 24 348 198
9 386 324 554 331 146 442 410 222 95
10 97 519 234 365 560 84 511 377 286 223
6 420 456 414 91 542 223
6 68 6 145 153 156 381
8 265 46 462 55 24 537 444 61
0
7 65 517 553 236 463 25 478
6 98 326 491 497 466 91
9 226 291 453 486 459 528 185 379 29
0
6 173 494 50 57 27 160
10 290 67 261 364 547 503 537 442 445 127
10 523 431 208 403 212 245 54 120 156 382
1 127
6 131 73 204 243 380 477
6 293 168 113 119 31 64
9 197 454 138 495 80 434 52 566 438
3 81 242 125
7 453 467 186 378 475 92 155
8 322 10 524 338 532 85 126 512
8 108 516 391 42 396 461 210 148
10 193 451 392 428 195 334 529 536 187 157
3 457 43 479
2 268 197
3 17 338 539
1 428
8 481 353 39 333 304 241 87 478
5 233 530 523 445 280
9 170 143 176 21 374 122 368 317 447
3 76 190 183
3 177 521 326
5 85 190 165 150 454
4 473 281 382 534
1 503
0
6 551 297 236 174 180 62
6 6 137 74 398 201 247
7 423 296 459 19 252 11 96
8 450 165 119 94 222 23 542 350
7 516 375 216 334 567 248 190
5 290 51 116 230 452
7 134 41 363 560 276 538 443
7 429 49 148 442 124 351 160
7 100 169 174 145 119 24 31
4 217 2 6 286
1 92
7 386 42 364 301 410 443 125
4 11 236 3 350
10 225 257 484 521 235 52 309 91 476 31
7 166 466 109 552 141 338 147
1 359
3 411 284 125
9 220 13 366 305 183 346 124 93 96
2 361 213
8 483 487 231 490 171 533 409 351
3 275 486 159
1 329
1 35
2 119 440
9 3 391 349 515 463 241 23 445 192
4 346 276 110 246
4 505 401 413 46
10 130 323 70 390 496 345 218 400 30 64
7 492 197 215 460 55 125 287
10 386 3 68 552 105 162 433 316 286 320
9 385 73 42 460 335 177 408 153 31
2 434 342
2 481 223
1 37
5 108 349 139 116 388
10 322 548 326 427 300 45 563 212 311 102
4 316 318 327 526
6 67 421 209 502 252 319
4 521 380 566 30
10 263 114 265 490 271 89 212 118 377 160
6 161 129 241 50 472 122
9 35 8 170 120 397 430 176 116 280
3 139 60 287
8 10 526 529 242 276 312 537 282
6 546 356 5 294 548 248
7 481 102 77 114 21 476 477
1 143
5 393 41 291 476 537
4 233 547 541 22
1 112
10 513 134 457 458 395 527 469 121 348 192
1 437
10 449 354 102 233 300 51 431 80 307 309
7 227 555 204 109 80 529 531
9 355 452 6 202 49 54 120 473 224
8 417 99 549 189 174 532 188 125
0
