978 92 6
515 519 533 24 27 36 549 556 569 58 576 268 74 593 594 84 610 188 104 638 639 134 655 660 155 158 163 685 178 691 700 702 708 710 204 206 719 720 217 222 738 231 747 240 773 263 780 302 729 803 814 303 305 818 312 318 836 857 347 862 864 873 874 880 372 887 888 892 385 901 905 914 414 929 422 937 941 436 960 451 452 455 973 977 476 480 490 494 499 501 507 511
355 934 82 169 658 32
0
8 677 43 180 21 378 154 251 796
10 36 439 330 750 111 337 149 727 602 31
8 740 647 844 463 690 883 310 221
1 438
9 385 125 939 141 593 504 411 573 254
0
6 33 138 622 94 56 158
5 962 435 228 973 914
2 579 611
8 35 5 109 515 400 694 251 414
7 98 227 455 236 178 213 510
3 628 887 208
10 514 569 713 178 785 425 51 501 409 92
4 284 508 902 598
10 99 402 300 365 658 19 823 442 476 671
2 73 576
3 915 365 75
8 738 387 454 559 79 120 189 384
9 708 645 678 487 939 761 627 25 350
5 934 515 468 782 264
8 291 419 227 912 818 665 254 479
10 66 876 94 144 85 408 976 349 574 800
10 513 290 227 110 430 656 529 634 667 126
10 451 740 876 974 688 252 506 700 396 95
8 177 583 142 432 561 499 29 863
5 917 397 463 695 690
10 834 324 745 394 653 644 730 956 221 608
6 455 12 696 636 799 864
0
10 866 99 196 714 751 574 594 886 728 798
2 787 135
6 946 425 554 457 249 201
0
0
5 475 819 644 660 739
3 27 492 262
0
8 771 132 170 396 846 661 734 768
1 374
5 289 546 11 359 946
5 434 635 852 374 302
5 807 298 76 895 527
7 385 779 620 823 91 383 640
5 833 228 781 302 616
5 937 801 228 110 272
4 76 357 448 312
1 433
3 433 875 902
7 98 233 910 366 664 186 320
3 778 229 791
6 806 392 906 492 335 860
7 737 915 851 727 958 735 928
3 609 360 656
4 937 467 171 347
9 898 864 745 940 183 344 28 125 352
4 531 816 382 232
3 148 310 624
10 200 235 140 336 242 245 246 412 93 598
3 61 365 751
1 833
4 762 827 512 130
3 386 597 752
10 964 968 585 527 464 820 310 576 606 384
9 514 106 974 46 403 917 665 445 126
10 76 104 9 170 300 781 144 343 90 656
10 547 196 136 492 237 879 49 471 59 636
10 129 482 804 137 106 208 114 857 667 512
0
2 609 371
9 897 614 104 206 496 885 800 702 160
4 390 291 422 419
8 225 966 551 749 463 688 279 794
7 644 198 631 568 540 30 191
6 805 47 688 465 756 726
9 38 935 585 106 622 533 183 957 192
9 806 557 205 686 272 883 404 286 454
4 705 645 446 120
7 514 326 267 527 210 891 384
10 769 197 679 463 339 756 438 249 187 445
5 561 188 303 460 167
6 866 645 842 218 603 668
3 203 293 819
0
9 194 709 431 336 307 312 251 816 411
0
6 129 368 594 148 64 576
10 293 199 906 784 689 148 631 485 944 896
9 513 579 230 136 651 687 209 61 608
4 465 427 950 384
4 521 211 220 800
0
10 99 393 500 660 53 692 504 569 509 766
7 139 719 25 469 217 315 127
5 633 922 603 100 546
0
7 348 646 138 428 463 304 924
3 593 105 903
8 356 877 622 946 499 788 26 927
3 9 658 820
10 844 774 426 76 529 44 597 411 700 160
6 289 40 809 946 659 885
2 771 876
4 890 67 109 584
2 186 7
4 490 275 52 638
5 418 395 124 517 895
5 953 506 365 431 560
4 634 931 782 159
6 624 690 23 344 956 126
6 455 264 433 245 215 414
8 804 296 536 932 822 952 28 608
6 452 358 242 697 829 672
7 739 932 523 451 495 411 544
9 611 585 938 943 947 731 445 382 639
6 355 681 749 781 144 342
7 967 488 399 400 791 635 892
6 653 877 656 633 397 767
4 922 112 445 40
3 718 175 592
9 899 394 587 19 79 435 93 30 319
5 699 468 323 51 878
10 163 556 711 297 812 625 563 599 856 219
5 561 274 827 493 237
10 706 233 844 237 178 500 794 221 574 575
1 397
5 905 354 194 685 176
9 193 2 131 774 206 689 83 762 602
2 387 819
0
9 444 938 299 172 463 788 559 120 860
10 515 871 74 782 145 791 281 474 27 62
2 123 408
6 194 454 39 331 151 767
2 606 622
8 902 102 117 758 631 152 29 832
5 601 954 932 902 344
10 737 134 843 717 625 18 20 704 541 192
8 289 612 941 113 662 471 63 960
9 295 554 524 878 153 88 345 828 861
10 225 643 328 428 560 403 183 89 762 816
3 906 639 338
2 643 935
0
7 263 749 529 370 885 219 412
0
9 705 648 233 492 526 174 307 695 608
5 105 337 227 398 386
6 137 331 222 731 254 543
10 417 675 294 103 168 8 813 912 148 413
9 2 261 263 778 307 372 152 186 252
2 507 796
3 473 824 408
8 289 964 170 516 564 563 788 315
0
0
10 450 867 491 460 625 820 214 88 155 797
8 963 69 870 424 873 497 951 160
8 770 550 42 139 721 665 216 505
9 711 775 296 877 976 562 915 807 535
5 273 250 607 257 25
4 50 891 766 191
3 937 287 632
5 953 435 181 47 360
7 47 222 375 409 314 667 862
1 680
3 170 643 772
4 569 947 21 815
4 466 955 638 742
10 577 705 868 101 8 201 888 753 600 829
0
0
2 18 574
10 643 104 650 232 867 880 657 403 884 701
5 33 235 212 238 271
7 1 935 173 882 632 665 571
3 201 858 677
1 771
2 482 104
2 209 278
0
9 553 42 940 304 978 759 88 286 639
5 611 595 644 347 943
10 417 98 611 228 130 525 594 452 631 633
5 187 149 638 367 424
2 331 302
1 577
5 113 2 45 894 319
3 772 916 743
2 821 32
1 110
6 613 170 728 581 928 736
10 899 262 811 526 79 753 756 789 699 508
3 721 666 85
0
0
1 639
10 325 631 71 458 273 949 823 874 574 800
8 834 268 165 972 846 190 826 414
6 433 838 369 854 220 575
5 313 642 795 421 450
7 845 856 653 399 630 695 792
0
7 865 516 965 395 117 282 734
8 162 676 808 685 271 851 861 736
4 134 715 662 424
7 807 203 748 179 249 59 893
5 833 83 540 341 424
1 282
0
2 803 261
10 513 481 517 38 930 939 400 211 472 636
5 97 803 452 813 167
1 603
1 534
1 183
3 595 766 598
6 66 389 583 615 245 955
6 935 583 208 689 54 790
2 756 61
5 690 315 408 581 592
5 241 257 335 793 706
7 769 4 456 723 324 733 830
10 417 742 937 400 18 275 853 600 249 159
7 900 876 332 212 91 347 928
1 661
3 251 805 920
5 554 539 756 259 508
6 387 423 973 379 511 544
1 385
8 897 796 262 79 405 442 827 668
0
5 521 618 811 869 198
0
9 257 644 389 650 243 950 762 26 796
8 259 263 7 265 848 180 22 368
8 101 869 681 558 403 22 741 574
1 304
3 962 659 944
4 141 443 404 69
5 393 691 797 895 799
4 489 267 871 232
7 962 260 845 369 292 245 213
10 220 621 335 50 948 789 182 922 92 192
0
5 836 225 331 740 518
3 619 476 470
8 519 861 332 179 920 28 413 447
6 131 270 628 279 668 509
7 835 680 942 761 667 32 512
6 423 303 784 530 663 760
6 231 712 522 15 565 891
5 12 337 196 541 854
4 586 844 740 317
6 455 616 20 792 572 671
8 164 262 77 51 335 657 179 445
1 682
2 412 373
7 548 709 135 359 618 213 799
2 676 351
3 177 738 493
5 322 27 534 815 239
9 4 615 136 425 490 238 304 401 978
10 482 36 325 102 519 943 146 399 581 668
4 745 456 85 728
7 385 771 649 817 724 599 956
6 737 449 771 581 694 412
8 209 519 45 207 145 887 411 895
4 801 169 753 369
0
4 146 139 293 754
1 205
7 742 39 521 42 235 114 715
3 700 238 39
6 673 967 522 235 396 429
7 802 581 234 469 344 510 32
8 779 461 238 943 117 375 632 608
5 309 768 469 428 152
4 290 603 902 303
9 66 764 202 301 47 118 23 796 414
10 641 262 615 138 551 62 970 340 120 350
0
9 449 865 164 485 85 343 281 157 31
6 706 743 680 236 182 758
10 300 902 71 204 877 79 660 503 537 447
7 354 744 142 534 504 345 572
1 248
2 650 24
4 393 121 855 504
8 485 936 299 400 276 760 249 69
7 545 258 646 818 179 914 467
5 802 835 32 614 726
1 11
4 18 536 479 802
8 625 292 514 748 751 945 731 766
8 901 872 521 714 146 149 214 474
0
2 873 583
6 490 848 339 372 699 511
7 340 396 498 596 54 439 248
8 929 290 676 326 751 433 444 544
8 549 299 268 493 976 534 151 318
7 539 166 298 815 280 411 667
4 602 548 974 64
7 456 683 264 528 118 569 864
1 948
5 882 868 589 711 592
6 932 197 202 407 953 735
5 545 675 397 455 944
0
5 193 885 644 237 726
4 601 202 932 708
9 380 969 846 752 147 567 892 157 862
6 104 14 725 58 544 288
0
3 364 676 887
9 739 485 742 747 686 438 631 568 217
9 773 841 861 783 528 425 421 189 62
2 523 190
4 754 644 190 640
4 665 181 598 399
8 803 713 10 880 342 535 601 381
5 625 51 572 388 902
3 281 199 704
4 409 923 503 408
6 584 745 520 936 688 126
4 113 852 958 950
7 579 476 261 855 760 314 156
3 201 929 260
10 709 521 733 686 913 181 55 250 829 798
3 363 965 406
10 962 643 613 163 360 814 210 436 758 830
9 35 453 136 367 534 633 27 798 278
6 709 498 656 594 21 90
0
6 398 463 82 695 221 704
3 689 55 608
2 973 423
8 485 390 170 781 274 181 965 382
2 785 103
4 113 34 478 962
7 357 8 941 144 920 825 59
2 281 175
0
5 420 515 472 171 864
1 33
4 953 814 823 80
10 583 146 749 843 525 814 302 754 176 511
1 326
6 385 898 274 242 756 118
1 969
8 867 74 973 259 623 371 314 701
0
3 667 655 912
7 265 907 462 853 598 667 861
10 363 876 241 404 309 90 699 924 255 320
7 746 399 913 463 151 830 415
4 905 524 327 647
10 449 519 234 600 842 816 631 536 825 892
8 586 268 14 783 478 241 944 926
9 292 359 683 47 240 49 279 795 639
6 513 230 907 150 216 683
3 532 527 815
2 562 52
8 481 546 614 327 783 188 349 574
10 547 262 843 846 209 665 185 891 828 831
8 354 328 841 525 622 753 884 439
7 772 392 202 779 312 505 863
0
8 113 458 749 243 17 179 884 729
10 37 870 818 521 587 702 210 698 764 158
0
10 354 614 602 233 843 824 659 563 568 58
8 558 815 787 724 181 891 544 384
8 227 423 367 623 657 758 222 800
8 164 904 74 752 4 150 122 400
9 754 236 176 785 690 83 507 222 832
5 561 450 315 950 240
4 881 812 869 927
10 197 776 874 142 15 819 90 283 189 318
2 186 766
2 467 568
7 484 223 823 249 222 127 566
10 355 333 335 308 447 538 443 317 895 566
8 100 297 462 914 883 213 797 320
5 947 116 246 927 400
5 746 724 293 94 327
3 564 704 736
5 501 826 221 102 338
1 86
3 722 619 536
2 651 78
1 768
6 833 450 104 429 626 883
6 675 68 147 276 375 319
10 738 68 551 201 459 403 20 664 412 476
9 673 130 490 529 818 212 471 10 538
8 385 549 425 946 788 661 343 885
2 909 654
0
7 497 559 337 114 372 919 634
7 460 135 396 81 114 538 348
3 618 732 797
0
7 97 968 204 305 343 248 91
4 113 772 413 336
1 108
9 674 710 460 561 338 831 221 383 342
10 1 545 456 175 432 849 15 475 862 704
0
7 424 462 271 878 918 23 622
2 731 718
10 803 37 862 611 606 851 120 825 752 190
2 543 832
8 72 15 213 246 887 380 222 896
5 417 932 404 662 87
2 121 971
3 31 175 152
6 705 489 585 570 188 575
10 214 292 807 912 788 373 694 93 222 406
10 388 72 489 970 248 112 87 440 476 349
6 802 901 390 777 527 603
8 812 14 656 913 883 855 477 608
5 353 8 544 229 312
3 90 971 157
7 712 747 877 719 978 825 606
5 945 402 563 286 610
6 71 463 305 853 120 409
5 127 436 189 31 535
8 804 203 792 478 19 500 504 766
5 209 122 901 430 767
6 356 77 430 484 661 59
5 267 435 436 70 352
10 291 423 904 75 35 688 440 28 254 63
5 18 171 428 427 102
1 449
4 942 277 182 152
10 868 969 76 237 303 473 278 25 412 265
5 283 80 707 487 376
0
9 385 674 169 783 463 955 732 509 603
2 530 611
1 578
5 477 964 373 359 357
3 5 286 464
8 929 677 614 845 493 202 669 894
0
7 866 229 711 560 883 276 759
0
1 760
1 756
2 826 947
0
6 452 489 650 689 23 511
1 531
0
1 328
5 100 363 916 253 158
8 493 843 621 372 951 312 828 733
6 897 738 932 6 361 223
7 388 106 153 85 185 923 220
10 644 901 520 333 304 596 788 501 887 954
4 345 444 117 391
7 550 254 831 58 637 574 607
0
5 65 747 808 839 248
4 449 845 91 421
10 899 773 424 523 232 784 564 954 700 669
4 1 594 691 261
2 796 712
8 644 298 523 845 499 251 796 573
9 452 135 456 74 813 271 240 84 384
3 605 325 330
2 497 466
5 962 351 374 535 688
4 697 969 388 784
7 804 678 754 51 729 155 671
10 129 198 363 492 13 752 178 404 958 512
3 681 797 280
6 610 133 561 694 700 318
4 465 91 552 448
5 537 634 156 975 599
8 613 434 169 690 252 317 799 768
2 458 210
8 707 711 812 946 564 853 926 95
0
3 476 589 207
9 482 35 709 866 119 568 250 28 190
8 458 331 302 559 823 377 379 256
7 97 840 110 473 730 704 544
6 966 459 598 250 732 928
10 68 941 523 13 750 438 377 220 190 639
6 626 108 114 695 760 889
5 410 171 692 21 966
3 674 445 271
6 833 356 677 589 421 736
7 230 394 715 49 793 476 413
9 33 323 554 523 621 189 501 61 799
9 930 100 425 12 798 919 346 60 894
6 259 355 46 693 443 526
1 280
2 113 231
2 99 398
7 550 720 760 666 350 703 288
0
9 705 324 904 843 717 177 341 858 159
0
3 75 789 712
4 858 238 174 552
7 193 305 515 106 112 81 277
10 774 839 616 488 78 467 150 279 24 614
5 457 898 187 902 975
1 795
5 825 122 963 307 38
1 758
10 417 644 71 713 138 299 240 370 891 894
3 930 142 646
1 563
10 484 773 646 872 232 814 720 708 699 669
10 117 677 791 461 436 951 311 792 730 61
0
9 385 36 357 73 10 489 83 900 27
8 67 168 362 846 78 238 21 921
8 135 872 336 147 60 317 382 352
7 360 971 431 665 58 572 733
1 633
5 929 788 59 652 695
7 616 241 885 63 279 668 191
5 872 391 255 687 888
10 805 871 488 714 331 270 660 440 677 477
6 205 171 109 47 945 660
5 12 956 86 167 302
8 545 2 715 351 922 508 287 278
3 284 631 479
2 3 831
2 468 63
0
9 515 806 359 715 719 338 787 341 934
2 1 779
8 108 265 587 824 686 804 407 440
7 963 969 42 689 692 56 478
4 209 4 749 711
0
4 779 672 315 582
2 567 144
8 294 424 393 879 432 467 16 766
7 228 301 463 149 335 892 895
3 821 14 392
0
6 393 972 269 670 607 768
10 732 103 522 847 817 661 693 92 509 286
5 745 674 493 846 704
2 89 710
9 930 474 197 329 77 489 662 602 314
7 865 330 115 596 343 890 410
6 770 680 968 943 729 61
6 808 522 471 960 958 704
0
4 233 28 902 456
9 931 101 424 969 331 185 27 699 511
5 209 945 868 542 858
9 247 228 919 393 201 499 759 698 512
4 569 747 276 749
3 932 223 960
2 507 360
1 627
7 707 208 849 660 122 923 286
8 520 970 947 567 249 186 671 448
0
0
0
9 129 654 74 364 622 751 784 725 187
4 425 948 535 808
3 58 629 902
8 460 649 812 47 306 601 59 479
2 721 275
6 611 586 914 378 666 445
10 259 389 134 328 174 79 560 687 471 123
8 713 690 115 315 157 222 927 256
2 825 576
2 58 415
4 786 124 645 63
2 373 109
4 457 347 620 307
2 586 829
9 866 749 338 243 629 663 411 733 64
1 821
10 642 391 647 42 172 302 849 469 874 224
3 401 362 133
2 349 406
5 17 478 972 606 608
9 674 292 232 322 386 915 470 633 32
0
6 51 79 561 115 790 215
1 286
4 921 52 396 391
10 260 169 844 691 905 659 388 181 730 829
3 698 253 322
6 513 391 909 562 852 608
8 834 198 426 621 719 118 602 732
2 716 14
7 166 586 44 339 846 19 124
6 196 875 397 943 596 954
0
0
1 955
2 873 717
10 127 138 334 239 340 31 631 763 412 767
2 515 389
0
10 258 72 587 143 976 530 597 567 250 893
1 679
10 195 425 653 142 723 631 313 603 540 574
7 908 254 248 510 317 414 607
1 453
2 356 216
7 233 587 622 436 27 191 224
3 657 99 597
5 130 356 278 551 464
2 409 887
9 572 395 789 502 218 474 699 284 107
5 657 890 540 645 32
3 204 701 916
2 484 288
10 580 133 231 682 79 912 273 402 891 91
9 68 486 456 363 211 789 443 92 390
7 737 836 710 552 680 435 180
8 732 582 456 683 534 600 252 895
10 522 586 10 875 441 728 665 59 123 640
8 740 199 265 364 54 508 125 446
5 881 557 772 245 878
8 97 290 876 115 495 337 403 64
8 804 490 562 597 566 217 509 192
5 473 772 76 199 712
2 929 746
0
2 722 250
2 386 682
9 624 654 720 50 179 468 636 30 191
8 871 199 45 910 48 21 826 732
4 346 556 142 536
8 67 294 173 909 591 490 315 383
4 289 906 588 71
1 111
5 731 484 683 919 894
8 739 37 487 754 463 402 693 479
0
7 385 20 867 523 716 596 203
9 38 298 528 946 884 870 26 720 416
1 526
1 759
0
3 721 202 213
9 293 711 234 113 722 307 788 856 948
10 129 258 252 646 168 233 299 786 313 476
6 321 164 71 973 566 761
2 343 615
1 571
0
7 898 707 360 937 842 458 440
8 260 167 79 740 246 923 318 287
3 575 390 975
7 101 806 842 334 664 830 63
6 67 838 44 472 923 830
10 961 482 549 712 813 368 338 630 91 284
1 735
6 642 774 428 464 501 250
9 741 838 231 139 428 271 476 221 255
3 617 609 93
2 868 944
10 709 743 264 393 874 488 84 53 120 603
10 902 937 782 943 306 437 214 664 282 766
0
10 132 904 201 808 496 594 51 500 63 864
3 460 22 511
1 608
2 763 837
2 530 692
1 671
0
0
6 385 867 775 616 138 408
9 193 518 167 270 430 786 857 958 390
10 33 866 358 42 299 780 590 853 378 245
6 840 363 272 786 954 128
3 897 123 135
5 786 211 893 867 192
1 106
2 653 447
4 194 756 742 712
3 313 30 288
0
0
7 1 321 197 967 559 19 865
2 964 671
1 740
1 429
7 641 965 838 136 631 37 284
7 961 483 652 365 373 663 88
3 203 782 687
3 468 152 352
10 641 3 779 47 751 944 207 692 815 63
1 802
3 947 259 648
7 549 231 392 137 107 734 32
1 454
9 840 972 656 816 371 788 857 304 445
6 644 646 232 849 415 358
4 307 99 141 710
6 1 360 904 145 567 768
6 42 555 268 464 221 317
0
9 865 864 764 230 71 394 236 448 768
10 131 388 619 528 401 821 24 213 348 384
1 466
10 263 647 9 331 976 209 617 660 95 96
7 708 880 370 755 792 91 511
0
1 384
5 906 884 174 775 50
6 417 705 33 619 846 651
8 929 744 298 848 50 307 976 382
1 507
0
1 261
10 898 3 358 8 778 524 579 599 128 966
3 715 187 512
9 145 581 966 747 332 15 369 278 349
6 163 686 755 660 536 921
8 44 73 204 745 307 598 507 575
10 386 163 262 199 240 50 499 89 890 572
3 785 754 645
0
4 563 324 950 279
7 804 562 659 53 855 347 253
10 196 613 584 490 688 147 214 74 389 304
8 161 328 496 785 22 698 764 221
1 837
6 771 337 435 20 605 62
6 12 45 82 215 507 415
6 104 144 183 923 573 32
5 170 203 524 637 128
10 65 771 935 808 655 371 468 951 761 59
6 774 522 911 819 25 422
0
3 531 429 246
2 915 700
3 196 575 384
10 609 849 483 904 681 648 48 977 953 506
4 41 381 934 583
1 225
3 179 836 403
5 282 757 174 455 922
1 643
0
6 740 711 264 724 758 350
4 122 507 400 920
8 705 871 904 307 756 440 921 384
4 241 844 798 624
2 537 406
2 514 68
2 305 552
5 292 900 621 103 24
9 177 720 657 629 854 123 956 829 192
4 539 733 907 831
10 289 513 332 509 363 876 689 412 637 640
7 708 583 105 249 668 542 448
4 489 833 206 625
2 129 196
2 662 400
9 353 644 839 424 782 496 630 888 318
9 4 201 589 397 878 785 568 217 572
0
3 289 675 975
1 627
5 258 206 480 974 48
7 964 101 841 875 211 203 64
10 167 711 206 943 542 818 115 790 760 446
10 737 740 614 812 912 448 760 976 318 416
3 716 213 120
0
0
7 903 807 75 109 82 443 444
0
10 487 488 297 394 555 179 279 458 377 413
6 929 515 330 78 111 32
7 471 330 557 497 882 374 23
2 961 648
1 550
0
6 770 358 436 469 890 413
10 161 930 195 580 680 141 751 687 956 957
4 457 540 452 632
8 284 872 425 624 84 408 729 16
7 257 676 198 778 491 644 477
2 959 680
8 226 935 135 779 12 526 499 215
1 223
6 897 716 584 76 761 478
3 865 235 814
7 810 364 271 179 278 408 861
9 387 492 458 940 728 23 856 702 960
9 646 359 861 972 467 156 381 927 6
6 296 811 972 47 891 299
7 514 452 455 147 886 284 576
0
10 101 197 307 208 818 51 366 261 347 765
9 161 707 676 70 327 691 822 26 860
4 577 483 196 59
0
8 193 744 173 13 50 663 88 191
4 497 602 238 686
5 860 972 732 204 460
3 251 789 199
7 417 967 44 749 817 757 797
0
0
5 618 243 677 18 426
4 489 154 661 552
5 540 833 612 439 247
0
2 417 802
8 386 452 454 490 207 694 25 832
9 900 970 909 181 402 740 597 858 397
2 301 447
1 7
9 386 710 263 874 333 495 47 92 95
10 385 226 554 842 30 695 440 443 91 95
3 90 659 486
2 935 880
2 876 645
4 20 418 324 591
3 529 650 484
6 3 651 515 153 123 543
3 939 637 811
8 293 70 176 786 119 901 285 448
10 1 931 868 165 74 600 249 645 124 318
2 449 463
5 273 570 187 915 9
8 583 845 684 109 270 13 761 314
1 485
5 705 450 928 535 296
1 394
5 962 467 68 821 22
3 340 790 479
7 72 466 115 212 87 475 27
4 666 955 622 546
8 233 747 786 116 725 889 629 27
9 866 196 101 234 334 750 404 698 670
6 641 903 125 79 210 765
0
8 647 136 649 493 811 45 907 96
4 89 394 172 431
1 524
8 836 9 300 461 718 442 667 380
1 288
10 257 905 623 850 243 566 600 27 796 512
1 86
5 737 893 766 415 78
8 199 616 202 593 402 275 309 319
5 621 3 452 661 95
10 385 967 327 137 587 654 497 425 90 668
3 234 303 943
4 749 350 343 912
9 641 964 774 39 138 588 495 740 522
7 328 489 460 175 277 91 955
9 833 101 773 976 466 645 246 282 382
8 646 520 142 79 371 917 856 796
9 643 70 394 556 46 625 408 765 800
10 707 453 935 651 814 757 217 826 267 863
4 706 685 117 482
10 833 645 679 10 941 305 340 88 837 157
10 482 387 836 743 977 883 440 570 315 542
6 401 167 521 529 436 378
10 643 198 648 361 397 556 909 817 211 88
9 641 482 323 838 807 392 334 915 159
3 868 594 308
0
5 730 92 104 414 360
7 550 359 948 117 724 885 91
5 226 699 228 719 856
10 517 584 489 565 376 857 634 192 349 896
9 868 236 900 147 452 536 698 157 576
10 645 871 973 942 304 690 247 952 432 479
9 422 238 111 691 921 346 924 29 415
7 388 231 239 336 374 607 928
6 674 298 435 23 600 576
4 324 228 949 15
1 941
8 323 679 44 942 211 220 29 190
9 963 137 140 398 948 917 154 126 639
8 257 739 711 84 406 25 796 822
2 795 694
7 294 43 14 858 189 235 415
10 611 700 267 355 719 816 243 697 848 491
4 570 859 684 373
2 746 456
5 769 715 608 751 592
3 1 522 329
10 321 657 293 8 493 653 922 83 728 474
9 355 612 553 458 304 371 792 633 159
9 545 870 138 593 125 180 729 701 134
0
2 378 136
1 179
7 931 299 528 154 604 285 862
3 9 11 141
6 898 359 115 563 54 956
0
5 65 298 342 769 894
8 931 906 14 783 434 26 763 125
2 46 360
6 770 260 910 850 314 319
5 792 107 676 895 552
1 196
6 612 904 157 151 381 318
10 460 325 871 426 600 558 758 376 316 350
1 509
8 193 901 135 526 656 823 316 287
3 739 788 583
10 380 7 618 275 889 411 732 957 414 383
8 738 451 969 366 947 884 312 59
10 929 610 36 906 139 115 68 763 126 895
7 770 455 684 111 752 921 186
0
6 848 52 21 249 893 544
0
10 929 418 963 358 30 86 891 61 862 543
10 771 612 455 263 561 889 343 697 475 352
6 515 201 913 790 473 608
2 236 695
5 666 909 166 239 530
7 713 459 690 827 573 667 671
9 508 261 807 743 527 534 312 506 796
7 616 558 878 273 594 214 87
1 932
6 423 810 843 433 754 363
2 73 197
9 930 39 583 745 842 460 46 272 416
7 97 710 841 76 16 565 351
4 747 364 696 704
8 65 868 359 904 397 442 347 640
2 105 788
8 419 582 73 657 953 635 285 710
4 377 586 811 76
9 869 392 170 117 922 409 5 63 864
1 212
8 962 483 114 157 209 658 216 541
5 609 44 252 24 216
5 625 969 527 103 896
6 108 495 688 114 854 768
5 633 91 532 534 40
6 901 975 496 593 760 954
3 33 370 236
4 505 674 915 863
6 449 238 117 218 379 895
3 266 238 543
4 875 804 237 446
6 930 650 431 400 691 378
7 613 524 45 534 409 731 671
2 619 415
6 258 900 614 817 404 634
0
4 363 940 446 452
3 770 806 370
8 679 652 622 433 151 250 158 671
6 273 3 292 71 201 689
4 284 940 462 711
5 284 122 292 113 688
6 129 235 558 47 560 667
2 214 95
1 768
2 692 791
1 931
9 801 323 358 615 424 588 112 926 63
8 195 901 423 204 3 629 477 318
10 132 296 618 270 207 970 536 954 733 480
6 129 162 611 452 493 256
