619 34 23
388 518 519 393 396 146 20 536 538 416 161 292 293 295 40 41 9 187 544 445 545 324 459 470 94 443 571 617 366 496 580 276 245 374
131 135 270 531 533 423 560 561 442 61 576 515 85 598 314 218 353 356 101 614 362 363 239
3 529 613 40
0
8 476 445 381 182 28 541 94 255
3 313 546 608
10 20 97 48 372 538 378 123 253 27 192
3 594 556 234
5 369 322 347 399 384
10 340 258 323 359 267 606 148 314 187 446
0
6 289 421 38 392 389 219
7 419 38 457 14 597 283 156
6 226 229 199 194 369 186
4 17 353 479 456
3 138 148 498
2 433 270
1 200
3 530 516 272
1 209
7 548 328 75 140 500 119 280
9 168 492 173 398 81 114 500 181 214
3 259 260 254
10 97 545 3 584 589 269 611 462 138 575
9 322 365 43 141 178 179 212 502 411
0
9 358 9 555 557 430 462 186 572 107
7 257 325 582 212 534 379 157
5 218 123 485 331 506
1 491
10 5 390 167 168 327 499 534 510 31 262
5 481 2 78 79 34
0
10 401 195 196 119 364 529 54 311 218 224
3 444 77 344
4 50 375 111 232
8 386 236 261 231 268 436 496 308
7 545 264 332 45 431 152 286
10 163 550 232 490 491 556 77 504 410 288
7 4 455 364 89 480 350 64
0
1 62
9 417 518 359 521 523 76 590 15 111
8 67 38 579 464 23 443 476 317
3 513 350 150
1 155
6 259 228 467 244 246 217
0
5 603 100 428 463 256
8 321 418 556 300 398 464 60 93
10 321 195 166 363 428 144 275 116 124 446
10 166 135 297 362 237 15 529 437 184 256
1 224
3 89 614 480
5 345 290 371 517 509
5 531 595 455 447 248
5 146 419 445 143 594
9 161 116 557 532 437 150 536 158 118
3 452 54 263
1 517
3 419 221 360
0
3 131 301 271
6 74 171 592 337 242 412
1 550
9 419 583 232 499 469 183 405 60 479
2 467 596
7 421 71 332 306 218 445 351
2 391 400
1 551
7 577 344 77 206 370 88 446
7 194 284 43 110 337 468 444
8 165 238 313 154 27 476 541 223
3 250 207 336
8 483 70 168 525 451 115 219 62
2 258 461
8 327 367 464 247 120 91 126 352
2 19 484
8 552 361 426 588 238 393 343 605
3 373 300 533
7 2 325 305 120 410 477 286
5 275 351 310 23 400
10 386 49 553 491 334 145 84 576 223 32
3 539 84 430
9 577 458 271 500 213 534 373 444 574
8 433 68 308 301 49 100 27 124
5 402 469 189 262 288
4 228 557 446 112
4 370 139 2 328
2 89 485
5 121 130 250 105 106
0
1 105
5 253 436 37 14 278
0
4 17 136 246 598
1 294
1 386
3 33 451 77
3 289 578 488
3 505 155 165
6 3 423 367 214 600 59
0
0
1 23
0
7 582 296 558 498 568 603 125
0
3 586 55 376
3 242 71 527
3 458 421 575
8 225 257 483 518 298 143 343 572
2 106 447
6 290 302 15 240 440 96
8 420 523 398 147 279 540 61 544
9 65 353 69 454 45 207 592 248 230
0
7 143 8 363 399 149 31 95
10 260 137 332 110 49 489 484 375 349 511
1 15
10 514 540 553 138 398 54 472 124 381 288
3 276 69 374
9 451 48 300 334 368 215 505 128 288
0
6 133 262 456 402 376 217
10 577 450 611 135 103 267 208 53 379 542
10 260 618 587 588 560 570 300 332 252 479
3 579 60 115
7 322 268 171 396 462 183 26
3 178 460 463
1 186
4 49 473 95 434
10 194 100 326 231 336 223 543 528 607 287
3 500 549 287
3 500 7 151
1 329
5 289 477 127 103 32
10 487 338 9 268 210 115 22 59 607 32
3 497 154 259
2 266 28
6 418 84 565 470 154 501
8 515 105 11 556 174 399 342 315
9 257 290 106 321 114 374 504 412 575
7 615 498 339 282 281 218 253
10 97 513 195 324 527 19 356 577 380 255
6 302 174 565 440 414 64
4 555 595 319 399
2 113 570
4 513 588 196 168
10 197 326 50 175 82 243 143 155 124 607
8 4 519 391 43 175 595 507 166
5 593 339 166 147 30
1 561
1 615
7 34 110 401 118 471 89 510
9 67 612 82 331 237 174 242 595 31
1 79
3 119 567 48
10 194 618 589 14 436 214 301 153 220 607
8 353 516 485 331 334 274 125 288
6 578 104 520 526 112 597
2 33 126
10 475 614 71 9 492 425 539 541 254 326
1 335
4 201 314 91 372
4 373 197 222 607
10 518 167 454 77 400 178 212 534 605 310
3 281 599 296
5 274 611 542 383 328
0
4 529 482 525 37
4 227 340 133 608
9 231 267 441 404 247 537 187 224 313
9 230 199 137 362 176 51 87 91 381
0
5 457 513 571 331 519
10 545 423 295 552 178 75 510 274 118 235
6 516 5 114 18 53 218
3 241 268 317
6 428 271 52 409 61 607
4 41 467 614 6
5 554 206 260 262 512
6 548 397 17 243 55 125
10 291 356 325 334 144 177 531 53 410 608
5 185 330 83 126 558
6 476 457 531 564 220 127
0
4 121 194 540 134
9 132 581 75 238 116 309 566 24 246
9 36 164 110 430 241 211 516 249 156
1 137
4 134 434 350 152
7 389 109 334 465 371 245 378
4 35 533 487 304
6 611 167 425 138 557 507
3 617 300 111
7 67 454 327 296 362 527 210
5 305 361 277 510 535
2 58 472
6 548 518 553 336 612 188
8 421 7 456 297 181 218 155 352
7 449 68 198 107 239 343 349
4 122 67 253 357
0
5 313 333 125 63 104
10 195 583 296 41 587 172 73 246 538 320
4 116 354 163 596
5 610 139 124 455 490
9 103 203 140 465 436 472 283 604 62
7 167 231 426 462 313 315 539
4 337 498 363 160
4 106 397 29 131
8 451 231 525 590 462 345 313 27
10 99 100 458 300 414 337 374 93 126 607
1 387
9 163 5 487 616 242 52 86 283 379
7 321 2 106 203 175 433 21
10 241 203 140 496 497 499 276 281 414 63
3 258 60 143
3 338 355 370
3 17 210 16
2 353 165
8 323 39 456 265 492 373 410 191
5 361 386 272 62 574
1 619
1 227
10 257 3 294 8 297 76 310 439 154 573
9 418 388 293 561 83 55 186 189 30
10 418 476 391 329 462 52 597 119 315 28
5 4 43 596 419 574
4 441 242 347 289
6 293 457 18 190 159 160
3 593 403 461
5 209 149 37 126 362
6 111 113 150 311 61 158
9 226 454 450 169 267 465 211 25 350
2 122 142
6 65 451 297 235 398 475
5 124 443 268 245 400
10 481 552 76 557 496 369 86 121 442 607
10 514 196 134 562 270 530 275 182 90 262
10 12 197 550 588 239 175 151 605 158 54
2 581 142
9 134 519 207 336 247 185 347 188 315
10 44 561 467 566 600 346 155 508 127 96
1 265
0
9 193 67 412 165 586 557 179 572 125
4 368 156 214 406
1 357
0
9 197 71 105 203 207 337 180 213 252
5 483 476 75 299 271
1 525
5 233 524 237 224 320
4 297 338 307 7
4 443 116 293 608
1 537
1 493
2 49 335
9 33 67 235 524 461 468 543 280 607
8 419 552 619 50 340 54 57 542
9 131 581 174 18 24 133 411 444 317
7 9 333 461 433 119 475 384
10 324 135 364 525 452 80 276 85 496 415
9 323 197 103 242 557 175 272 433 146
3 481 475 184
0
10 226 452 135 587 368 594 372 218 251 63
7 324 305 307 373 409 284 383
9 487 301 46 526 441 275 119 185 126
2 83 348
6 1 111 593 282 124 351
3 409 416 504
0
4 489 28 198 303
3 362 388 308
9 225 322 5 40 24 333 213 343 216
1 59
9 39 360 393 618 88 142 466 148 440
3 507 155 534
6 36 521 266 435 571 93
10 166 461 77 495 112 433 59 604 190 383
4 426 524 471 544
0
2 266 229
7 545 459 431 464 315 221 575
8 1 547 229 301 142 402 220 381
2 353 294
10 513 547 548 614 103 364 243 516 471 540
2 131 405
8 356 235 560 348 411 188 221 512
4 177 398 607 320
9 324 453 173 446 405 470 121 133 510
4 402 365 278 466
10 354 69 359 386 586 491 528 20 407 362
3 78 326 384
2 577 499
5 100 532 468 325 239
8 37 262 8 302 52 471 508 350
9 387 44 556 195 49 249 505 602 221
2 478 72
5 470 532 512 366 216
6 2 389 614 200 602 253
2 491 140
2 105 475
1 605
5 129 257 508 557 487
2 436 29
6 516 276 55 217 122 188
9 385 550 172 399 147 310 538 38 96
9 388 69 43 17 530 485 220 107 544
9 264 56 432 286 344 346 155 16 542
1 601
6 549 166 553 459 141 594
1 496
9 260 71 461 495 146 373 55 253 575
0
10 68 292 591 433 548 147 516 181 367 507
0
10 161 529 196 391 43 175 17 612 440 509
7 97 199 459 238 339 156 127
6 97 132 389 427 339 159
7 326 585 241 466 596 598 381
7 321 360 493 409 563 121 287
8 2 581 231 107 436 89 389 604
7 610 490 331 367 272 247 348
3 441 461 375
9 161 519 144 50 599 441 378 60 288
9 67 101 457 362 235 179 307 440 185
8 322 297 46 367 233 117 27 380
10 65 3 486 231 110 111 434 595 255 96
7 388 389 491 588 405 219 192
7 466 364 304 402 442 606 127
0
2 611 52
8 556 572 5 390 360 44 526 188
1 250
1 470
1 46
1 532
2 277 200
6 295 587 211 534 151 256
1 518
3 553 509 231
3 274 541 63
3 140 541 110
1 344
6 323 311 247 556 119 509
6 515 388 106 565 156 125
6 97 612 491 68 213 606
8 7 489 47 528 248 282 30 576
9 483 530 618 206 274 532 438 121 188
7 228 359 299 565 123 189 351
1 605
5 210 419 516 93 206
3 189 556 565
1 275
1 92
5 193 226 333 134 200
9 258 355 68 618 11 529 51 85 159
4 177 532 495 175
0
0
7 327 170 527 373 55 281 90
6 36 170 434 149 234 314
7 49 134 138 79 561 218 159
9 258 203 595 275 149 599 313 474 160
3 132 150 464
6 292 424 523 15 276 380
5 217 594 212 469 16
4 273 233 61 358
2 328 472
3 53 278 512
3 33 266 563
10 231 264 396 14 303 404 149 410 126 96
9 33 169 394 114 246 311 282 319 374
2 217 511
2 177 323
4 313 218 135 200
6 581 366 82 56 606 191
7 69 487 395 563 214 606 543
6 129 419 530 532 405 189
6 426 332 366 526 533 219
7 388 172 79 560 500 118 121
6 266 432 273 61 542 288
8 289 276 75 20 182 376 159 512
0
9 1 198 232 329 445 364 525 477 192
6 516 199 233 464 373 188
8 577 584 81 147 469 118 597 125
8 164 293 488 78 484 185 315 576
7 161 617 461 434 180 57 28
9 614 589 239 528 465 473 83 441 508
10 194 9 266 171 366 169 21 154 59 222
5 158 48 44 366 584
10 2 462 390 392 206 560 407 504 251 187
3 449 155 283
1 220
6 231 522 397 367 497 188
9 449 335 583 328 15 469 54 537 315
1 371
10 454 527 403 148 218 249 378 544 575 128
8 1 449 233 239 466 468 503 125
0
0
3 129 453 118
6 317 271 530 341 216 413
4 466 116 590 338
5 338 558 183 383 46
1 608
4 169 618 132 477
9 513 485 362 179 337 499 517 510 607
10 356 325 6 264 398 433 403 117 569 94
7 164 568 559 44 311 56 606
1 453
3 513 501 439
0
7 495 338 435 535 537 507 380
1 177
10 98 292 425 490 333 48 209 315 124 541
5 393 17 45 239 63
5 225 90 274 583 514
3 171 319 520
7 229 616 590 530 436 283 32
1 167
8 322 165 553 427 430 112 150 389
2 330 389
10 292 108 302 176 370 566 314 315 125 123
5 281 233 611 479 600
2 588 231
0
0
0
10 193 548 615 426 269 112 565 313 61 352
3 229 93 30
0
9 488 525 337 340 279 505 218 188 318
9 3 388 168 109 387 82 548 217 251
1 282
6 524 173 241 468 469 471
6 168 458 428 366 403 352
7 195 342 555 114 374 287 352
7 610 72 331 431 531 143 280
10 293 330 172 142 145 179 533 313 26 189
3 577 578 469
4 449 454 423 248
2 470 407
3 42 413 486
9 484 71 136 428 18 118 88 601 378
3 364 526 494
10 162 231 418 109 555 525 207 272 402 94
6 107 397 309 441 412 160
9 104 234 462 465 274 212 470 412 445
3 371 47 336
4 33 476 533 598
1 597
10 138 500 564 181 599 90 469 221 223 480
3 434 196 264
6 292 261 492 344 286 352
8 67 580 394 526 111 372 24 256
9 50 138 242 333 142 370 182 158 447
1 464
2 380 558
9 578 36 136 330 333 591 51 303 160
6 161 422 176 407 569 454
2 155 316
0
8 491 359 267 408 367 56 282 94
7 2 7 618 145 346 221 414
4 190 110 90 152
3 347 84 312
10 481 579 68 63 83 591 307 150 410 447
8 420 232 269 431 496 15 507 16
8 548 5 71 462 273 376 539 606
8 292 111 249 536 409 251 571 31
2 147 157
3 229 493 199
7 516 265 431 245 280 277 544
10 292 104 585 45 306 532 439 378 256 352
2 317 165
5 237 440 5 39 232
0
2 121 474
2 179 608
1 12
5 337 33 484 414 320
10 108 7 364 368 146 196 406 441 154 160
1 150
8 612 199 274 85 599 440 443 444
7 609 130 548 517 74 109 81
5 449 308 229 271 295
4 537 538 524 465
1 261
9 355 5 131 207 56 506 221 511 224
4 243 276 477 70
9 227 484 173 493 46 18 278 483 571
7 262 8 142 212 279 121 166
2 460 488
4 473 163 63 16
8 97 322 550 18 561 338 216 159
9 234 331 463 400 113 51 431 503 120
6 168 29 405 23 605 447
4 169 532 277 440
9 322 168 299 429 314 92 285 447 352
5 594 347 488 286 64
4 281 169 229 230
10 33 227 4 132 188 599 408 219 348 508
0
4 221 612 317 150
3 233 90 557
5 565 172 413 143 455
10 577 33 584 573 271 177 245 373 445 288
1 332
3 505 202 36
9 227 327 263 163 560 114 156 349 512
3 578 12 5
8 513 266 270 446 151 26 380 382
8 197 72 172 48 81 568 40 351
4 145 577 262 479
9 610 611 77 20 23 538 603 93 347
0
5 377 506 363 68 450
3 388 428 591
1 566
3 130 261 485
3 153 292 375
1 252
7 420 132 518 114 436 408 27
10 391 360 201 170 459 237 238 440 414 223
8 7 221 523 47 468 181 533 157
4 42 315 525 463
9 547 388 135 238 46 307 404 501 510
9 353 513 264 522 44 111 530 610 189
9 483 338 330 364 336 274 59 104 254
9 226 457 554 491 109 366 206 212 266
5 209 394 557 367 353
3 180 133 496
2 60 575
3 410 290 440
1 242
7 1 517 76 50 117 89 510
3 266 335 552
0
2 249 398
1 270
6 99 38 7 41 206 564
6 356 614 143 212 219 352
1 298
8 579 489 592 339 437 248 444 320
5 469 248 493 478 182
4 218 333 162 48
10 194 4 585 593 500 85 185 154 191 320
10 289 322 37 230 7 425 427 492 207 171
4 257 210 379 140
7 580 518 144 401 114 84 478
1 74
0
8 1 322 294 235 174 431 526 92
3 14 198 158
6 227 519 199 170 177 410
5 242 69 30 517 194
7 546 451 235 46 303 401 149
8 380 493 205 367 170 89 27 220
1 30
8 386 584 553 525 139 173 532 507
9 197 233 586 556 180 24 345 62 191
0
4 441 403 516 376
9 322 329 272 137 374 247 600 158 534
4 298 53 206 608
3 483 581 344
6 227 293 80 210 598 581
2 476 148
0
4 145 282 216 288
3 314 109 142
2 236 549
5 585 49 12 61 318
5 364 163 492 467 7
9 547 484 293 55 407 347 125 187 262
4 530 590 143 90
7 296 137 83 275 244 119 255
9 548 101 390 7 428 302 431 50 603
3 402 525 239
4 561 300 221 148
9 66 259 462 463 50 271 87 539 288
10 3 38 71 136 105 9 403 212 57 319
2 466 421
5 601 430 191 575 480
2 486 22
7 69 234 432 561 404 408 255
3 545 601 503
3 554 13 560
6 199 111 50 275 437 60
5 9 338 108 77 200
10 516 530 39 498 205 468 400 402 116 533
0
9 580 326 488 361 541 16 402 246 221
7 610 456 494 272 402 151 538
1 193
3 385 350 558
6 609 165 265 109 563 404
7 140 358 12 15 16 126 608
2 57 11
0
1 209
1 142
6 390 174 80 177 85 478
7 131 7 168 395 67 182 535
4 284 22 327 262
3 253 470 550
3 317 478 470
6 449 358 212 42 532 186
9 104 363 463 382 497 536 253 478 224
1 143
3 385 595 205
6 482 7 331 431 217 412
7 484 328 269 311 538 317 511
7 322 579 66 426 560 309 601
6 484 7 524 17 251 383
