618 7 25
42 495 473 568 249 138 96
513 388 133 578 529 535 416 293 171 54 56 313 186 544 574 192 66 453 332 339 107 110 499 375 120
9 354 100 546 267 525 371 315 189 256
8 292 212 617 331 174 388 27 29
2 126 256
6 199 171 462 559 346 220
1 39
2 473 381
2 205 110
5 455 554 27 591 431
10 583 12 179 597 182 119 506 384 254 480
4 205 595 236 85
0
0
1 485
3 180 61 607
4 129 105 35 37
7 328 617 76 304 26 154 93
8 611 261 296 150 23 154 253 254
9 129 514 144 20 309 150 88 538 158
0
10 131 613 489 461 557 306 405 58 250 350
9 327 557 398 495 209 405 406 504 572
7 166 46 591 595 601 571 414
0
9 38 104 393 462 79 599 413 574 352
2 3 571
0
9 484 72 205 341 415 501 125 543 544
9 292 326 303 368 17 22 535 376 479
1 225
8 324 518 7 487 236 336 53 512
3 145 301 598
1 71
6 548 42 269 531 317 480
9 517 262 104 93 109 494 122 187 541
5 210 4 559 335 440
3 337 443 301
5 474 524 221 47 152
10 289 194 419 388 487 537 564 565 377 189
6 274 83 87 410 477 224
0
1 500
1 558
4 217 58 356 384
4 202 579 405 112
3 587 13 15
9 98 355 580 362 307 590 499 470 496
10 418 514 73 461 371 574 403 251 188 382
9 388 616 202 556 143 435 248 506 192
3 9 114 255
5 226 588 380 429 386
1 42
10 193 481 611 552 138 57 374 569 574 160
1 148
3 489 586 101
7 98 163 325 593 339 20 60
3 76 38 614
3 434 452 551
7 589 429 342 347 445 543 448
5 104 522 300 42 96
9 422 18 203 240 242 533 542 159 262
0
10 97 295 445 525 144 115 511 343 509 95
10 67 580 235 524 564 516 437 570 363 383
3 555 371 400
0
6 387 554 531 410 190 159
3 546 516 552
7 611 326 432 51 374 441 219
5 338 155 125 45 370
8 1 73 522 431 562 315 605 511
6 385 454 296 12 22 90
3 505 463 551
3 241 374 22
4 185 466 603 534
7 549 488 12 109 271 436 576
3 468 388 252
9 163 199 82 178 19 566 316 159 384
8 577 610 131 551 103 54 57 414
5 282 211 613 103 71
2 522 71
10 17 524 47 561 111 184 409 474 444 351
1 128
0
3 203 376 608
4 107 612 133 591
10 65 36 423 296 605 559 436 522 124 413
6 519 460 335 469 24 224
1 136
2 121 355
6 225 584 213 118 216 438
10 580 308 452 17 132 119 26 445 190 511
4 233 220 287 87
4 485 19 85 453
4 553 346 183 72
5 602 371 381 326 112
6 15 495 271 86 27 448
2 177 269
3 393 106 214
7 593 579 333 227 208 337 160
9 546 611 292 74 369 440 89 122 32
9 163 36 582 337 50 374 294 541 486
9 130 292 549 178 428 258 175 594 2
5 50 523 268 45 528
4 523 565 591 176
9 3 263 7 618 181 568 571 125 320
1 396
7 84 390 40 427 270 340 316
1 471
3 210 363 172
1 397
0
10 98 325 263 332 337 469 154 475 189 223
6 353 359 106 299 337 403
2 423 592
7 130 196 206 591 280 186 188
5 411 228 181 195 534
8 516 615 204 110 4 21 536 60
0
7 138 344 273 244 150 152 598
8 35 614 489 269 3 180 56 60
8 1 225 422 213 470 216 345 603
6 579 452 268 303 243 54
4 17 177 131 78
5 414 546 469 197 456
9 545 514 440 269 565 570 245 606 64
7 385 356 176 208 22 572 543
9 259 261 390 296 115 148 220 543 416
9 291 8 459 88 77 174 433 535 472
3 164 349 444
7 490 459 478 215 600 604 574
5 459 468 557 414 487
2 385 116
7 11 109 591 506 538 28 189
8 355 519 40 170 35 273 505 96
7 4 40 395 108 494 380 139
2 9 492
5 355 566 357 438 216
3 393 74 156
1 533
3 238 543 440
2 154 303
4 539 44 396 526
9 449 67 265 105 435 90 568 506 510
5 529 227 326 535 350
2 396 167
0
4 545 177 349 573
8 98 579 482 428 403 337 242 595
6 547 45 335 50 117 190
5 59 512 173 476 328
2 502 360
2 4 564
4 371 101 547 304
3 603 438 118
10 451 102 328 107 131 207 80 20 473 288
4 203 508 318 278
10 161 70 427 300 558 463 498 468 407 569
5 338 597 54 303 232
6 98 109 238 111 378 315
3 388 247 104
5 169 187 270 415 430
0
7 34 550 305 21 119 510 159
8 259 452 231 227 79 216 477 32
6 611 292 240 80 474 444
10 386 39 490 224 478 275 474 92 318 64
7 2 423 460 174 24 605 512
4 18 572 309 607
1 252
8 161 454 489 393 344 570 507 543
7 37 106 14 240 211 574 159
6 355 164 265 532 62 63
3 241 555 77
8 545 323 102 527 177 277 217 319
3 273 321 391
7 428 239 432 562 532 183 412
5 202 468 231 207 384
9 613 583 137 370 403 278 215 377 261
5 249 532 364 489 552
8 98 549 583 306 159 375 125 63
1 246
4 49 290 316 583
1 215
3 345 222 344
5 273 377 300 78 406
4 82 391 338 528
8 354 392 616 140 272 81 402 576
0
1 336
2 492 96
7 557 429 531 25 571 316 510
3 451 452 272
2 106 44
8 612 45 356 85 86 57 509 542
1 423
3 93 290 397
9 3 36 614 368 593 405 310 412 607
8 38 519 334 401 436 344 575 224
8 257 321 42 523 304 344 313 350
7 359 168 177 245 534 441 220
10 163 260 453 134 276 460 112 228 151 543
1 446
7 353 297 142 143 48 499 90
6 164 165 102 104 491 467
3 501 348 485
9 537 244 44 178 243 596 54 281 574
4 299 556 389 486
3 220 117 120
5 268 452 302 119 608
5 145 554 501 94 15
6 385 326 328 246 215 410
6 612 39 471 442 510 192
4 481 293 102 104
1 492
9 130 355 520 169 205 489 468 598 444
9 98 162 75 243 147 84 246 505 542
7 196 42 395 462 371 121 159
9 419 453 393 139 174 594 19 604 223
10 481 412 390 455 490 269 270 80 209 508
9 130 136 330 203 80 338 375 144 224
0
3 166 151 512
1 375
8 52 452 7 487 73 116 59 508
2 185 62
8 230 359 136 429 600 348 285 575
1 618
7 290 391 168 9 138 496 374
5 41 441 107 148 35
5 467 99 357 470 264
7 294 487 328 396 81 542 63
7 421 135 244 236 431 464 276
10 36 229 295 615 553 170 208 536 62 352
4 602 555 501 454
10 418 483 580 423 258 586 557 305 420 312
4 413 412 589 494
1 277
3 426 227 599
5 264 224 437 327 552
8 418 380 615 327 616 491 520 124
9 325 397 82 500 181 441 59 316 512
5 185 618 74 594 344
0
1 198
10 34 323 132 134 360 80 530 180 348 189
6 151 425 141 430 311 542
8 421 361 235 302 591 434 213 282
5 315 524 507 228 14
3 145 547 499
8 483 555 399 113 180 218 27 446
6 579 484 583 459 268 303
7 417 198 487 200 551 473 442
4 73 538 478 329
3 523 117 120
6 297 10 174 308 470 576
0
4 313 585 119 80
9 545 170 268 308 150 279 570 286 320
4 41 482 539 287
1 226
9 196 183 520 111 156 591 407 572 352
0
5 458 267 413 357 359
8 554 555 109 526 111 176 242 89
9 578 328 8 203 424 475 348 523 160
10 161 604 486 196 31 408 348 382 95 358
2 58 374
2 149 110
6 290 136 73 237 248 380
2 506 338
3 601 333 95
5 482 523 164 85 47
7 193 290 578 302 86 311 351
6 194 357 24 312 411 348
10 328 42 556 13 80 374 439 592 605 447
8 227 585 365 334 335 368 502 608
10 257 113 98 460 207 112 49 369 243 604
4 89 618 155 220
1 252
8 1 65 41 138 205 47 340 405
7 33 460 47 145 533 502 28
5 209 258 132 345 508
3 191 111 159
8 33 358 584 210 183 509 286 480
8 294 135 210 270 274 218 125 224
1 515
5 234 221 389 62 183
5 373 276 253 534 479
3 225 12 420
0
0
4 138 348 279 455
8 547 38 135 510 117 344 188 222
9 71 488 522 331 77 244 373 171 543
2 478 359
2 500 150
6 161 331 527 597 86 309
6 481 198 361 557 142 316
0
4 545 243 476 56
10 259 454 103 272 306 502 311 57 382 118
6 353 360 200 13 79 567
2 580 360
0
7 33 172 590 111 408 506 352
6 264 42 270 435 404 64
0
7 361 396 462 596 280 60 606
8 604 389 392 527 54 229 92 255
10 451 37 10 398 50 212 138 506 318 575
5 330 448 236 398 470
0
7 513 577 188 108 17 435 572
8 103 616 554 107 332 25 286 160
9 492 70 460 174 336 212 501 374 92
0
8 546 76 397 398 48 433 403 511
4 137 488 478 48
6 547 230 175 278 315 349
4 602 347 428 114
9 354 66 49 146 116 437 342 341 190
4 365 182 487 152
4 226 284 479 432
0
2 357 71
0
6 200 525 403 561 531 347
10 482 36 40 431 68 415 119 442 189 447
2 418 308
3 515 405 222
9 481 396 488 200 402 116 313 332 32
6 67 132 230 267 428 6
3 577 78 560
9 289 132 391 88 243 340 568 91 62
7 97 452 455 168 525 216 512
9 578 452 38 585 427 498 346 587 198
3 273 323 477
0
10 1 98 386 207 240 18 565 87 592 191
4 210 572 453 208
9 225 261 265 557 431 536 477 286 383
5 113 362 203 613 47
0
2 29 254
1 320
4 34 195 140 530
10 390 296 361 554 139 136 62 571 381 542
8 483 69 296 137 335 431 58 421
4 249 433 87 440
2 319 191
9 322 68 2 296 553 271 83 527 350
3 246 199 80
10 194 516 199 235 559 17 116 184 218 29
5 153 313 356 589 14
5 315 72 67 575 368
6 482 615 290 11 238 288
3 260 279 55
7 66 261 294 200 361 461 539
5 409 338 413 93 114
10 610 616 298 139 211 234 473 220 350 395
0
7 577 452 329 458 210 536 346
9 548 40 173 473 117 537 92 477 543
9 468 460 141 527 148 278 506 154 160
2 555 380
0
4 122 211 388 264
10 194 4 519 42 557 560 405 279 490 352
2 196 220
5 433 410 523 429 142
4 377 243 515 107
7 482 323 458 139 401 57 128
2 598 16
9 33 453 295 461 436 592 564 500 442
1 341
8 552 561 22 440 185 26 350 447
1 264
9 259 423 329 203 387 239 305 312 576
3 149 157 117
5 113 75 5 239 279
9 418 453 363 173 431 596 88 123 317
4 34 131 174 374
9 1 228 197 46 590 178 20 186 444
5 548 596 148 381 167
4 427 461 46 392
7 292 368 178 228 309 48 350
10 611 267 364 46 414 308 526 348 541 299
10 33 552 329 74 498 243 442 59 509 510
1 327
6 161 385 97 427 400 61
6 3 487 457 398 249 59
4 209 179 376 304
3 203 565 310
2 427 493
4 369 409 524 36
6 170 174 274 473 411 541
9 129 9 490 171 374 87 22 254 544
7 133 367 597 303 184 253 62
6 136 299 78 337 148 29
5 147 364 355 403 376
6 4 9 170 463 179 373
9 52 355 517 40 559 372 150 445 318
4 65 542 111 446
8 611 456 394 176 52 341 26 448
1 163
10 355 292 11 109 255 260 342 185 159 32
0
5 593 546 464 158 400
6 203 396 303 309 216 605
0
8 610 196 98 173 145 370 404 153
4 209 34 342 40
6 35 555 364 463 470 32
8 471 106 145 407 152 155 540 191
6 513 104 617 368 156 126
5 116 580 12 165 503
3 393 61 255
8 515 581 488 302 564 55 152 189
9 162 67 231 354 459 121 58 220 192
4 412 240 583 536
9 257 483 174 16 371 246 603 510 608
8 455 361 44 48 533 567 472 317
1 227
0
10 226 199 522 590 176 593 447 312 154 287
10 193 327 75 109 206 496 369 84 366 444
0
3 283 388 416
8 359 72 361 301 237 137 435 253
8 49 487 17 370 276 150 508 287
0
4 593 242 54 128
4 50 355 500 395
5 473 33 363 468 406
6 324 202 500 340 285 606
4 51 349 479 424
10 100 613 279 455 595 467 374 55 184 153
1 92
9 385 195 5 390 13 342 119 319 70
10 450 291 100 70 457 364 57 90 29 126
7 33 241 18 243 602 410 221
9 262 200 522 434 405 88 89 544 352
5 417 288 156 45 160
10 517 298 504 558 335 307 373 184 378 96
8 1 452 263 103 10 236 119 126
0
0
5 409 537 307 477 18
5 108 306 60 366 492
2 313 510
5 535 379 565 118 239
5 474 491 148 77 319
8 385 228 261 326 146 122 574 351
2 182 55
5 41 539 476 78 367
5 123 80 255 527 536
1 552
8 193 4 552 557 440 347 540 383
0
3 521 73 93
10 545 482 291 228 41 202 493 241 393 54
5 523 532 573 95 375
2 346 592
9 197 327 263 526 435 403 23 504 606
6 4 114 13 16 18 408
7 325 40 44 341 86 313 293
8 419 71 616 520 303 56 505 571
4 289 562 469 34
9 508 413 558 372 118 119 280 604 509
5 473 481 525 342 330
7 582 271 112 273 149 92 29
4 65 289 31 553
0
2 380 40
4 513 234 281 32
5 259 520 45 487 584
2 65 416
7 193 290 259 300 461 177 25
7 259 612 76 436 211 420 88
1 113
6 34 261 459 238 16 152
1 18
5 226 523 396 453 315
3 593 490 58
8 390 263 520 361 173 471 409 27
6 449 203 370 20 503 350
0
2 569 557
4 73 101 286 502
8 291 458 280 483 176 532 106 60
10 289 292 393 138 140 113 531 345 539 447
9 70 109 174 94 286 250 478 383 160
2 589 53
8 163 197 233 398 370 563 21 190
9 197 329 332 526 18 595 55 26 508
0
4 116 156 598 568
9 290 485 426 268 209 273 51 539 127
3 618 404 96
8 70 296 553 266 14 238 51 89
8 69 298 304 371 311 505 539 605
3 395 565 110
9 388 229 40 41 301 527 124 288 448
9 108 457 492 561 44 499 278 505 246
1 584
10 394 165 167 586 331 172 119 458 188 383
4 283 269 278 512
0
7 113 68 136 425 209 530 500
10 546 419 420 487 425 522 367 9 244 320
5 273 35 349 158 319
4 177 145 496 384
3 539 389 287
0
8 547 613 167 617 238 404 87 282
2 137 461
1 24
9 485 16 209 562 85 344 181 62 479
4 521 585 252 128
6 46 561 410 59 412 224
7 417 236 136 12 439 541 232
1 419
6 291 48 303 112 240 253
0
4 363 211 535 344
7 136 202 459 399 414 188 254
1 80
8 162 483 293 551 82 499 279 538
1 207
5 554 172 165 22 216
3 491 324 421
2 145 603
6 262 47 337 474 539 507
2 598 232
2 494 232
7 103 520 46 111 50 60 31
8 514 551 341 396 565 22 186 61
0
10 388 357 198 104 367 80 466 501 187 380
2 115 460
9 257 417 584 9 234 172 193 597 60
3 382 134 230
4 193 86 159 24
10 524 69 326 331 76 279 408 409 389 475
3 457 499 341
10 385 163 164 167 458 333 276 472 542 31
2 473 175
1 329
8 517 331 224 58 357 124 189 544
10 161 483 581 168 146 459 525 528 241 114
3 425 114 97
9 196 295 588 205 594 469 598 503 222
1 579
7 1 419 55 241 210 151 125
1 408
4 274 188 477 414
4 345 89 284 336
5 370 592 276 221 450
3 242 37 335
9 6 104 524 301 463 145 18 19 510
7 226 331 184 471 24 159 576
0
1 578
3 218 155 159
7 420 15 464 81 370 244 281
7 517 426 427 47 498 215 474
4 113 19 213 118
0
4 273 300 350 88
10 163 581 135 7 291 559 336 547 215 281
9 614 232 42 459 143 305 565 554 348
10 97 322 326 106 431 503 602 442 61 543
4 155 580 470 80
3 538 477 95
1 594
10 259 549 307 336 147 89 346 283 93 224
1 532
9 483 41 364 336 377 182 185 220 502
8 417 354 427 524 209 339 59 381
9 99 132 134 425 208 246 569 123 607
0
4 5 359 327 390
6 291 295 499 27 253 443
3 65 593 598
0
0
4 57 91 197 51
0
6 614 303 368 465 403 568
8 452 167 617 196 309 313 285 352
9 70 200 74 332 430 215 124 119 480
0
9 561 451 522 365 163 81 117 342 445
2 499 467
2 390 424
6 132 391 302 402 148 312
3 443 326 366
7 613 240 215 346 570 464 32
6 98 297 617 565 248 220
7 197 167 47 593 153 219 224
3 557 534 126
1 367
7 132 262 304 468 311 223 198
5 409 515 300 132 452
7 69 393 363 272 339 52 409
8 482 485 614 279 88 218 187 64
9 609 482 547 7 359 264 13 419 398
5 545 229 584 349 480
10 193 388 358 552 203 397 593 179 469 441
6 69 391 136 587 563 310
9 260 358 139 270 430 530 245 221 319
4 297 258 163 422
0
2 321 359
6 548 6 200 617 592 562
10 355 326 522 368 275 373 535 330 569 126
6 34 525 206 467 155 318
4 28 298 108 88
