812 2 2
603 646
601 766
10 732 201 527 467 24 442 379 92 381 767
0
2 745 227
8 130 708 103 2 171 648 113 502
2 709 798
3 781 438 551
2 561 765
10 3 294 135 490 551 243 53 726 119 245
3 665 252 391
3 573 47 391
10 609 38 8 298 470 147 15 19 687 640
10 289 614 427 88 755 630 280 608 765 160
8 746 75 751 496 277 699 30 768
5 145 258 254 121 64
7 193 802 132 40 810 434 330
6 744 46 371 343 27 671
5 681 107 772 595 512
8 353 812 686 368 693 87 122 240
10 593 803 389 328 237 780 397 369 307 119
6 705 73 275 406 635 222
3 565 630 639
7 229 296 617 395 561 626 573
3 528 472 768
0
6 546 376 648 204 526 664
3 673 523 600
3 707 685 559
10 388 421 135 680 777 585 430 562 594 762
1 634
6 518 585 342 507 541 630
0
1 359
7 513 34 44 557 178 184 383
1 258
1 158
0
5 497 194 309 734 480
0
4 227 676 333 94
4 499 77 30 443
3 665 779 472
4 116 522 300 661
6 458 495 787 726 778 286
0
1 460
6 306 115 724 184 351 512
3 781 309 790
10 260 233 404 400 338 211 484 797 388 800
1 505
4 635 11 238 672
5 218 635 200 223 760
1 803
3 386 524 494
6 618 273 434 245 604 96
3 378 294 431
8 722 745 12 205 370 444 30 480
8 514 741 392 468 314 348 319 576
9 674 680 233 241 565 54 634 352 160
10 389 660 269 116 405 56 187 476 125 446
9 643 684 40 811 539 21 570 795 587
2 525 774
7 131 746 110 496 337 238 122
6 36 468 308 47 88 59
8 488 714 398 110 763 304 351 256
0
7 513 451 740 214 505 123 411
6 610 420 109 302 207 191
8 483 580 70 75 146 532 543 102
2 713 391
3 589 647 24
0
1 774
7 114 182 667 508 541 95 790
3 499 271 191
3 314 675 111
7 482 421 654 466 692 602 352
4 33 27 165 79
9 1 391 618 81 723 504 379 349 382
1 130
4 314 715 124 207
3 234 132 191
5 762 27 300 559 751
7 548 237 593 384 768 543 96
1 164
0
2 326 64
10 546 196 133 230 583 296 595 764 381 254
7 37 6 633 334 50 793 350
6 804 422 77 58 730 285
5 41 323 44 198 760
0
2 249 331
0
0
10 69 486 327 749 432 146 88 441 414 255
9 742 396 590 15 464 306 175 439 508
3 365 182 672
1 254
0
8 67 69 199 106 469 666 349 255
2 569 50
0
2 233 304
1 342
3 611 452 728
7 776 617 360 592 467 533 664
7 138 660 54 311 106 218 214
7 453 232 42 621 52 23 106
3 497 699 771
2 349 295
3 11 475 672
7 577 646 363 140 78 431 763
1 258
10 353 484 359 624 433 788 85 662 375 761
4 43 27 469 795
5 225 164 717 319 176
6 290 197 610 202 286 798
9 676 326 138 398 81 691 117 502 31
7 162 264 555 648 506 731 701
8 258 9 306 22 151 316 477 416
3 387 572 311
4 751 563 798 663
7 482 231 295 552 649 425 436
0
0
3 617 581 472
3 755 582 223
0
8 681 778 559 497 600 729 170 544
5 442 195 792 320 728
0
4 145 531 740 731
6 450 581 304 89 314 560
9 514 136 173 623 729 183 506 249 218
0
6 675 714 430 592 339 346
9 228 457 490 492 785 25 246 153 94
2 155 483
7 259 678 778 592 561 50 394
9 388 683 524 753 82 566 187 158 128
1 124
6 580 616 653 86 663 598
10 604 168 553 778 784 305 84 53 373 508
0
4 305 442 485 96
4 403 556 782 768
0
8 389 311 586 241 599 746 95 288
3 641 405 566
6 689 422 41 241 274 342
2 60 541
2 388 78
10 289 5 294 75 622 14 659 759 440 314
2 373 311
5 360 178 44 384 792
0
3 413 558 776
0
4 633 353 733 482
7 517 710 336 625 20 30 671
10 615 808 812 176 308 725 790 343 121 635
4 233 220 382 542
1 138
5 729 61 310 719 160
0
9 193 487 748 781 111 151 26 762 349
2 613 303
8 421 74 523 305 792 571 124 91
4 473 785 388 196
6 391 109 594 214 443 574
0
8 644 46 496 341 407 314 410 32
3 18 366 242
7 803 772 301 431 580 751 762
3 757 63 136
4 316 598 751 430
3 449 674 113
3 169 402 460
4 49 117 278 72
10 674 200 509 213 214 602 316 637 511 224
2 357 712
9 36 8 43 456 112 402 601 144 670
9 33 771 586 497 180 53 91 479 96
7 586 76 527 725 374 55 57
7 98 613 2 243 616 686 211
5 379 733 214 127 176
10 65 113 167 72 142 399 529 505 346 287
7 741 364 401 466 436 118 218
9 451 679 291 239 211 341 88 538 637
9 514 626 521 274 777 84 215 95 512
9 332 517 41 588 212 790 312 473 268
1 53
7 642 707 147 334 51 245 767
9 459 236 338 85 22 184 88 412 416
10 769 802 68 356 625 84 437 441 379 94
2 791 448
4 170 746 310 418
6 265 747 44 430 114 659
10 231 360 746 616 209 467 407 379 605 383
6 165 810 109 592 84 565
1 137
0
4 697 568 133 504
1 472
2 290 43
7 481 100 710 519 621 397 274
10 230 615 713 108 272 337 105 532 342 793
8 1 549 681 693 342 538 254 767
3 578 595 411
6 1 130 643 647 402 627
9 98 36 165 194 435 693 792 389 674
7 9 524 473 534 313 186 223
8 354 485 616 361 303 598 249 410
7 683 12 47 50 212 623 120
1 372
4 21 652 388 424
8 678 691 624 17 499 502 507 582
9 3 804 73 300 82 179 164 277 54
4 316 244 135 592
10 327 332 367 560 177 371 564 22 727 624
9 644 745 555 620 717 338 708 535 536
7 361 266 204 625 554 155 156
5 297 683 492 77 295
1 234
0
1 346
1 5
6 65 678 265 778 751 123
0
0
6 388 615 747 653 494 367
5 139 187 669 347 358
3 58 437 664
2 483 541
1 593
4 633 252 261 696
7 34 67 517 422 744 521 101
5 226 123 366 382 360
0
7 198 74 236 237 78 757 246
3 72 279 768
2 554 375
1 701
3 708 558 368
0
2 215 232
9 330 534 367 500 463 408 282 412 687
4 249 714 107 357
4 490 363 143 480
8 34 67 614 232 55 89 509 736
7 132 270 371 564 693 28 415
9 145 260 386 301 719 689 503 91 508
8 810 696 591 106 764 317 766 607
5 226 327 141 757 335
2 356 503
6 198 233 370 536 665 29
5 409 633 732 249 472
3 497 132 759
0
5 804 428 222 183 38
8 100 202 371 180 27 156 254 800
0
1 809
8 220 679 138 748 143 208 54 636
7 594 9 399 593 690 691 248
10 98 453 230 66 201 372 466 212 312 30
4 778 396 605 680
6 642 516 262 258 695 319
3 122 475 8
2 5 246
2 540 167
6 97 481 229 168 749 594
7 65 708 396 561 595 152 511
5 282 443 603 78 386
5 682 492 533 246 455
3 489 227 382
7 455 363 109 83 17 755 159
5 325 26 220 132 240
10 65 229 359 17 210 565 727 186 508 286
5 394 388 542 586 122
5 777 626 411 36 498
7 545 299 556 269 752 499 501
7 577 188 613 50 499 504 572
2 426 400
7 806 263 360 460 622 763 381
7 642 69 777 530 439 632 699
1 396
6 673 779 652 53 568 347
10 769 580 614 271 432 626 789 542 703 518
5 401 457 779 534 40
3 35 406 155
10 226 196 211 267 388 462 243 660 728 542
4 1 98 121 256
8 389 426 203 239 96 765 511 288
2 117 638
1 357
8 769 258 3 36 710 345 727 441
2 803 582
8 738 739 6 802 659 122 250 379
6 68 423 369 248 347 253
10 386 199 194 810 632 85 344 505 250 426
7 546 99 424 298 120 24 330
0
7 393 171 401 274 693 190 255
0
0
9 580 38 41 237 722 470 761 346 540
9 482 148 424 170 728 52 362 732 191
5 109 392 637 703 770
9 228 263 680 751 242 591 759 60 797
7 738 553 140 183 281 283 32
5 217 770 485 335 303
8 612 715 78 500 758 601 26 160
5 92 587 348 158 179
0
10 227 772 38 139 718 335 400 755 635 284
5 292 180 246 519 242
6 385 769 357 553 397 409
8 642 579 339 756 505 158 479 128
0
7 546 291 267 355 207 19 22
7 737 804 523 179 150 472 570
3 577 722 496
1 676
3 502 599 262
2 795 269
7 457 473 213 89 533 62 383
6 802 404 693 343 505 795
5 100 618 468 302 776
5 468 445 478 94 608
1 594
3 105 663 608
8 2 617 107 176 566 315 222 543
6 642 354 594 186 478 800
6 739 491 494 246 188 446
5 529 217 555 332 510
4 139 292 558 31
7 610 552 266 399 663 346 286
9 714 267 656 433 436 22 760 697 157
7 805 102 522 556 276 58 317
9 772 613 300 405 119 281 197 155 799
2 717 735
7 482 777 496 594 179 216 735
6 2 165 39 304 122 512
2 401 60
6 641 258 549 429 468 473
7 669 678 7 458 79 93 703
9 577 621 495 306 696 570 220 93 382
4 761 377 171 801
10 385 483 166 556 144 593 180 315 222 160
6 727 744 213 279 117 348
1 257
10 294 679 136 203 272 565 150 135 793 351
7 357 425 61 237 207 116 93
5 217 628 768 696 208
10 616 299 211 719 718 377 755 440 185 384
7 5 301 339 474 26 219 349
5 490 558 725 774 560
10 449 642 486 397 403 374 250 763 540 767
10 36 773 454 809 204 209 82 276 60 672
1 117
8 677 136 713 106 590 528 504 157
8 513 355 741 649 309 344 218 319
0
2 641 470
2 203 307
5 280 226 494 342 752
5 705 131 53 534 319
9 161 452 485 455 360 144 404 439 313
9 449 194 521 331 268 242 510 383 512
9 198 553 457 750 303 201 437 119 542
2 367 399
2 778 144
0
1 600
4 169 631 159 798
7 322 485 359 811 727 539 107
7 805 72 751 529 52 570 125
10 577 514 581 358 753 774 406 636 61 118
10 555 620 590 86 376 121 635 348 189 350
5 265 322 651 782 378
1 545
9 508 698 722 310 280 58 379 764 446
6 648 203 653 722 149 319
6 801 548 266 400 726 184
5 785 434 444 567 232
2 555 500
4 546 635 315 306
9 195 140 103 711 338 809 268 717 242
9 98 323 172 199 108 404 118 249 492
3 545 781 744
3 617 707 276
4 562 571 612 610
3 300 779 124
0
3 707 252 358
1 85
0
3 525 590 368
5 34 331 595 293 774
1 165
8 611 164 113 119 668 413 607 608
8 806 362 239 597 246 106 313 767
9 161 356 200 810 139 684 751 464 400
5 777 696 102 479 184
8 611 808 265 751 496 433 178 627
5 521 27 509 807 400
5 513 721 500 397 734
8 161 772 167 584 590 399 217 188
8 289 678 487 329 525 145 20 576
1 535
8 2 60 458 331 466 217 59 636
10 706 516 775 457 556 560 789 347 124 319
9 454 522 46 734 564 280 476 606 223
10 354 618 587 236 239 383 281 58 444 95
2 270 143
1 18
10 98 6 45 46 243 341 726 441 412 349
7 770 201 331 686 145 256 96
9 161 390 391 265 500 280 505 762 541
10 545 220 413 173 560 659 394 316 412 157
0
3 299 781 414
5 409 329 472 224 568
7 519 394 400 345 283 573 160
0
1 374
8 113 644 686 655 785 659 123 159
2 113 258
9 483 171 451 431 419 471 571 192 32
8 34 700 517 390 269 22 668 383
8 706 677 520 590 271 178 595 564
5 161 385 675 603 432
9 193 422 649 748 377 27 476 29 382
0
4 473 196 278 630
10 462 529 786 314 628 501 152 309 348 158
9 325 678 588 238 595 154 677 411 349
2 204 558
7 802 393 719 113 271 761 479
1 93
0
8 679 335 208 22 215 24 249 667
3 800 432 368
1 109
9 234 248 77 302 464 438 759 728 572
6 323 228 328 50 315 670
5 137 313 579 628 339
3 522 600 64
0
3 331 414 720
1 235
6 743 331 787 277 57 538
4 67 740 47 728
1 67
10 108 136 170 58 184 400 245 630 376 26
8 711 583 244 434 116 630 57 735
9 195 232 399 433 403 602 444 350 127
7 161 195 424 500 276 155 639
3 57 244 440
2 99 726
3 684 325 176
8 744 682 555 48 272 408 444 733
9 133 457 653 237 526 144 761 800 416
6 257 713 173 687 506 509
3 568 166 464
5 743 163 132 102 468
8 461 651 269 734 689 210 507 299
6 648 43 460 722 340 730
0
9 612 712 553 364 659 149 182 477 671
2 444 413
3 633 685 230
4 83 782 119 120
0
3 765 22 126
2 581 174
0
0
1 775
5 521 257 203 147 39
4 153 578 278 456
6 385 35 323 750 754 468
8 577 196 325 360 588 147 470 278
2 702 254
8 40 381 491 751 660 87 605 235
1 311
8 706 70 744 619 264 53 666 235
4 154 610 566 680
8 641 412 807 424 750 654 796 320
9 711 523 108 110 272 498 408 410 462
9 771 252 262 775 647 793 284 412 614
9 101 709 460 17 645 341 502 762 256
4 113 618 285 522
5 65 10 226 642 810
10 449 559 210 437 607 311 632 638 543 470
1 78
6 38 711 392 212 380 157
6 178 790 122 442 159 160
1 10
10 547 677 520 169 717 783 471 568 95 32
2 513 122
3 601 27 492
7 328 715 268 82 467 181 795
5 361 754 435 166 463
4 748 678 607 32
2 369 32
8 705 485 686 752 374 791 795 384
5 490 773 472 29 72
1 285
3 325 310 8
7 641 770 708 209 563 497 569
1 270
6 744 337 56 730 575 256
10 803 677 681 784 278 87 25 540 61 799
7 386 164 116 405 601 731 412
1 505
6 125 45 723 342 762 797
8 673 706 67 522 595 501 510 768
6 421 367 560 337 24 160
9 676 71 653 494 592 314 380 477 191
2 637 200
8 358 778 492 719 437 311 280 217
1 97
9 520 361 490 491 212 699 125 62 736
3 419 652 472
10 646 82 466 308 566 58 154 635 412 480
8 5 242 73 556 210 434 506 508
8 130 35 140 247 504 153 90 31
10 780 293 616 172 205 415 343 634 702 767
1 802
7 774 775 362 461 115 471 797
5 569 98 611 724 149
3 553 811 716
3 477 295 679
2 29 86
4 99 166 111 262
2 209 793
4 780 502 671 440
10 708 712 812 269 494 270 600 218 752 192
3 465 603 175
1 712
2 415 680
5 761 489 388 134 543
4 578 308 290 146
8 418 709 206 528 759 536 793 702
8 482 324 137 14 464 489 724 26
4 714 519 599 304
2 130 766
10 162 643 551 109 723 211 436 725 120 799
7 257 519 522 811 21 267 128
5 385 16 525 311 336
3 545 300 92
8 425 488 393 298 338 788 509 95
0
1 158
2 142 88
10 1 230 457 29 398 18 598 347 477 704
7 421 775 301 366 242 26 764
8 85 773 114 437 119 570 188 317
6 67 170 715 274 372 724
9 229 647 435 212 214 440 476 669 190
2 153 635
0
4 516 411 716 205
3 137 538 234
10 450 260 674 270 111 402 149 576 126 32
1 91
5 585 194 517 733 703
5 585 98 507 142 54
7 356 649 17 691 196 120 317
0
5 321 234 235 757 159
7 103 271 50 83 758 538 479
3 538 787 568
4 810 358 759 382
5 475 523 579 86 387
9 769 66 778 812 718 560 372 597 505
1 715
7 99 233 138 144 282 635 93
9 801 418 358 686 144 437 728 698 92
1 218
7 451 80 114 632 688 703 608
5 568 35 372 662 312
0
6 518 334 177 341 568 286
2 53 632
6 67 522 591 511 639 22
6 193 778 569 346 91 800
4 434 461 23 154
6 642 649 556 81 568 382
6 67 424 302 221 542 159
3 337 801 628
9 679 586 496 725 503 24 281 799 416
1 762
4 181 707 373 774
4 425 233 571 504
9 244 782 15 306 787 20 410 508 94
2 386 704
1 19
6 484 198 681 624 507 31
10 739 492 812 786 180 356 443 765 255 448
10 66 646 104 618 171 680 48 802 698 190
1 659
0
1 687
1 599
10 517 392 363 613 562 725 727 344 37 800
1 561
2 129 358
0
5 578 691 581 741 606
2 597 630
1 12
10 769 708 140 429 211 691 341 507 60 63
2 622 63
2 44 669
3 138 460 298
5 217 777 408 373 440
2 340 376
4 122 510 279 758
4 1 563 796 299
5 209 802 54 591 520
5 418 552 538 623 760
7 513 579 717 557 205 495 408
3 196 173 743
3 481 75 404
2 623 112
5 90 795 380 62 358
0
1 419
10 705 325 678 113 601 180 249 762 156 416
4 745 81 269 622
3 209 738 708
9 514 166 542 469 86 251 560 62 255
2 587 468
1 265
7 719 560 724 406 24 284 317
3 361 130 276
0
6 776 714 331 781 367 722
8 295 652 185 276 149 665 125 639
10 483 5 583 739 656 563 277 565 348 286
2 649 626
6 611 740 617 625 563 734
7 705 163 68 72 584 114 740
9 259 582 553 176 694 279 696 474 508
10 323 100 199 72 75 355 238 691 407 542
3 643 304 440
9 481 642 771 132 263 778 621 272 404
1 757
0
2 58 804
10 737 644 807 788 341 439 56 345 53 606
7 412 230 587 172 365 23 188
0
4 601 179 293 496
5 234 195 348 495 602
1 572
2 451 615
1 279
10 709 678 807 233 810 766 530 406 638 726
10 712 71 552 554 780 590 655 666 91 731
8 226 486 583 712 489 398 334 633
6 87 221 301 464 119 541
5 91 112 621 571 480
8 385 647 745 596 502 152 730 27
8 551 136 367 537 309 569 191 608
6 648 234 493 143 640 512
3 556 253 254
4 169 771 740 472
4 97 58 741 22
0
6 134 333 305 277 477 32
2 722 411
6 614 12 400 81 664 666
4 650 701 206 390
7 322 429 499 212 55 729 700
9 257 418 3 265 339 499 308 535 222
6 591 786 21 247 126 767
9 805 166 617 683 398 82 156 639 6
5 809 418 378 750 34
4 307 532 331 695
8 513 37 11 204 757 409 443 316
5 452 591 318 615 136
4 41 251 59 430
5 9 771 172 294 392
9 641 674 805 366 593 249 570 253 414
9 34 644 549 550 135 18 177 114 797
10 577 804 741 135 362 324 300 52 245 606
0
0
4 467 589 719 784
9 515 397 419 142 402 371 564 438 445
5 125 611 493 254 810
3 673 269 638
3 202 14 159
10 513 43 760 495 19 789 215 792 757 445
0
9 515 75 128 278 24 475 704 126 256
6 199 75 631 156 669 478
2 473 664
0
3 545 193 107
4 18 244 94 48
8 321 729 569 181 727 792 601 670
8 34 35 678 7 66 625 450 486
6 678 332 113 83 215 476
2 172 640
1 192
1 541
7 518 50 490 17 754 348 126
9 356 358 137 390 587 783 599 768 166
3 374 375 270
2 803 134
10 131 423 807 617 206 277 346 27 380 384
10 513 705 516 229 680 176 593 599 474 603
8 231 744 716 591 250 604 797 191
10 561 8 235 460 753 441 275 725 568 121
2 178 709
2 199 535
0
7 166 520 340 85 730 412 53
9 386 485 199 745 16 118 183 600 637
1 242
2 609 286
4 531 605 479 743
10 163 167 267 460 304 372 694 444 733 286
5 378 459 293 559 807
10 33 259 230 204 653 515 150 215 99 319
3 441 433 476
1 212
8 483 805 70 327 137 715 783 811
9 2 35 682 18 629 88 603 380 158
8 418 484 642 495 211 505 286 191
10 135 231 93 363 478 305 16 317 510 320
10 482 483 584 201 554 587 206 784 629 443
2 261 407
4 290 806 47 168
9 3 132 141 500 180 727 153 570 187
5 556 523 588 71 615
1 589
4 579 628 591 576
4 545 732 670 392
3 281 483 797
2 84 236
7 130 291 388 390 298 120 472
5 257 650 403 334 191
5 298 555 404 342 784
8 385 228 518 721 372 408 156 191
2 354 256
3 769 257 503
1 515
6 460 37 648 492 464 544
3 621 212 309
8 439 459 652 239 791 251 415 32
10 804 709 567 168 587 140 270 367 23 475
0
3 153 701 566
6 706 518 620 399 185 224
6 202 172 558 246 571 507
9 293 232 46 753 114 724 341 317 319
6 610 548 361 750 681 602
3 234 621 392
7 580 776 40 346 28 574 768
10 236 370 275 533 534 728 245 190 21 320
8 488 109 142 535 792 668 414 640
4 202 597 550 711
1 811
9 803 293 140 174 142 561 636 447 96
3 691 622 592
5 219 324 93 579 492
5 108 708 208 511 88
7 417 292 709 241 307 183 549
3 325 638 63
7 358 584 105 139 264 334 403
2 164 512
7 359 328 494 144 338 20 605
9 705 196 519 295 48 401 245 90 284
10 801 34 740 296 542 274 760 187 574 160
7 549 759 341 789 473 533 734
0
1 53
3 789 582 295
6 358 396 48 282 752 607
6 105 302 313 437 41 761
6 354 420 485 556 494 464
2 548 221
10 715 367 498 180 86 56 59 765 43 655
10 289 291 677 616 172 382 279 27 252 94
5 715 99 372 375 207
2 433 381
4 58 176 726 744
9 802 35 294 46 271 370 180 698 251
9 801 386 100 107 786 417 252 223 96
6 363 492 557 434 629 683
1 258
3 571 708 710
7 806 363 236 14 79 112 64
6 389 393 660 149 251 667
1 489
8 193 72 749 655 720 667 158 443
7 36 581 327 232 520 500 470
7 389 329 303 84 501 693 447
10 295 647 199 361 428 617 535 376 186 413
10 386 132 105 106 460 13 498 220 316 288
2 587 405
3 113 259 559
8 534 526 54 440 122 605 30 416
8 612 743 490 718 398 434 21 608
8 801 765 40 330 749 19 605 702
7 482 747 76 749 245 502 311
