897 2 2
738 436
1 235
7 422 682 335 720 691 245 655
4 497 483 612 174
8 616 302 239 718 721 722 84 758
4 177 570 85 262
10 579 324 837 588 462 816 627 181 723 528
10 529 325 81 273 105 595 790 472 26 540
3 177 434 124
2 777 627
0
8 299 812 557 275 16 114 339 350
10 801 357 879 880 49 798 602 380 221 670
4 746 715 423 464
7 367 78 239 438 155 670 704
0
1 529
3 833 230 406
2 369 789
6 426 275 430 241 339 128
8 291 358 871 541 592 338 829 288
5 841 404 261 6 712
0
0
8 101 325 842 173 850 56 645 766
6 442 421 90 730 379 702
3 545 562 131
1 564
1 95
7 807 747 114 565 630 75 416
6 802 815 710 623 818 406
1 847
9 257 396 718 878 402 248 58 699 640
10 770 867 733 76 77 387 251 828 29 573
5 891 156 333 30 47
8 417 70 103 491 657 852 309 629
5 28 67 68 467 472
1 253
1 510
4 201 506 199 817
4 514 147 284 216
8 292 357 895 169 396 495 342 511
7 643 873 579 334 723 148 598
6 36 103 681 55 346 638
1 330
0
5 706 203 508 828 264
5 108 650 152 594 776
1 882
0
10 673 258 771 584 398 655 182 707 699 607
2 532 229
8 614 669 85 535 697 636 893 30
4 106 851 827 26
10 3 391 744 9 747 47 126 530 79 62
3 377 164 119
10 403 173 243 431 563 533 345 506 123 797
8 517 425 108 461 851 532 727 773
5 729 807 756 422 623
1 825
9 226 5 326 75 333 303 274 120 767
6 817 113 81 690 342 832
9 327 778 531 467 756 438 856 697 892
7 99 140 646 716 118 60 541
5 617 699 880 102 78
7 166 653 142 113 823 315 158
6 771 100 551 663 409 411
8 513 2 818 872 562 659 246 792
0
10 55 648 748 750 335 560 345 247 409 92
1 599
5 18 363 477 94 752
4 892 609 12 870
5 633 713 888 109 64
9 229 407 487 393 881 489 645 311 794
0
8 482 3 558 594 789 153 445 32
0
2 273 139
0
8 321 785 196 654 81 534 631 792
2 165 830
2 345 491
3 386 589 79
6 547 873 556 433 242 573
7 227 871 333 270 239 751 383
10 804 101 71 583 456 489 146 595 250 286
4 2 237 159 479
2 349 278
6 644 765 652 665 445 254
9 775 138 46 783 14 463 216 576 704
9 97 358 712 107 439 248 122 158 63
1 89
0
2 377 294
7 290 549 102 552 174 438 160
7 581 200 532 535 506 316 125
2 819 662
4 108 578 356 518
9 324 327 812 335 816 338 228 640 448
4 529 274 94 424
9 897 421 294 11 144 407 794 517 608
6 745 876 463 432 573 574
3 817 326 431
0
6 482 550 546 745 584 312
10 324 317 556 237 848 376 728 761 157 702
0
8 579 6 839 423 41 434 505 28
2 99 894
0
2 876 375
3 332 333 678
7 451 171 876 181 504 251 733
5 22 820 605 574 824
9 69 74 174 433 89 599 889 606 511
3 689 396 600
8 293 487 9 266 460 539 27 95
2 187 371
6 389 775 587 780 537 447
9 360 394 30 270 846 179 630 603 254
2 209 387
8 257 322 585 138 365 367 649 283
10 417 450 548 7 11 589 565 535 59 480
2 274 869
9 36 261 701 243 117 823 888 315 349
6 519 78 818 537 892 576
2 561 188
0
10 769 677 745 181 344 25 506 284 317 53
7 321 223 470 152 765 159 544
3 114 700 144
8 36 103 364 335 465 406 215 732
10 294 522 782 84 342 503 536 573 222 838
4 457 298 459 96
6 609 66 804 616 185 91
8 5 7 623 756 794 573 702 32
7 548 14 592 690 596 181 144
10 131 572 104 844 689 722 340 213 790 220
4 666 44 508 266
2 484 96
2 569 295
10 360 329 242 526 879 782 274 180 283 573
2 762 459
9 769 70 39 454 14 142 825 16 640
2 882 247
9 194 291 200 620 846 94 700 574 64
0
3 850 759 592
9 707 549 390 871 47 822 421 511 576
8 1 865 645 870 263 530 892 861
0
3 721 3 116
4 649 181 102 311
4 729 290 659 173
5 297 386 217 373 824
2 20 110
7 733 395 49 660 246 730 285
2 476 224
3 883 141 48
8 483 840 105 345 467 118 760 217
1 220
2 866 781
4 726 407 567 632
3 659 148 128
1 160
10 12 887 221 587 780 108 599 684 669 30
10 706 424 8 717 494 16 856 282 61 798
0
0
1 82
1 194
5 533 443 885 459 224
9 322 615 745 554 299 558 784 786 20
7 231 652 814 629 694 728 798
2 772 541
9 37 74 108 493 112 788 469 557 192
0
5 803 405 678 263 24
0
10 861 746 523 365 217 757 569 252 125 382
4 843 836 291 495
3 673 609 334
9 226 771 869 553 267 13 297 19 724
7 550 749 431 596 181 381 896
4 333 188 381 327
10 547 133 615 780 208 884 24 761 443 127
10 164 40 138 648 365 878 178 763 894 767
3 707 589 488
5 445 540 829 575 760
5 785 381 550 383 80
6 450 232 201 399 95 416
5 698 388 501 406 789
7 494 432 278 183 153 590 256
6 828 647 300 892 223 640
10 874 107 76 432 600 761 349 731 253 800
10 578 613 616 587 143 49 850 602 508 721
4 707 41 483 675
3 353 13 583
6 874 173 533 248 409 416
7 449 8 586 557 23 506 154
2 377 106
7 39 498 440 505 702 95 352
0
3 894 78 558
6 484 617 877 463 208 825
9 813 173 270 816 308 693 697 639 448
4 387 164 853 224
0
9 427 332 403 591 302 754 19 120 381
1 796
1 67
5 321 508 621 846 774
9 228 682 171 846 847 304 849 596 587
7 104 682 139 561 758 55 120
0
3 737 693 239
0
4 273 858 551 744
0
3 881 129 837
2 370 654
2 605 608
0
4 491 804 275 231
0
0
4 459 348 54 142
9 610 388 189 204 79 89 188 605 508
1 100
4 674 795 652 741
4 12 45 839 103
4 281 730 556 130
1 780
5 265 306 288 335 610
9 577 393 206 181 87 217 540 702 704
1 350
6 193 401 565 54 26 381
3 100 629 63
0
8 3 580 869 267 174 689 581 587
1 82
7 301 665 147 761 222 831 896
7 312 4 775 364 211 26 410
1 394
2 323 455
9 802 610 617 212 726 728 25 218 512
10 806 231 202 440 239 176 625 24 281 63
10 486 143 141 591 303 58 443 124 894 511
5 130 410 218 373 146
7 358 746 459 849 503 633 454
4 459 268 293 888
6 262 647 680 682 627 444
3 609 43 508
8 4 331 830 185 475 221 702 319
2 348 742
9 708 713 811 204 658 819 85 824 569
9 836 485 11 145 676 697 570 171 767
1 612
10 39 71 714 141 367 753 818 759 858 700
1 700
3 244 870 303
5 369 509 573 398 384
10 497 423 450 299 398 721 369 276 154 635
4 602 445 823 805
8 98 229 424 621 595 857 37 252
0
9 325 712 276 560 84 278 504 869 604
4 580 893 871 863
3 331 501 143
0
4 113 293 679 400
2 799 728
10 641 292 521 270 655 239 211 756 470 187
9 897 589 167 170 141 78 471 554 63
3 424 229 224
7 199 783 339 246 87 441 797
1 812
3 777 722 797
4 769 274 316 423
3 849 141 757
2 596 165
0
3 535 279 392
7 705 431 592 50 598 828 214
0
10 450 165 134 237 857 435 532 119 217 735
8 193 98 198 839 232 684 464 128
0
7 129 291 138 267 630 539 299
7 685 749 849 436 856 379 571
5 17 443 109 875 295
0
2 236 781
2 858 563
4 452 333 662 639
1 418
0
0
7 514 292 299 78 850 251 171
8 867 392 530 757 536 213 283 251
6 834 259 274 20 310 604
4 787 342 667 470
1 686
5 288 107 44 263 208
7 835 549 486 173 527 309 541
6 119 585 13 372 87 27
8 197 519 840 811 52 442 250 542
0
9 549 742 585 554 590 245 534 664 861
10 609 66 3 612 290 233 684 205 849 219
2 541 248
9 708 295 103 360 234 177 338 275 380
10 764 103 200 169 202 30 617 277 80 702
9 741 328 490 366 496 20 885 121 410
0
5 130 202 373 737 224
8 674 714 877 369 596 313 671 96
4 219 93 566 7
2 138 332
6 321 356 617 844 220 416
4 153 542 679 118
9 420 233 298 171 516 20 190 63 576
9 867 164 39 680 755 532 821 343 600
2 602 80
1 106
10 835 362 396 210 531 468 534 602 667 288
2 253 352
3 810 590 336
2 122 894
5 866 539 67 123 784
5 577 794 451 396 102
1 558
4 185 382 487 864
4 20 356 838 319
8 386 519 714 107 524 432 827 316
8 881 582 328 241 721 370 95 255
4 337 522 101 520
4 843 716 819 702
10 802 343 394 19 375 825 224 670 415 38
9 548 839 818 617 138 320 211 220 448
8 674 616 777 495 84 790 891 701
0
1 635
7 99 202 782 624 858 91 190
7 3 644 293 487 238 210 475
3 384 630 56
6 322 419 647 299 821 508
4 90 334 15 392
4 753 193 171 28
0
6 609 37 856 185 699 96
4 739 791 591 687
10 776 713 650 328 29 201 693 502 597 381
1 641
7 739 868 165 848 789 346 251
7 837 235 190 87 410 732 766
0
4 642 883 430 159
5 409 876 149 878 558
1 253
4 513 557 110 591
9 641 321 164 837 486 777 301 568 384
0
6 810 653 179 21 536 606
10 481 777 526 425 469 119 505 795 668 800
4 241 339 164 326
9 483 215 520 494 496 242 567 218 671
6 388 294 426 818 503 700
5 466 99 485 854 222
10 396 390 716 590 847 370 61 766 895 768
6 129 194 579 818 819 765
1 487
1 387
7 866 6 842 267 781 889 284
7 547 747 534 443 573 203 224
2 387 639
8 260 582 619 877 762 890 475 63
8 772 837 8 748 691 245 312 574
1 511
5 737 331 500 742 336
5 556 356 53 110 663
10 279 554 204 398 510 690 74 792 746 414
4 625 722 63 167
10 769 578 803 38 712 365 144 241 628 374
10 452 517 806 170 843 430 176 403 726 378
1 57
7 388 618 395 621 430 818 493
10 739 325 872 630 517 123 764 445 126 31
1 676
7 332 101 684 519 556 500 820
7 67 680 621 656 438 125 768
9 610 35 517 168 371 467 152 445 63
5 419 68 752 11 214
0
7 705 131 40 808 497 371 856
3 835 110 270
9 515 836 712 43 206 783 312 859 126
2 263 760
1 608
0
2 401 485
4 882 189 590 40
4 841 450 780 264
7 722 78 473 441 826 253 384
6 740 589 53 90 282 223
3 298 879 255
8 35 462 785 434 884 53 600 733
10 417 156 326 650 622 468 368 484 282 28
5 705 395 758 703 582
2 569 395
5 370 132 782 70 96
1 443
3 873 443 780
9 484 261 455 745 395 205 46 433 18
6 673 356 19 150 283 541
3 713 753 799
7 835 750 632 153 58 189 159
2 275 239
3 689 76 480
0
7 2 356 716 788 25 605 576
6 332 774 73 522 684 144
6 641 684 338 537 187 732
7 268 368 633 275 601 125 608
6 486 136 13 16 274 799
10 401 739 295 842 366 145 340 599 889 252
7 545 742 169 280 723 407 312
7 97 516 870 489 842 335 79
3 474 445 858
6 778 816 180 470 336 255
9 836 742 839 680 617 301 397 819 219
8 680 330 589 783 817 85 281 350
6 35 587 524 113 438 701
3 67 45 383
9 833 673 396 742 680 364 435 84 192
2 418 667
5 553 649 206 687 216
5 665 682 331 12 611
4 512 886 751 120
10 229 363 13 175 882 533 825 572 281 704
3 273 883 44
10 759 391 553 844 174 78 48 598 247 824
3 209 36 589
6 199 360 169 173 337 884
3 850 254 674
3 577 826 823
10 337 515 454 424 392 785 690 410 38 384
0
3 282 467 68
10 631 613 166 552 430 401 246 247 510 863
5 253 836 173 854 784
5 289 658 744 634 408
0
2 321 473
7 684 294 41 492 708 567 614
9 8 682 46 271 786 21 23 760 437
4 844 799 159 96
9 578 483 36 551 152 602 763 383 32
3 1 858 135
0
9 801 290 164 65 657 435 213 279 672
8 101 203 429 78 112 371 280 570
8 456 652 398 177 626 275 824 30
6 106 560 627 183 283 95
9 578 357 487 778 492 719 754 183 61
6 194 108 879 849 157 191
4 617 193 678 353
10 484 389 550 8 522 625 404 277 856 448
9 679 681 632 696 370 695 378 474 220
0
4 90 867 423 623
3 193 417 826
8 577 540 293 715 108 790 124 701
9 485 430 175 368 210 727 794 283 157
10 231 787 431 816 818 467 597 120 861 799
1 582
10 801 418 870 674 120 301 880 244 439 696
4 25 547 808 264
2 609 260
10 722 12 461 690 243 181 759 245 136 830
5 25 202 732 509 112
7 617 108 686 785 498 22 126
10 5 554 173 334 16 210 563 150 346 406
10 35 460 837 518 684 304 884 870 861 422
9 613 776 523 152 401 119 248 184 192
5 865 770 859 134 79
7 838 490 683 428 783 851 893
7 612 421 200 205 493 82 571
6 801 518 616 528 115 822
3 345 423 199
10 129 259 69 717 239 816 177 467 432 253
5 789 171 885 606 298
0
2 170 708
10 260 165 331 751 758 805 249 794 316 61
7 1 721 714 56 625 856 539
3 593 693 871
8 385 482 99 100 393 212 504 508
0
9 456 244 748 463 178 564 120 126 192
1 721
5 553 410 540 886 386
6 260 587 592 740 375 157
5 722 603 876 294 106
7 259 389 744 494 507 509 511
6 673 583 73 116 405 440
10 131 276 840 41 874 587 15 468 664 192
10 577 802 743 329 750 143 159 599 891 447
9 482 6 12 468 56 697 635 95 736
1 576
4 626 451 267 695
6 45 687 690 435 598 889
10 740 466 585 426 108 589 50 220 317 255
5 523 284 14 151 302
4 129 1 148 590
0
9 354 228 424 233 275 22 891 764 726
9 129 706 647 551 514 376 856 889 671
7 7 362 81 471 472 666 224
3 668 61 142
9 547 72 79 48 180 758 343 478 320
2 763 56
7 482 573 77 625 88 793 477
1 172
4 633 675 356 606
10 199 264 425 523 270 750 146 407 283 222
0
1 2
8 896 198 39 458 111 56 828 166
9 706 643 745 843 195 22 666 635 507
2 106 341
6 549 491 816 884 669 670
9 609 868 61 463 241 212 470 509 895
9 257 488 267 300 559 25 281 442 638
9 673 774 393 77 205 336 337 568 320
6 642 739 615 874 783 658
1 319
7 484 140 815 822 279 382 492
1 378
2 636 36
0
10 675 420 490 780 237 818 341 887 666 607
10 33 680 318 722 787 854 826 411 316 251
6 678 14 145 439 667 542
8 865 869 166 143 336 506 251 253
10 804 453 551 679 267 647 176 753 730 221
9 801 450 838 328 651 79 381 703 896
0
10 834 742 199 519 620 335 756 405 411 444
10 258 12 678 300 717 114 309 248 891 381
0
8 803 860 823 755 278 567 664 284
9 583 649 749 625 377 280 889 733 640
2 714 823
10 641 771 807 263 104 877 181 440 697 789
4 505 330 605 160
5 521 631 806 335 400
5 129 82 715 28 623
6 610 485 521 268 243 284
1 107
10 387 870 167 3 323 564 87 572 477 224
9 577 99 872 810 680 755 723 788 730
10 161 520 472 180 85 663 888 667 191 192
10 705 273 624 753 852 661 120 441 314 539
6 841 76 89 409 157 447
8 579 772 773 687 884 344 793 895
1 23
4 395 510 767 128
4 19 699 135 400
0
9 674 874 846 432 501 343 408 188 573
4 2 424 37 258
3 167 823 854
1 15
5 626 595 237 674 786
9 1 36 581 870 8 265 49 505 698
2 482 304
7 835 390 363 627 287 375 543
7 775 683 750 21 216 57 122
5 780 761 476 262 553
7 129 331 525 534 348 702 502
6 195 593 564 308 821 632
4 177 291 439 680
9 449 321 423 455 111 116 501 760 893
3 66 835 372
2 676 800
7 867 131 595 475 188 894 544
3 612 426 668
6 523 883 532 152 281 90
5 593 436 20 702 478
6 594 820 698 602 444 287
9 268 652 786 182 601 540 349 191 342
9 321 676 210 9 168 271 18 23 413
9 485 845 80 178 469 310 665 149 188
7 805 489 623 309 575 56 799
6 801 645 686 15 89 827
6 131 269 814 846 308 891
3 217 844 269
8 449 705 355 490 844 690 629 412
10 680 523 12 141 595 405 630 634 639 342
5 852 692 483 175 198
3 349 583 727
0
0
9 162 164 697 211 853 729 826 668 286
0
9 577 73 696 688 273 244 600 112 61
8 258 134 427 527 433 278 475 486
1 203
8 134 43 620 751 499 117 859 486
10 739 516 215 842 661 118 375 825 794 539
6 609 124 301 694 634 508
4 730 149 278 111
10 513 97 423 269 173 369 755 248 154 95
4 41 875 493 680
1 666
0
8 801 737 76 307 85 214 507 32
5 4 852 469 132 655
4 113 21 68 861
0
1 462
4 697 821 719 119
1 236
7 257 290 525 435 634 606 768
1 878
4 9 67 517 584
0
10 162 772 610 202 15 546 279 458 348 864
1 55
7 706 38 232 362 655 24 604
7 321 37 295 651 396 598 57
0
8 358 457 843 655 432 305 725 192
7 79 531 399 695 697 765 95
0
2 489 407
1 868
7 676 805 74 302 335 622 881
7 419 773 134 330 366 133 128
6 417 34 229 267 467 339
9 674 645 551 76 882 275 56 217 765
9 805 6 458 813 271 529 335 380 574
7 163 779 83 568 251 60 799
4 131 397 23 279
1 818
9 1 35 740 582 716 818 51 140 640
5 626 379 316 494 758
3 411 181 408
1 52
4 349 222 423 167
8 2 69 262 649 42 364 277 728
6 578 645 834 629 160 544
8 33 387 196 261 625 440 538 317
9 167 777 845 143 432 562 213 662 183
4 690 43 293 726
1 372
5 282 859 766 446 770
6 273 292 674 460 145 735
0
8 609 549 39 416 86 311 764 352
5 817 862 231 551 407
7 646 42 498 471 890 509 670
6 360 265 529 114 122 92
6 168 681 684 526 143 850
3 600 79 544
1 268
6 371 115 86 632 218 382
8 773 333 786 21 5 597 893 799
8 546 646 810 179 408 859 91 479
5 138 483 69 814 514
6 197 170 339 15 83 349
3 290 380 312
10 611 696 751 467 725 504 601 90 764 605
1 523
1 421
0
10 385 673 380 872 129 463 81 420 335 508
4 17 715 780 151
6 323 171 308 346 764 446
5 360 753 180 810 32
2 789 527
6 732 841 701 878 380 733
2 134 318
1 135
5 897 438 107 190 456
6 611 843 505 32 191 768
3 18 197 800
5 601 379 351 311 751
8 546 580 583 589 884 441 443 672
5 266 163 268 455 50
7 581 807 296 605 788 374 541
3 545 157 782
9 34 741 780 685 46 81 567 539 64
3 173 221 126
1 133
7 257 514 518 616 372 27 125
9 801 293 567 397 80 663 377 797 511
0
2 414 742
7 588 883 784 691 884 217 378
3 10 523 491
10 453 11 620 750 819 88 377 346 91 63
10 419 612 173 587 141 495 756 309 399 634
9 358 616 41 363 8 307 723 180 893
4 337 498 891 604
2 33 334
3 140 501 415
5 313 83 157 503 200
10 451 772 229 717 238 80 854 377 158 447
3 777 571 356
7 545 226 579 700 677 625 892
6 390 523 815 497 892 768
6 850 232 45 656 210 544
0
10 7 555 372 877 404 629 598 90 320 854
4 66 364 338 544
6 362 815 222 121 496 638
5 353 689 94 423 24
5 530 723 188 246 63
2 257 662
8 641 834 776 240 214 792 540 318
5 17 851 590 411 502
0
2 427 429
4 735 788 198 767
8 674 775 137 20 87 760 26 447
7 257 2 481 655 496 623 541
10 870 618 107 305 114 853 855 699 860 797
4 548 653 462 366
6 835 590 526 401 628 375
6 482 293 434 660 859 318
2 53 358
2 754 566
7 387 581 454 780 24 825 158
10 578 127 364 204 462 655 496 470 892 511
0
5 328 147 616 110 550
9 237 436 271 345 499 852 728 505 736
2 278 703
1 601
3 834 667 351
7 716 782 17 55 377 154 124
6 424 649 488 369 53 448
9 737 516 711 456 559 304 565 250 830
1 280
2 269 15
5 81 8 291 188 720
3 657 891 360
7 169 586 302 55 536 475 542
0
5 603 540 197 492 304
0
0
4 353 124 646 631
1 603
9 195 551 397 881 723 436 789 249 189
0
3 755 86 503
0
8 41 459 846 466 694 320 668 544
0
7 294 680 593 660 853 633 640
5 377 562 683 428 66
8 642 236 333 879 690 211 153 349
0
6 705 232 209 380 894 576
3 482 477 79
10 676 487 200 523 488 438 826 893 619 694
10 482 613 811 430 882 307 213 600 378 395
5 553 322 867 341 490
10 289 609 68 554 492 173 49 533 317 256
0
3 451 275 839
7 738 356 551 292 668 477 732
4 737 788 750 887
9 738 419 836 229 168 244 188 569 444
2 623 168
8 834 101 552 877 277 127 280 95
8 549 38 744 432 22 638 671 896
4 449 337 638 742
2 331 311
9 65 99 681 748 717 142 212 475 444
4 745 610 588 264
0
6 195 357 487 460 310 567
2 89 485
2 854 414
9 643 612 808 559 260 569 826 606 576
5 443 460 77 678 263
10 609 771 872 841 206 594 406 434 414 95
2 460 479
7 356 842 272 790 23 874 798
8 742 109 590 83 153 540 222 607
3 353 768 680
9 867 168 779 653 304 243 533 215 604
6 706 397 493 206 52 695
8 417 258 279 877 178 407 57 443
4 858 53 838 688
4 184 360 502 400
10 737 268 585 349 396 148 533 285 414 160
0
0
8 706 3 578 627 852 629 313 798
1 453
2 89 643
5 165 714 860 821 159
10 776 621 686 111 401 20 694 379 318 736
7 356 680 752 338 532 727 825
6 3 132 617 798 735 736
8 355 5 583 495 408 572 317 672
4 481 57 429 480
9 769 162 776 146 814 882 859 830 31
0
10 741 138 523 303 785 307 116 279 349 638
10 193 295 489 88 626 342 888 538 384 278
5 361 573 523 861 32
10 34 836 618 412 847 50 404 796 477 126
2 699 869
2 66 720
8 839 840 492 720 273 498 179 534
5 643 500 775 247 496
0
8 34 805 102 226 241 148 86 665
5 243 680 7 727 88
9 867 588 781 846 305 434 860 349 288
10 801 840 137 47 114 404 118 472 825 477
1 699
0
6 867 199 427 850 157 863
7 868 266 221 217 189 350 160
3 33 694 832
2 101 518
0
5 281 523 173 411 687
1 713
4 194 691 231 832
10 612 842 685 784 625 853 790 504 693 374
1 667
4 531 340 805 430
3 610 551 800
3 153 115 782
2 50 781
8 706 421 270 500 467 564 568 255
8 198 487 488 137 720 625 155 478
6 258 136 237 112 312 157
6 764 11 780 634 284 384
3 104 408 688
4 601 629 622 558
3 43 190 320
3 516 94 464
10 33 2 259 327 553 395 367 382 528 606
9 641 322 677 14 15 430 353 153 511
5 18 540 294 434 32
7 459 527 433 690 52 479 736
10 268 230 841 108 495 849 24 666 732 480
8 293 811 364 593 469 57 794 512
6 708 167 201 650 402 25
4 397 813 285 26
4 673 801 827 886
4 355 472 71 216
3 361 650 875
4 585 506 158 450
3 740 479 832
0
1 692
6 545 481 227 648 440 64
10 66 36 876 815 626 596 213 731 636 219
2 285 742
10 612 860 295 79 400 852 761 59 540 416
3 321 124 428
3 394 31 562
7 678 328 329 205 818 440 70
2 540 815
4 641 419 436 158
7 837 743 585 782 110 401 563
4 162 499 581 832
2 522 36
7 40 696 656 594 888 441 168
6 804 328 8 207 182 288
9 161 36 869 858 299 431 186 773 127
8 33 162 355 164 454 680 170 484
3 641 430 231
6 97 193 717 405 253 384
4 266 182 447 352
8 649 829 238 399 560 50 189 622
0
9 706 164 775 746 684 334 210 662 56
3 722 782 479
8 483 228 365 690 755 855 792 574
5 545 821 548 309 535
9 357 74 428 781 632 731 637 298 736
0
8 579 741 649 74 596 26 379 32
8 34 675 264 328 598 410 863 224
7 679 523 208 722 244 671 352
6 327 552 685 23 158 639
3 818 135 400
