662 2 2
100 431
355 48
4 25 288 39 336
0
0
4 82 548 148 416
10 647 263 205 78 383 569 96 541 31 192
1 386
7 451 40 137 42 363 247 284
3 388 301 199
8 162 483 580 649 463 348 381 191
1 277
8 324 101 208 580 26 443 380 507
7 394 557 303 626 440 314 384
0
7 545 429 15 658 443 189 256
5 40 509 78 86 112
2 577 259
0
4 585 572 364 543
3 586 275 238
10 322 3 100 390 174 245 117 278 154 155
6 36 458 342 631 409 448
9 579 260 517 265 42 45 529 420 69
2 226 108
0
0
1 68
3 17 579 407
1 167
3 242 562 82
10 321 227 68 549 107 176 309 630 57 16
5 98 648 18 350 360
9 353 516 461 173 111 243 148 219 512
8 343 490 236 653 565 534 151 542
0
0
3 634 459 172
4 633 242 621 655
2 131 151
2 597 414
9 497 518 433 530 438 57 603 317 318
1 523
3 531 644 263
4 113 627 85 480
1 600
8 97 548 232 649 10 364 436 87
10 578 547 167 194 619 140 431 160 349 288
6 235 172 304 278 87 603
6 353 599 333 279 347 608
0
4 122 3 115 530
5 481 369 344 368 216
8 165 71 504 337 371 372 184 512
10 354 294 459 300 335 624 340 406 463 317
9 81 293 49 172 557 624 625 371 91
2 49 444
8 641 103 146 585 594 438 475 95
10 225 130 323 552 107 264 656 211 342 286
7 292 12 13 367 340 220 414
0
10 516 70 522 176 180 644 86 280 27 604
9 609 99 39 456 172 464 282 378 60
0
10 225 420 614 301 45 367 531 567 56 572
2 349 86
2 73 107
0
2 202 207
8 230 11 332 13 118 486 192 166
6 71 619 287 315 126 543
5 553 651 456 261 336
3 468 422 551
4 47 37 86 231
8 577 161 170 109 56 187 444 557
3 305 105 296
2 644 637
6 1 162 237 205 253 640
5 4 333 134 335 175
0
4 202 155 28 15
6 258 582 497 436 474 351
3 99 652 480
7 486 553 93 591 538 29 416
5 553 387 548 533 334
9 453 70 370 554 459 239 89 21 153
6 451 324 3 496 529 415
5 355 44 437 167 488
0
2 483 136
8 453 646 327 426 254 409 508 318
0
1 169
8 178 9 202 459 41 376 445 448
3 308 309 342
1 592
2 620 648
0
5 641 298 139 543 178
10 385 588 140 337 466 631 88 347 94 543
2 322 595
0
0
5 210 299 228 94 200
9 2 614 556 80 497 597 247 473 192
4 239 284 662 391
3 553 68 32
3 620 166 176
5 633 586 538 126 248
6 33 485 605 364 623 477
4 33 499 427 190
10 228 198 647 200 490 173 369 435 85 313
4 138 108 330 600
2 660 600
4 61 227 93 128
1 159
2 378 588
8 641 42 274 84 184 250 347 224
5 417 572 165 180 143
4 562 632 578 296
0
0
7 1 547 260 389 614 593 314
9 644 165 103 73 429 624 452 346 478
8 609 518 202 428 366 303 154 27
1 167
6 257 386 75 47 463 348
2 398 7
3 305 635 427
9 156 330 204 15 467 164 315 636 447
4 442 171 613 151
0
3 452 132 279
8 643 136 490 207 147 335 153 543
8 196 329 148 277 631 441 629 125
1 261
2 645 94
0
0
4 585 595 661 486
10 620 495 113 22 440 218 123 220 251 248
0
3 233 633 82
10 545 33 138 237 247 609 314 128 287 544
4 594 21 538 272
8 225 610 42 171 495 595 24 27
2 409 634
2 210 475
3 3 501 607
6 17 625 632 634 155 315
4 615 285 327 167
2 489 532
9 131 518 499 240 403 212 53 218 512
2 43 23
6 649 216 654 176 585 56
1 330
7 296 496 561 276 411 156 447
7 195 132 489 557 81 247 376
2 163 102
9 657 263 336 433 658 536 217 154 383
1 315
9 195 645 616 557 387 79 126 27 606
4 298 515 173 574
10 71 136 169 395 397 432 145 245 411 94
2 217 8
7 68 135 42 363 527 207 123
4 61 365 109 424
7 204 376 237 207 272 632 188
4 241 131 660 573
8 4 135 585 269 306 597 281 544
1 10
6 425 334 246 603 412 59
1 188
5 73 325 641 613 533
2 625 84
10 257 546 36 614 521 107 148 599 411 320
4 561 122 145 549
4 82 164 254 343
7 555 78 595 373 502 26 28
6 386 203 365 279 282 416
7 291 325 296 16 506 410 156
8 293 71 304 86 119 314 61 286
5 27 515 422 55 486
5 251 36 91 334 630
9 129 485 326 650 110 660 634 540 607
8 594 617 106 44 233 501 183 540
1 333
10 450 138 107 620 335 593 121 212 175 25
1 520
1 352
6 578 70 585 239 368 384
10 417 261 239 656 529 118 293 507 176 383
8 388 424 168 652 207 440 543 32
0
0
1 408
4 593 340 151 88
7 2 387 71 235 237 15 149
6 162 136 621 90 315 414
1 64
7 577 518 8 267 175 373 427
3 428 621 294
8 516 165 39 269 30 599 158 352
0
6 133 425 623 336 403 95
8 33 5 199 519 205 589 116 474
9 492 70 300 494 309 150 26 154 223
8 289 522 461 367 560 177 472 347
2 426 639
2 11 583
2 493 157
10 418 441 583 649 459 494 601 217 218 159
5 290 556 462 480 568
6 204 141 52 603 413 96
0
1 615
3 28 20 94
7 420 391 488 44 462 241 542
9 71 137 75 44 591 626 23 606 575
9 65 547 420 136 67 419 502 538 191
3 281 170 14
3 474 244 213
10 289 357 230 334 274 467 564 21 410 512
2 571 61
9 1 3 325 134 648 528 113 505 326
2 230 328
9 422 73 330 173 143 464 625 54 188
8 262 521 266 236 462 590 58 416
9 137 586 332 175 17 306 597 155 252
5 217 499 500 428 231
1 559
7 513 291 492 113 306 84 384
9 164 103 200 104 559 466 217 158 127
5 218 107 126 483 646
1 638
1 255
10 130 423 71 258 137 527 265 23 288 486
8 419 460 491 332 400 307 268 94
9 513 583 464 496 279 152 380 285 479
9 65 450 518 425 301 208 278 473 416
6 166 302 271 281 412 448
10 258 516 325 646 360 107 434 26 122 518
10 67 549 359 424 272 340 344 346 475 381
10 260 652 454 265 140 82 182 236 505 38
0
4 234 463 279 176
2 491 623
5 145 531 260 141 86
8 420 423 234 373 150 311 536 639
9 195 552 363 178 83 564 310 541 235
4 2 283 124 168
7 163 422 200 437 187 284 318
3 566 615 38
9 420 551 520 10 8 435 631 600 93
2 68 95
2 514 230
1 599
8 518 522 556 590 592 403 443 112
2 459 352
8 291 39 327 585 176 368 156 93
5 330 572 358 326 96
0
9 422 50 557 249 373 310 441 636 278
6 452 617 650 19 404 219
5 321 595 476 414 23
3 571 315 243
5 289 140 367 511 280
9 194 548 646 268 525 334 336 434 180
3 210 389 199
6 33 520 362 587 27 479
3 610 5 126
6 523 436 405 409 603 415
7 451 68 395 141 304 505 442
1 25
8 545 200 521 171 435 245 373 606
4 425 211 619 286
0
6 609 296 79 537 27 381
0
4 650 315 621 392
4 101 427 68 141
0
0
7 12 81 86 59 640 477 576
2 125 486
0
8 417 484 618 305 470 567 56 473
2 475 639
0
0
7 322 483 110 206 53 570 542
0
4 449 528 381 96
3 417 427 277
4 521 626 376 520
3 41 466 645
9 284 551 648 588 205 398 402 250 220
7 2 175 594 399 535 280 188
6 552 541 588 538 29 575
6 230 564 182 535 605 454
0
6 133 617 528 497 402 155
7 498 137 525 305 169 309 59
8 316 391 586 594 346 155 512 384
2 120 128
7 99 267 241 661 374 343 30
4 522 419 71 104
6 229 14 656 23 344 574
5 282 627 516 174 376
8 34 134 169 56 120 26 638 543
6 577 43 396 304 628 603
4 171 636 374 80
7 261 297 106 657 634 444 640
2 26 170
3 555 598 599
0
8 449 37 429 653 622 500 470 96
3 502 70 392
3 171 83 319
1 158
1 449
0
7 130 615 619 589 147 24 574
1 297
1 615
9 225 545 38 300 147 473 317 95 416
6 577 273 104 177 180 96
9 38 648 76 112 593 211 598 443 222
2 317 190
2 242 134
10 65 481 195 613 39 648 11 594 661 192
8 289 226 604 551 2 93 124 349
2 379 92
1 511
7 131 329 137 403 53 182 58
6 386 486 44 469 538 134
4 537 37 478 222
9 578 124 551 327 11 177 603 316 573
4 394 4 109 246
5 474 80 541 342 296
9 578 328 41 498 340 213 471 632 253
5 641 121 356 149 14
1 166
8 130 12 397 463 20 347 382 64
7 69 327 332 82 475 30 576
3 81 91 269
6 98 547 109 495 571 380
10 225 258 515 262 556 624 279 348 222 160
4 605 650 540 533
9 419 36 166 619 242 343 280 635 352
0
4 642 93 14 335
8 450 420 425 586 621 176 23 536
3 612 412 359
2 345 288
10 99 394 203 429 80 178 341 633 309 191
1 87
3 162 270 191
0
6 134 556 431 404 471 378
5 161 363 406 311 206
2 340 254
6 326 8 234 369 571 158
3 196 654 512
1 45
9 257 292 103 487 73 42 489 150 636
3 234 408 448
9 343 520 490 493 470 503 315 606 544
1 577
0
8 578 388 519 330 403 277 379 638
4 194 300 479 304
4 522 214 255 368
9 386 294 610 202 331 122 59 381 96
3 555 635 559
2 283 603
0
0
6 513 610 357 330 661 343
5 233 258 237 454 394
10 66 323 583 266 372 248 348 381 639 448
4 660 414 351 228
8 547 648 457 74 593 114 211 340
9 104 588 335 656 339 279 121 125 192
6 422 234 400 273 658 29
8 3 389 131 458 204 558 202 443
5 177 661 429 367 352
6 81 67 71 104 273 503
1 346
9 9 42 235 534 113 214 474 511 406
2 66 599
6 386 37 231 298 590 256
10 292 166 617 202 209 596 566 411 541 30
6 161 259 476 329 629 636
2 580 205
5 162 115 124 525 238
10 193 354 547 233 267 44 77 82 372 256
2 188 127
2 440 24
3 468 62 104
2 553 85
4 554 234 533 106
7 138 300 335 630 151 250 635
1 468
2 596 389
4 578 403 164 141
1 340
5 436 180 255 511 376
3 57 259 118
9 44 197 73 332 207 240 373 439 213
2 475 84
3 602 268 514
9 450 88 233 440 274 20 437 184 571
7 417 165 234 77 561 121 605
8 132 201 108 206 472 26 27 253
7 454 169 556 119 378 475 288
3 1 553 515
3 403 29 566
0
2 74 524
2 497 606
0
7 549 495 627 281 261 187 60
10 36 550 615 489 458 300 463 339 284 416
1 505
0
7 642 166 423 361 362 173 534
0
3 273 134 206
1 469
7 161 199 295 233 620 342 158
9 363 397 113 373 504 442 540 221 94
5 76 508 239 551 192
2 186 40
2 465 297
1 215
5 241 8 657 48 112
8 324 649 73 374 56 475 126 288
5 609 427 620 6 416
7 513 163 197 167 556 19 92
2 423 560
10 547 244 550 520 492 365 112 212 217 123
4 28 159 551 376
6 328 331 626 468 600 543
1 199
6 643 294 456 109 54 60
0
4 2 557 479 127
9 225 291 521 341 438 279 441 282 188
9 215 130 196 294 231 109 373 599 57
5 602 643 573 646 637
6 197 40 404 537 379 448
10 450 228 199 297 586 429 19 57 126 319
7 385 263 76 276 374 247 351
1 590
6 167 168 75 571 63 352
5 340 75 380 150 367
6 291 365 271 49 54 572
7 68 550 76 656 260 502 478
1 636
6 514 39 11 247 91 157
6 199 589 142 469 282 412
9 577 227 494 112 451 547 373 506 608
1 247
8 66 75 364 400 532 628 29 478
10 385 296 169 74 555 76 14 531 447 128
2 193 367
7 580 357 457 629 536 253 96
0
3 578 100 333
8 450 260 105 560 24 121 315 542
4 578 51 405 218
2 391 592
0
1 239
5 257 235 4 383 384
3 305 653 14
0
1 445
2 332 181
2 377 350
10 513 578 420 421 241 657 372 23 187 511
8 578 452 421 490 622 337 202 506
3 41 269 365
3 319 214 655
4 162 156 90 232
0
9 482 44 295 200 201 300 205 112 377
6 226 387 610 621 53 119
6 513 237 45 654 284 575
5 171 596 109 183 16
2 145 467
4 573 133 430 400
2 486 638
6 226 580 53 536 91 125
5 217 611 580 141 424
8 450 39 269 430 275 415 31 224
3 171 396 328
5 10 38 613 374 654
6 104 218 508 62 95 480
0
8 357 390 491 399 368 436 281 220
2 506 471
8 648 300 205 623 88 185 347 512
0
5 513 434 656 152 240
8 40 333 623 368 121 19 89 60
4 489 99 611 118
1 20
8 161 228 422 651 305 530 215 331
9 44 486 72 267 428 272 374 40 573
10 135 167 426 174 626 149 503 154 416 288
3 378 659 144
1 572
9 545 322 220 107 590 177 498 452 188
6 517 585 139 300 239 384
9 604 198 7 74 17 659 121 572 646
1 488
1 112
7 225 609 584 649 22 475 60
2 457 525
0
5 154 656 285 70 14
3 323 582 80
1 284
1 454
1 489
5 329 609 75 235 232
2 641 585
8 369 46 271 176 337 181 118 29
3 433 456 8
5 457 651 364 579 476
4 257 211 645 278
4 4 661 95 272
6 132 614 169 405 250 160
1 559
8 33 428 460 209 644 215 602 364
0
8 417 393 493 338 659 565 251 156
7 449 417 261 360 406 349 214
2 406 176
9 614 147 351 346 314 347 316 478 95
5 545 305 539 115 158
7 548 551 29 592 82 253 575
1 167
1 237
8 262 298 300 461 660 346 59 317
8 226 451 100 243 246 503 345 158
4 378 12 133 39
1 476
3 161 553 215
1 422
9 293 134 525 244 247 472 281 410 30
3 537 430 271
3 384 613 256
2 644 472
4 441 219 501 47
4 329 597 349 502
0
6 556 275 590 306 307 314
4 546 339 444 326
8 451 266 79 147 52 367 27 510
8 451 68 37 499 374 471 59 320
0
7 97 578 387 661 277 541 222
5 4 208 182 655 174
2 569 368
5 34 531 574 279 202
9 324 35 356 134 171 387 243 308 248
8 609 209 133 34 271 369 353 374
3 193 182 528
7 582 295 392 619 301 532 39
4 33 48 572 424
6 611 330 531 372 120 447
7 97 67 196 137 555 140 608
1 520
10 455 103 554 171 461 275 437 600 28 38
3 386 155 211
6 101 102 557 530 215 604
10 483 260 425 362 308 148 22 252 285 62
7 612 549 76 622 81 660 349
3 497 329 231
10 321 358 396 592 180 560 59 572 93 62
2 613 22
6 641 34 228 626 435 221
4 522 164 119 492
3 371 46 64
6 65 522 395 306 340 23
7 234 88 109 113 440 249 383
10 99 582 329 355 579 78 558 220 318 63
1 310
1 355
5 243 268 85 131 135
2 577 333
9 497 324 102 457 11 524 625 152 378
2 261 21
5 194 155 590 383 56
6 163 520 42 651 397 471
0
6 610 227 458 306 537 540
0
10 450 163 228 101 486 270 273 132 59 93
2 220 647
10 516 422 521 330 525 414 498 132 560 318
1 475
3 108 446 640
8 549 391 552 621 494 532 599 90
4 577 547 198 520
10 642 132 167 522 556 77 304 627 154 352
2 602 327
7 547 260 453 519 526 624 471
4 225 58 554 432
6 3 324 554 11 525 74
8 235 142 303 560 401 278 410 223
3 465 59 180
4 453 438 535 80
0
9 262 404 590 240 180 149 122 635 592
5 633 550 126 655 336
1 350
0
1 626
5 234 67 366 167 536
9 294 615 592 51 341 442 250 635 414
3 249 419 438
5 601 330 241 647 448
0
9 483 453 498 297 216 590 497 370 24
1 631
9 260 389 425 495 505 186 382 31 96
3 361 279 648
7 458 533 470 184 252 638 448
1 381
9 581 230 489 108 526 207 113 342 93
0
3 641 637 254
2 625 205
2 291 213
1 173
4 177 602 136 256
4 209 555 516 422
1 502
5 241 370 499 444 183
10 418 548 235 172 623 351 376 511 28 191
2 162 47
6 449 74 204 274 499 535
7 641 513 420 262 459 492 623
3 260 534 232
2 353 578
5 89 225 444 597 44
4 443 564 333 383
4 522 380 182 560
9 492 101 332 430 500 595 596 445 544
9 546 183 45 400 466 467 181 406 87
2 149 63
7 646 556 239 48 531 216 464
0
6 183 296 40 368 535 92
0
9 417 226 74 139 526 145 149 377 220
9 418 516 42 335 19 356 21 536 281
7 388 390 265 340 533 150 575
10 227 452 301 653 48 469 89 219 317 126
4 129 188 342 488
