613 2 2
590 78
433 53
2 129 613
7 304 118 55 282 144 510 278
0
2 553 250
4 39 70 159 608
6 424 232 399 208 306 406
9 355 580 357 40 300 119 88 541 447
3 219 83 539
8 518 583 424 431 309 122 60 93
5 313 554 44 430 312
2 150 8
3 260 164 232
9 547 102 108 243 598 407 184 124 470
0
8 257 361 274 105 268 143 210 252
3 66 59 53
5 601 435 221 310 496
0
0
1 237
6 513 2 456 129 592 216
9 356 109 271 592 466 595 52 21 608
6 291 356 75 305 278 95
1 270
7 289 274 139 242 439 122 222
1 445
7 266 14 464 594 375 58 224
5 433 457 323 124 141
7 5 456 138 558 376 569 602
3 227 599 336
10 481 227 519 522 587 588 182 120 317 384
9 420 517 504 371 179 376 574 447 192
3 325 301 263
9 450 165 167 72 43 168 258 179 509
8 545 459 485 171 592 310 253 222
2 499 366
9 609 226 487 482 238 402 84 565 479
6 420 556 533 54 568 284
1 373
9 225 197 527 500 401 564 24 508 445
6 196 70 201 182 220 319
7 98 265 239 214 157 62 480
2 180 109
8 67 452 201 341 343 506 541 32
8 612 294 201 82 250 346 571 574
1 468
0
9 355 550 359 425 255 377 603 575 566
5 225 417 324 518 190
5 514 307 596 79 328
10 323 228 134 242 77 397 178 22 471 506
10 356 422 429 79 592 49 114 213 88 381
4 387 613 67 592
0
6 581 399 403 293 220 605
1 145
4 228 213 230 496
6 546 436 20 87 24 192
2 225 221
6 481 482 455 359 397 185
2 178 516
9 386 355 452 307 401 210 275 369 222
5 289 435 236 107 336
1 505
0
8 134 71 466 23 121 156 541 390
7 193 130 452 453 354 393 599
0
8 1 202 524 559 601 314 59 255
5 602 556 605 261 440
1 90
7 584 426 367 403 213 408 156
2 18 40
5 425 162 427 244 139
5 249 370 425 430 128
2 402 495
9 193 311 304 401 51 213 543 439 479
7 136 489 558 596 533 379 288
6 100 136 367 148 124 444
7 609 164 365 273 146 87 346
9 73 408 237 526 367 274 245 566 472
5 463 123 542 599 336
10 356 229 70 297 170 336 307 373 375 613
2 388 46
3 299 236 192
1 301
8 386 293 583 332 595 468 540 287
7 291 424 493 276 246 312 316
1 73
10 98 452 584 428 274 112 562 313 348 383
8 325 550 169 559 339 372 219 416
7 386 422 269 430 400 117 336
3 76 63 112
2 298 349
7 74 269 19 214 471 317 351
6 226 66 202 299 272 119
6 519 205 78 18 275 62
5 289 482 365 415 423
4 273 112 78 46
3 410 564 344
1 588
0
9 578 135 490 526 185 310 345 604 224
10 98 136 553 363 238 270 177 521 569 90
3 305 46 271
3 601 190 448
10 355 261 445 611 399 431 344 26 381 63
6 33 11 335 443 383 576
1 85
8 599 491 542 51 534 407 220 222
10 385 257 165 70 600 173 118 312 251 91
10 385 101 605 468 598 485 315 381 187 543
0
2 324 509
6 17 492 369 182 87 544
7 168 81 467 213 443 444 411
10 609 385 547 426 335 465 84 281 186 542
9 1 357 326 72 10 588 177 467 543
7 385 326 521 429 591 425 602
1 384
0
3 565 205 136
4 182 347 126 278
7 357 487 458 302 238 532 59
3 306 231 544
7 195 585 493 239 345 409 509
2 308 207
9 161 38 296 527 240 145 559 220 382
1 448
8 321 38 233 78 542 117 411 347
2 22 423
0
9 356 71 404 164 533 374 314 509 31
1 176
8 99 390 586 84 248 538 351 544
0
4 408 221 607 248
7 165 264 203 206 47 560 252
8 2 263 144 274 248 506 251 543
9 65 529 366 271 400 49 378 112 544
10 226 46 526 50 20 570 144 285 31 160
0
2 191 520
4 569 162 339 251
1 430
3 257 442 215
5 241 298 299 233 46
4 275 46 455 176
0
5 490 355 21 6 373
2 181 303
0
6 194 517 180 299 276 533
1 247
3 75 444 446
2 251 133
1 86
10 419 358 61 110 567 554 377 283 188 541
4 18 279 374 479
9 546 391 266 555 44 113 277 58 218
3 257 26 5
6 289 390 460 80 406 543
4 10 195 197 179
7 289 358 241 115 26 381 191
4 121 345 93 607
4 186 347 316 445
7 259 100 286 468 376 314 606
0
1 164
7 129 258 582 463 22 95 422
6 267 17 185 250 251 320
10 161 195 229 325 204 271 607 26 574 287
7 100 197 583 425 11 559 81
5 324 94 382 575 22
2 234 78
1 438
3 505 226 78
6 360 42 460 302 89 319
7 612 137 237 595 562 435 474
6 197 395 526 566 345 94
8 418 132 198 263 74 107 432 85
0
7 514 8 303 560 82 26 352
10 193 297 107 594 339 191 279 41 253 255
5 219 252 85 518 591
9 321 450 324 493 144 246 568 592 86
5 41 178 331 508 370
2 327 32
8 232 587 431 594 147 374 218 315
3 323 60 583
4 41 34 493 254
7 65 450 99 267 590 213 380
10 545 330 240 433 383 409 156 93 350 415
9 3 228 293 12 531 68 154 349 190
4 322 91 351 434
0
1 93
3 522 453 496
6 451 234 16 177 278 313
3 266 323 224
10 322 455 461 526 431 373 511 407 378 159
3 178 60 328
8 545 76 480 376 124 413 190 160
4 529 595 108 61
2 153 255
1 466
2 210 168
8 113 453 172 401 594 19 23 184
7 132 199 426 589 142 529 602
3 506 405 431
5 437 101 422 78 400
9 422 11 44 530 211 372 55 249 27
0
6 549 331 398 594 342 191
2 170 63
8 417 481 263 137 400 361 475 158
4 89 90 445 56
5 364 580 294 87 8
9 229 518 137 368 211 255 448 479 326
3 25 419 605
2 105 40
5 345 426 78 521 121
8 514 38 331 560 243 437 316 191
8 546 261 172 83 341 214 191 64
7 353 284 338 51 182 567 444
1 152
0
8 580 491 526 527 369 468 399 282
0
2 609 325
10 449 610 611 487 137 205 502 55 577 191
0
4 162 243 461 111
1 367
3 11 372 206
8 161 454 7 334 563 212 504 286
3 267 309 471
0
4 145 219 148 261
10 1 132 391 586 460 592 564 22 510 448
1 125
0
0
8 1 345 434 184 89 315 61 607
7 97 586 205 564 278 154 479
9 226 228 200 202 431 191 59 284 447
0
9 140 518 253 524 397 371 599 458 381
1 146
4 554 320 246 448
4 138 596 20 610
10 117 582 363 332 142 335 405 215 313 149
4 41 306 427 502
9 165 358 393 554 145 21 183 60 415
7 355 40 302 48 180 311 128
10 353 258 420 485 386 463 599 344 5 576
9 258 164 581 71 73 77 310 319 288
8 419 244 553 591 372 375 602 91
6 296 425 76 149 598 32
1 346
7 325 535 298 272 53 87 608
2 265 339
3 433 547 40
1 533
4 570 582 591 16
8 355 170 299 590 26 27 317 315
0
9 514 387 356 423 10 368 403 440 478
9 39 487 233 238 51 568 570 443 346
3 2 326 398
5 409 43 276 86 135
2 322 317
4 274 509 543 24
1 164
2 610 356
3 554 163 176
9 3 202 11 332 558 527 10 330 576
2 534 280
2 77 431
0
1 231
1 456
4 356 301 134 16
1 99
3 513 128 176
5 377 2 355 221 534
5 546 83 332 333 370
0
4 561 18 475 463
6 298 302 431 400 467 116
3 537 347 182
5 91 324 165 550 403
8 17 326 497 185 84 502 313 157
1 176
8 164 101 71 74 269 238 250 511
2 156 71
2 579 373
4 137 242 315 115
3 97 561 499
1 21
4 217 125 550 544
9 39 583 269 498 499 537 92 542 320
10 611 392 265 555 109 22 279 440 253 607
3 217 55 591
6 481 551 554 173 367 311
6 561 548 267 305 219 254
0
4 345 362 140 583
4 106 202 515 266
8 226 151 578 200 595 115 374 407
9 451 36 263 296 302 147 538 223 96
2 233 4
0
7 299 236 139 347 221 94 352
2 352 176
1 527
3 113 83 429
7 323 102 105 12 530 404 265
3 294 487 334
2 514 82
6 135 15 178 57 346 604
8 294 298 331 557 78 531 446 95
2 453 23
0
8 582 587 172 147 345 288 543 128
3 449 265 480
4 379 280 246 384
5 322 596 69 79 72
1 112
8 265 268 208 85 535 565 187 475
9 417 299 204 153 115 569 444 510 448
10 450 69 295 551 109 591 146 344 313 443
4 106 19 421 168
3 101 135 32
1 225
8 451 37 275 109 558 174 467 187
2 1 247
1 279
2 233 464
8 611 268 113 466 52 342 184 569
5 178 271 68 62 503
0
7 513 483 294 41 335 81 445
3 220 261 199
3 422 47 470
3 25 506 495
2 290 429
4 186 252 229 192
4 146 499 5 255
2 325 304
10 35 101 200 267 131 563 213 118 517 27
6 387 202 559 113 444 575
6 105 362 235 370 407 249
0
3 130 244 600
0
3 531 197 496
10 294 489 266 267 542 562 187 189 606 447
8 323 358 522 237 47 144 598 283
6 140 173 80 348 126 351
1 354
7 162 67 40 364 208 25 28
1 422
10 321 231 103 587 397 117 121 603 412 574
4 377 588 101 456
6 385 453 236 141 529 339
6 353 522 142 400 146 88
8 69 390 541 335 56 539 189 518
1 216
5 474 284 109 572 346
0
2 84 172
4 113 435 559 16
7 585 542 20 283 92 285 94
4 57 298 599 544
3 154 219 124
3 570 423 103
2 289 207
5 363 212 557 499 38
8 485 199 295 45 405 215 121 539
0
10 513 521 461 559 80 127 345 123 91 607
2 235 308
7 264 105 267 400 598 152 377
0
5 127 109 430 231 431
1 187
3 297 466 57
9 613 519 456 138 328 112 279 362 160
7 200 427 428 601 441 348 477
10 1 482 247 105 466 181 246 215 218 125
10 230 490 363 208 50 340 503 538 380 573
2 10 14
8 483 136 299 237 79 596 608 544
0
5 233 280 368 253 304
6 578 392 562 546 222 448
9 292 262 40 77 303 431 239 504 351
1 377
0
6 449 162 483 19 598 576
10 417 163 72 174 369 562 182 279 504 160
5 417 234 250 5 40
9 2 580 232 239 56 539 476 541 512
7 100 517 473 281 197 318 192
2 105 113
0
4 123 516 494 152
6 581 395 588 269 271 401
8 98 456 234 302 528 475 351 512
6 237 249 499 374 25 158
3 97 67 436
9 100 458 175 560 178 403 468 571 158
2 62 182
7 130 357 573 274 372 282 93
5 281 353 203 487 200
6 269 558 505 315 158 95
4 353 241 540 381
5 26 91 565 599 512
2 389 605
10 439 295 146 332 141 594 147 596 247 62
2 310 232
10 257 296 42 402 185 499 409 410 222 32
3 437 254 136
5 481 211 324 278 584
9 545 305 5 369 114 340 214 123 446
1 357
6 177 392 239 112 561 480
9 130 524 237 334 144 405 441 190 287
8 261 390 7 328 137 333 274 469
1 105
2 593 580
0
7 540 583 396 240 252 380 223
5 593 90 245 471 520
9 225 291 556 269 240 593 535 185 432
9 612 133 331 500 84 535 27 379 607
5 386 36 383 471 504
3 129 586 144
6 98 135 343 121 316 544
1 243
9 1 482 231 11 556 560 598 601 445
9 358 7 72 329 555 552 564 185 288
0
8 199 555 524 174 280 348 478 287
8 261 552 141 113 274 56 613 607
9 577 264 110 464 437 471 149 222 224
8 417 463 532 118 219 284 509 598
10 515 199 227 369 51 181 538 602 347 92
2 195 421
10 546 547 164 2 552 364 369 83 218 123
0
4 26 245 5 378
8 326 590 304 572 413 510 319 352
9 450 485 405 302 85 570 309 283 156
6 458 44 397 462 431 600
9 451 103 520 107 79 590 15 497 278
2 226 333
9 515 102 461 142 80 243 22 537 381
7 210 125 274 89 90 187 61
0
0
8 388 421 294 171 499 314 122 125
7 289 609 227 425 372 536 126
6 327 48 339 405 155 158
5 545 499 36 117 172
0
5 178 19 198 159 112
10 482 326 578 398 591 466 568 411 476 384
8 257 321 198 104 138 492 561 466
1 273
10 193 582 172 79 176 532 439 26 606 415
7 97 292 266 591 562 346 320
0
8 198 233 396 436 531 52 120 255
9 258 236 30 432 86 414 118 318 512
3 611 525 267
8 329 172 303 273 530 415 599 287
0
2 105 106
3 369 243 544
5 36 84 308 463 312
1 4
10 258 124 458 459 558 212 507 444 61 448
1 199
8 580 581 73 56 416 94 511 608
6 259 393 201 371 372 56
9 162 328 9 268 429 207 340 598 605
5 441 410 76 102 87
1 25
6 129 291 358 296 524 439
6 38 392 298 112 383 607
4 99 36 270 48
8 482 188 581 6 583 16 497 124
7 578 3 523 12 515 498 90
9 549 327 427 525 46 50 87 152 159
8 551 300 334 303 150 474 218 603
1 39
2 115 357
2 593 289
10 66 294 77 269 17 212 25 283 429 102
8 195 179 7 264 307 78 371 382
9 225 581 151 103 566 87 120 27 124
3 219 533 576
1 299
2 610 187
5 4 322 475 348 439
1 139
1 185
6 40 73 49 244 311 184
2 324 295
5 305 90 515 230 270
10 546 231 168 365 523 524 77 434 339 342
6 428 12 13 464 565 406
6 260 343 297 116 535 122
1 316
7 292 492 495 276 376 222 448
10 513 132 549 134 401 502 183 345 543 6
5 281 481 596 423 212
10 202 48 55 504 544 122 304 542 511 608
5 393 604 60 391 512
1 420
3 113 139 37
8 290 227 132 584 512 220 158 608
7 231 75 177 402 512 93 384
3 331 404 135
0
3 409 171 600
7 33 230 7 552 204 505 348
1 203
5 73 249 374 183 464
6 340 21 216 473 573 608
10 65 36 136 559 463 434 531 340 79 92
1 2
4 498 148 461 527
1 369
7 513 130 268 366 528 83 500
6 129 361 108 333 443 254
6 355 486 328 395 367 341
5 386 348 381 503 79
7 332 587 396 301 178 218 318
6 452 71 521 554 49 543
4 185 483 319 408
9 460 551 8 203 584 239 350 331 456
8 130 452 39 401 612 248 507 92
0
5 178 565 581 406 160
4 393 458 499 111
9 134 519 330 12 143 272 434 554 347
4 450 451 292 534
3 315 253 494
10 108 199 171 556 527 529 339 533 570 347
2 329 544
7 260 489 493 49 541 351 352
2 186 23
6 100 37 329 388 184 165
6 364 527 274 502 535 540
2 434 197
10 449 67 5 390 13 143 436 21 184 319
8 195 294 46 306 119 472 379 605
2 69 319
5 553 49 475 425 398
4 433 397 6 288
3 570 339 216
9 66 75 204 432 501 407 377 48 413
8 169 74 274 436 277 279 539 412
7 226 207 176 371 245 407 313
8 354 99 231 13 302 21 54 30
4 385 413 471 80
6 70 487 233 272 401 188
2 426 344
5 553 340 372 406 607
7 133 332 13 143 146 26 282
4 561 9 244 86
3 83 53 64
5 564 571 508 541 272
4 538 374 271 424
7 549 362 75 77 465 342 311
9 467 335 211 535 58 379 604 510 288
7 551 41 52 214 569 572 224
7 389 486 519 200 266 530 572
7 292 583 429 558 113 594 115
1 201
9 577 322 259 14 238 340 407 154 61
7 7 328 496 468 345 412 224
1 40
5 154 43 101 342 447
10 129 258 167 546 73 313 276 597 569 283
5 93 444 357 40 2
9 49 232 337 532 52 377 506 188 93
5 225 221 463 391 104
1 290
3 418 39 199
9 388 133 428 238 49 308 277 503 92
3 97 141 566
6 236 142 48 529 149 311
7 168 169 527 543 568 575 128
3 145 173 399
0
6 451 566 208 22 413 118
2 603 110
1 219
6 387 112 371 436 27 560
5 201 139 60 390 47
8 97 34 38 214 248 29 446 95
0
7 1 417 203 83 308 540 575
1 285
10 1 163 452 611 366 401 595 246 216 278
4 129 386 83 58
5 324 251 452 500 64
6 163 519 528 372 309 93
0
