731 2 2
273 102
634 5
5 657 451 60 406 30
4 115 515 531 331
2 82 371
10 65 546 75 493 432 531 213 566 281 309
2 154 206
8 643 18 360 41 648 146 277 311
9 424 395 13 655 82 149 89 437 62
0
5 674 467 308 69 292
6 40 406 444 701 446 127
1 197
10 516 268 493 174 432 696 89 730 447 32
8 420 294 330 428 721 632 254 64
0
8 65 325 317 76 461 238 241 157
8 519 364 591 19 182 311 571 540
2 705 294
4 629 126 271 488
9 37 713 45 721 9 692 444 190 127
2 285 448
10 515 260 101 103 330 48 407 411 509 64
8 644 649 362 524 73 565 280 124
0
5 571 461 62 127 163
0
1 334
6 353 392 689 692 284 127
0
10 393 650 397 398 48 530 470 665 220 383
7 76 359 39 332 466 441 512
4 169 602 643 534
6 641 449 298 496 437 27
0
2 133 445
0
3 19 392 344
8 609 7 714 432 721 245 698 573
1 255
2 571 141
2 81 88
10 188 714 173 271 542 273 342 379 464 382
2 322 690
0
1 585
0
2 443 623
2 202 43
3 586 575 714
9 641 673 708 70 360 681 233 181 442
3 153 292 612
3 338 447 416
4 137 125 294 238
5 521 138 458 101 482
3 444 557 327
9 237 397 14 345 404 246 537 634 155
9 674 390 8 73 525 209 53 376 31
1 120
1 603
10 290 99 198 263 650 235 371 505 282 475
2 635 448
6 7 495 501 15 633 350
9 547 200 106 331 552 497 242 170 255
6 680 137 490 399 20 570
1 99
2 660 398
2 149 502
4 619 524 685 731
5 339 292 45 463 591
10 705 260 709 137 650 561 671 407 389 63
10 609 713 42 395 208 625 425 147 491 127
1 218
0
4 570 332 31 706
1 106
6 578 488 425 618 146 383
10 353 465 291 133 70 621 112 209 278 703
10 387 228 11 145 43 695 186 381 254 448
9 227 165 12 685 131 466 340 151 91
4 669 467 405 237
0
8 35 516 615 519 15 408 154 262
0
7 419 519 619 44 689 372 267
7 229 713 654 656 25 377 255
5 76 211 547 390 584
9 163 331 697 48 498 601 698 299 190
2 474 584
7 712 14 691 310 700 286 319
10 214 422 201 279 147 22 87 124 447 6
10 545 386 485 646 137 106 651 145 346 478
5 498 566 550 471 230
5 65 299 464 349 432
8 390 110 430 530 55 473 510 350
5 9 209 423 687 514
0
10 324 5 560 273 562 374 511 379 125 639
8 645 233 349 717 239 119 509 511
10 581 331 302 592 51 596 31 187 445 703
2 646 608
6 353 210 213 566 634 59
0
8 71 556 273 596 117 184 665 64
2 518 712
8 197 361 299 510 393 180 187 523
10 98 284 135 366 16 532 400 438 439 592
8 99 262 681 266 592 246 62 63
5 162 269 654 686 328
6 196 582 426 46 116 188
1 600
1 173
1 653
7 133 523 430 53 663 505 94
5 473 349 206 111 304
2 652 269
6 546 2 472 474 573 640
5 203 619 691 247 120
0
2 61 7
4 522 5 622 352
0
8 139 717 590 398 657 471 154 319
2 69 158
0
9 545 419 196 263 136 201 402 105 575
0
7 130 678 681 560 624 510 415
6 518 105 142 54 313 256
8 390 328 233 362 144 533 504 729
4 345 328 311 152
8 99 456 490 52 245 602 189 608
1 202
4 469 692 709 160
9 33 36 230 50 112 433 530 52 376
10 545 324 487 265 304 721 41 36 533 640
2 172 197
10 291 41 77 14 297 308 378 153 58 252
5 314 116 132 550 261
6 459 524 697 695 537 250
0
2 89 279
3 285 255 463
5 282 700 270 678 496
10 642 614 212 226 691 370 339 84 311 284
3 133 399 431
0
8 420 456 424 75 684 496 248 608
6 673 10 665 90 123 94
9 705 225 700 485 74 556 367 480 288
0
8 2 166 585 266 206 624 633 571
3 466 3 478
1 124
2 23 375
9 620 265 76 181 341 376 634 412 477
7 453 38 391 397 366 527 79
7 35 38 41 716 501 119 60
6 396 525 495 439 540 160
0
0
2 331 559
0
2 238 384
0
3 11 20 614
3 524 541 180
9 481 552 13 89 563 534 664 441 118
6 431 146 627 55 600 345
0
5 697 362 244 686 639
0
10 136 426 363 264 590 431 336 243 111 376
7 72 587 16 561 314 700 192
6 548 646 335 177 562 158
0
8 513 519 233 458 108 47 702 703
7 708 682 428 467 499 346 319
8 554 366 145 532 340 566 407 478
4 49 474 516 112
9 5 390 199 712 586 109 111 533 128
8 515 421 173 591 149 37 477 640
1 245
4 25 709 606 647
10 67 613 6 722 54 664 218 477 639 278
2 276 645
7 367 402 630 601 91 604 254
3 725 718 400
5 441 681 308 494 199
10 674 259 420 425 202 201 68 247 26 671
5 618 551 382 319 320
8 709 710 586 172 371 340 502 634
6 436 491 718 625 52 331
9 289 450 645 297 65 493 462 688 437
9 322 370 362 459 143 121 682 505 29
6 400 241 562 19 87 443
3 33 247 447
2 329 682
7 577 395 462 338 500 662 256
3 46 391 8
2 273 338
2 308 672
6 485 592 469 696 731 509
6 69 247 402 311 731 479
10 452 235 175 222 625 307 23 299 107 416
7 643 580 649 619 373 602 191
7 418 515 269 462 643 222 288
8 65 40 75 318 213 663 285 139
9 418 326 176 435 342 119 24 221 31
3 25 533 375
0
4 595 524 662 168
10 718 398 463 176 275 311 512 704 415 96
9 289 87 136 584 44 655 597 567 474
6 38 650 174 113 183 330
9 322 131 292 395 274 96 88 640 704
5 65 731 651 611 470
3 73 486 303
8 325 553 41 182 421 283 93 187
0
8 587 294 327 202 491 699 350 608
10 675 709 295 202 717 534 345 581 508 607
2 172 728
8 642 356 423 104 13 270 249 575
4 195 348 383 552
5 686 506 557 326 280
0
8 449 508 125 400 532 344 60 317
2 9 35
4 241 130 182 574
5 420 661 654 175 496
7 673 388 294 394 173 721 117
2 569 580
3 411 364 39
9 322 420 485 458 13 398 397 517 571
5 640 104 600 572 120
9 113 231 162 689 403 727 250 601 26
10 168 9 170 77 270 690 407 57 380 447
3 81 441 267
7 546 67 169 273 631 632 508
7 649 459 527 82 22 570 541
3 162 275 62
6 486 522 685 654 250 158
3 361 683 12
4 201 130 411 230
9 673 514 4 649 590 368 658 346 383
8 227 394 460 48 52 373 635 383
7 577 376 138 332 209 260 120
5 505 682 174 119 672
0
10 321 356 197 138 619 204 589 708 630 503
8 100 647 71 493 462 662 535 185
4 194 396 479 658
7 325 489 529 598 695 665 352
4 497 282 639 247
2 214 359
3 332 149 631
8 225 548 51 688 307 580 125 414
8 259 13 431 272 84 374 508 352
6 289 2 651 595 660 342
5 649 512 486 279 536
5 306 60 413 198 234
10 129 648 650 8 430 561 576 352 349 544
9 628 642 588 226 201 620 302 228 309
1 123
3 138 556 438
5 337 210 122 303 168
1 520
8 258 71 239 16 117 662 343 153
7 130 520 181 437 667 251 671
4 97 386 653 170
10 482 67 453 520 340 684 78 308 278 510
10 161 519 712 365 435 564 410 92 93 31
5 569 402 366 377 600
3 507 423 663
5 9 602 331 509 511
5 42 27 236 542 56
7 517 327 43 528 372 312 122
6 354 36 9 304 370 378
7 609 599 23 472 473 251 93
10 676 455 359 40 713 308 346 409 186 573
8 197 367 208 722 532 160 478 64
5 97 306 423 719 362
3 650 100 232
5 425 699 668 27 328
10 226 230 104 41 587 339 535 409 635 638
3 300 351 295
2 270 182
3 338 483 42
6 133 678 588 593 692 636
3 680 293 224
7 232 329 522 591 722 505 155
6 452 40 460 405 87 313
3 228 582 656
3 257 223 88
2 137 196
7 578 260 43 452 181 701 542
1 561
3 267 564 533
1 253
7 417 10 461 151 281 186 637
0
0
8 705 36 263 519 621 630 219 352
5 409 408 672 655 464
3 25 698 85
2 707 462
0
5 145 241 259 8 144
0
10 293 74 715 657 181 569 379 220 541 352
1 179
2 98 448
9 359 461 497 722 565 475 668 382 640
8 290 679 585 591 86 472 606 416
0
6 385 486 414 498 381 318
9 487 425 554 464 628 438 567 700 542
5 289 34 236 614 544
7 389 300 595 567 26 350 127
5 210 171 180 530 184
2 33 671
10 1 194 390 650 659 564 119 604 125 223
8 132 613 119 528 435 215 475 688
3 514 427 120
5 506 403 254 431 288
1 75
3 67 37 591
6 454 489 621 374 315 156
1 171
9 68 677 622 526 690 405 313 637 62
9 371 168 204 110 339 212 27 224 640
10 705 712 189 203 716 50 380 221 30 416
8 417 323 552 559 692 150 439 696
9 705 610 230 127 596 182 441 122 639
5 65 213 124 5 140
8 449 556 489 299 76 434 20 32
0
4 170 507 302 536
4 17 50 28 670
8 162 322 233 430 432 509 158 288
1 463
1 688
6 71 363 402 662 91 607
3 225 50 462
5 377 299 644 286 663
7 65 548 171 268 208 437 603
0
10 644 550 488 106 548 596 314 282 283 415
3 299 52 355
3 188 591 599
9 18 681 621 233 307 118 343 669 223
4 53 283 725 128
3 402 535 600
1 334
5 578 324 124 278 714
7 226 583 137 684 623 20 383
8 417 72 618 140 430 431 369 18
9 641 257 235 81 371 662 29 574 543
8 258 348 421 552 208 368 246 636
4 658 708 21 278
4 667 108 518 511
6 8 171 172 406 473 731
7 391 424 598 87 345 444 350
9 679 359 360 136 269 112 696 126 256
7 129 709 488 274 309 406 694
7 205 720 666 506 252 704 640
6 616 458 331 699 60 541
1 563
6 484 199 457 140 341 26
0
1 82
0
6 580 498 140 50 154 416
6 325 40 681 336 561 540
3 489 123 173
1 127
2 52 542
9 412 357 714 47 273 441 604 413 128
2 721 724
5 418 93 309 125 200
8 37 135 525 302 246 568 410 285
5 49 397 224 493 480
3 73 570 708
7 228 710 497 85 342 702 54
10 609 708 156 109 192 435 213 444 93 96
8 262 679 330 47 16 383 221 671
1 643
7 228 137 661 373 318 447 352
2 193 691
8 642 419 680 713 236 20 25 445
3 12 237 222
1 381
7 323 485 553 266 489 74 569
0
6 450 644 436 26 571 667
2 199 336
9 228 7 588 245 629 220 157 63 224
5 257 35 116 581 432
9 386 420 269 14 655 238 373 303 480
8 417 421 266 555 240 18 307 373
0
7 586 398 467 87 632 91 157
2 388 669
4 249 482 525 16
3 548 446 328
2 419 723
5 442 475 549 614 608
6 273 648 113 114 406 542
10 482 293 231 457 630 473 442 91 59 32
4 1 11 580 599
5 235 107 108 639 335
7 100 713 585 398 210 599 601
1 463
1 15
10 229 714 620 237 721 125 277 26 669 525
3 569 275 352
4 3 53 695 8
0
9 33 514 645 683 112 370 691 153 363
5 521 372 294 200 136
0
0
10 418 357 683 269 686 433 23 728 282 220
4 636 250 372 24
10 67 295 498 478 49 466 403 501 317 446
8 261 679 648 233 12 271 498 123
3 101 333 614
6 97 38 169 84 22 637
9 545 226 127 167 622 144 83 302 447
0
5 610 179 324 475 79
0
1 530
5 268 266 148 727 513
1 446
2 275 236
8 200 617 426 139 558 654 690 288
8 354 418 113 17 375 121 573 224
7 195 549 646 168 434 435 565
2 322 496
9 257 579 677 486 137 430 528 465 480
1 236
1 553
7 548 581 9 462 210 180 416
2 453 279
3 341 550 704
1 381
2 547 629
4 67 140 437 184
10 643 677 6 395 175 496 529 571 413 222
0
5 293 51 493 231 682
4 45 291 205 87
7 642 167 10 363 622 116 330
7 358 143 272 181 566 215 153
0
2 196 527
9 130 550 521 50 403 468 409 26 508
6 7 85 730 28 510 96
6 618 523 76 564 444 683
6 130 581 624 275 596 633
0
5 25 682 284 161 482
9 167 82 332 237 238 114 183 186 442
7 675 645 230 332 208 307 134
3 370 191 407
7 131 580 262 359 305 506 604
4 545 589 221 634
0
6 578 614 298 365 655 113
3 441 490 653
7 167 306 370 146 211 276 54
5 554 452 133 286 274
0
1 606
10 129 102 137 171 461 240 241 585 533 601
10 545 578 35 421 588 471 729 635 479 608
0
0
7 609 37 329 587 526 457 85
4 338 200 406 34
7 706 148 590 559 212 280 539
0
2 125 576
5 442 219 436 557 631
0
8 228 549 77 301 687 695 472 348
6 360 597 342 695 570 640
9 516 453 42 655 708 565 28 605 94
6 33 706 657 531 381 190
2 634 83
4 505 706 106 458
6 162 677 530 51 606 672
9 169 171 492 241 88 729 283 350 32
9 225 679 462 623 240 154 282 220 32
1 257
2 611 381
0
4 353 2 556 726
1 197
8 39 589 495 113 85 694 213 30
4 138 130 126 70
9 74 139 109 48 53 727 24 159 160
4 402 2 638 98
5 250 132 469 103 464
3 626 59 398
6 353 7 553 702 530 670
2 715 509
5 249 418 292 367 295
2 553 194
6 584 460 243 212 533 670
4 669 637 326 543
7 169 144 279 314 156 637 224
1 359
7 650 683 525 590 370 472 282
3 57 428 212
5 369 545 492 661 96
2 577 627
0
5 369 609 339 669 51
1 566
3 121 523 692
10 3 252 390 679 298 172 720 338 507 188
5 293 376 173 470 526
6 513 546 422 301 530 21
1 534
9 579 613 713 656 51 246 503 639 662
5 562 179 23 95 698
5 81 570 268 367 492
7 436 438 280 668 670 159 86
3 92 182 174
6 2 229 331 147 235 416
2 189 39
7 673 677 144 691 214 151 312
1 158
2 621 398
4 73 141 574 168
1 427
8 483 548 298 205 46 338 377 191
5 59 436 669 3 86
2 381 317
6 289 258 452 62 560 222
7 134 176 659 84 149 603 413
0
3 657 539 85
4 314 414 422 342
4 201 194 163 191
8 297 587 268 718 591 304 113 319
0
0
10 228 6 295 525 721 726 90 410 352 192
9 354 547 357 109 419 112 276 222 287
7 709 137 44 532 437 54 63
10 387 268 427 492 16 593 502 379 447 608
3 203 503 560
10 645 151 72 522 343 88 412 381 30 576
8 66 678 266 690 284 445 190 576
7 69 200 361 496 521 24 511
9 356 552 553 363 204 436 246 472 413
9 482 616 529 562 181 150 309 606 448
2 689 166
1 538
7 641 708 651 524 87 697 428
2 451 28
0
6 227 5 3 398 572 573
6 394 694 375 714 250 95
5 657 308 147 35 142
9 353 547 102 712 363 461 630 346 406
3 713 389 40
2 170 296
8 385 301 462 526 598 156 701 640
9 386 100 300 461 270 153 307 249 253
6 546 579 522 528 440 282
3 594 700 512
9 259 420 295 167 244 143 432 180 90
9 545 642 546 587 496 408 347 28 219
3 402 238 344
8 97 364 488 202 588 12 725 574
0
0
0
10 260 615 329 702 534 570 27 30 31 703
9 230 73 714 18 371 632 380 573 384
0
8 707 101 488 301 131 335 67 605
0
2 380 312
0
6 261 679 50 658 600 474
0
3 434 637 477
8 194 38 713 664 205 54 600 313
5 602 648 693 158 280
10 52 515 324 292 651 13 689 692 394 185
0
4 313 362 148 166
2 244 229
1 442
6 481 260 264 396 437 119
8 260 651 203 120 442 187 299 287
2 562 424
6 101 232 527 56 89 160
0
2 409 187
5 698 101 407 127 573
2 89 297
7 322 709 300 623 182 730 448
3 19 304 632
3 569 322 180
0
1 36
1 433
6 133 393 267 109 307 599
4 265 506 54 642
7 424 75 126 248 124 704 384
1 483
3 367 247 120
3 489 13 335
4 329 675 131 248
4 130 437 397 381
10 682 107 718 432 50 277 554 170 331 32
9 517 518 72 329 234 683 332 688 478
3 678 255 192
10 196 613 81 665 469 599 313 701 511 544
7 547 102 72 336 372 413 358
1 254
1 429
6 491 268 339 240 435 314
0
7 293 358 687 116 695 69 539
5 147 396 494 7 640
5 133 251 509 406 560
8 450 552 521 366 14 503 632 382
6 195 172 457 268 368 210
8 514 647 106 76 111 51 56 60
6 418 37 648 650 374 160
6 116 518 596 214 572 502
9 100 229 457 171 12 121 549 477 510
2 180 270
8 236 454 328 329 44 302 499 667
1 106
7 707 708 581 679 40 554 653
0
7 262 141 395 461 142 465 728
7 594 553 523 80 178 282 256
6 609 559 592 26 189 511
4 121 338 598 24
6 624 622 14 81 662 444
3 699 132 204
9 230 142 574 243 724 277 469 656 670
10 5 200 525 367 722 340 279 473 702 639
0
6 163 458 116 502 408 214
9 225 8 16 177 116 630 217 240 255
0
5 449 404 693 452 228
6 129 483 108 497 695 252
6 18 297 242 117 28 256
3 2 133 246
1 533
9 225 277 712 657 338 21 122 117 671
2 134 32
4 673 722 196 276
1 401
2 549 272
3 649 499 103
9 417 648 298 429 366 109 597 219 286
2 628 637
1 688
3 468 694 511
2 118 384
4 657 380 710 567
6 355 100 200 596 310 663
7 705 452 394 142 211 630 125
9 66 418 45 126 305 244 703 670 95
9 327 73 524 143 17 114 726 25 378
7 421 70 209 89 700 6 96
1 658
6 194 201 331 563 502 472
2 355 60
2 562 347
10 129 35 391 264 171 369 695 381 638 287
6 430 240 660 536 476 287
0
6 489 527 242 544 287 224
3 290 283 324
8 165 40 457 331 590 656 489 55
4 184 525 62 456
9 353 514 166 648 491 141 402 247 346
3 441 286 511
1 108
3 522 694 666
4 18 724 319 240
0
5 457 682 483 637 574
9 614 617 632 209 466 724 214 344 150
5 113 515 688 6 680
7 322 451 69 334 206 52 501
8 289 642 195 73 653 385 212 413
3 270 279 96
8 643 133 271 432 17 277 567 312
5 297 394 261 25 288
10 577 265 589 656 498 432 250 240 222 383
7 357 648 169 389 186 645 640
2 189 487
3 514 324 424
8 610 34 8 718 721 546 91 689
7 676 198 437 342 184 668 447
2 339 165
10 289 553 554 717 142 660 533 119 362 447
4 73 345 30 479
4 593 169 429 8
1 19
7 228 370 684 50 356 663 350
1 680
6 657 311 687 17 497 183
5 12 140 388 464 48
9 581 168 558 86 728 26 731 286 447
2 574 559
7 327 297 686 143 462 539 368
1 260
1 436
6 67 170 269 665 505 410
1 299
3 586 136 608
7 550 140 338 563 118 698 668
10 481 417 36 425 401 297 595 100 152 446
10 68 425 12 561 108 661 409 571 254 443
4 552 604 720 160
5 419 397 366 71 86
4 561 449 285 520
