72
10000 10000
10001 10002
9998 10001
9999 9999
10003 10004
10004 10003
9995 10004
10006 10005
10007 10007
10007 9993
9993 9993
9993 10007
10009 10000
9991 10000
10000 10009
10000 9991
9992 10000
10008 10000
9993 10000
10007 10000
9994 10000
10006 10000
9995 10000
10005 10000
9996 10000
10004 10000
9997 10000
10003 10000
9998 10000
10002 10000
9999 10000
10001 10000
10000 9992
10000 10008
10000 9993
10000 10007
10000 9994
10000 10006
10000 9995
10000 10005
10000 9996
10000 10004
10000 9997
10000 10003
10000 9998
10000 10002
10000 9999
10000 10001
10001 10001
10002 10002
10003 10003
10004 10004
10005 10005
10006 10006
10001 9999
10002 9998
10003 9997
10004 9996
10005 9995
10006 9994
9999 10001
9998 10002
9997 10003
9996 10004
9995 10005
9994 10006
9999 9999
9998 9998
9997 9997
9996 9996
9995 9995
9994 9994
